ID,YEAR,MONTH,DAY,DAPR,MDPR,PRCP,SNOW,SNWD,TMAX,TMIN,TOBS,WT01,WT03,WT04,WT05,WT08,WT14,WT16,WT18
USC00043491,1905,1,1,,,-9999.0,0.0,,-9999.0,,,,,,,,,,
USC00043491,1905,1,10,,,-9999.0,0.0,,-9999.0,,,,,,,,,,
USC00043491,1905,1,11,,,-9999.0,0.0,,-9999.0,,,,,,,,,,
USC00043491,1905,1,12,,,-9999.0,0.0,,-9999.0,,,,,,,,,,
USC00043491,1905,1,13,,,-9999.0,0.0,,-9999.0,,,,,,,,,,
USC00043491,1905,1,14,,,-9999.0,0.0,,-9999.0,,,,,,,,,,
USC00043491,1905,1,15,,,-9999.0,0.0,,-9999.0,,,,,,,,,,
USC00043491,1905,1,16,,,-9999.0,0.0,,-9999.0,,,,,,,,,,
USC00043491,1905,1,17,,,-9999.0,0.0,,-9999.0,,,,,,,,,,
USC00043491,1905,1,18,,,-9999.0,0.0,,-9999.0,,,,,,,,,,
USC00043491,1905,1,19,,,-9999.0,0.0,,-9999.0,,,,,,,,,,
USC00043491,1905,1,2,,,-9999.0,0.0,,-9999.0,,,,,,,,,,
USC00043491,1905,1,20,,,-9999.0,0.0,,-9999.0,,,,,,,,,,
USC00043491,1905,1,21,,,-9999.0,0.0,,-9999.0,,,,,,,,,,
USC00043491,1905,1,22,,,511.0,0.0,,-9999.0,,,,,,,,,,
USC00043491,1905,1,23,,,-9999.0,0.0,,-9999.0,,,,,,,,,,
USC00043491,1905,1,24,,,-9999.0,0.0,,-9999.0,,,,,,,,,,
USC00043491,1905,1,25,,,-9999.0,0.0,,-9999.0,,,,,,,,,,
USC00043491,1905,1,26,,,-9999.0,0.0,,-9999.0,,,,,,,,,,
USC00043491,1905,1,27,,,-9999.0,0.0,,-9999.0,,,,,,,,,,
USC00043491,1905,1,28,,,-9999.0,0.0,,-9999.0,,,,,,,,,,
USC00043491,1905,1,29,,,-9999.0,0.0,,-9999.0,,,,,,,,,,
USC00043491,1905,1,3,,,-9999.0,0.0,,194.0,,,,,,,,,,
USC00043491,1905,1,30,,,-9999.0,0.0,,-9999.0,,,,,,,,,,
USC00043491,1905,1,31,,,-9999.0,0.0,,-9999.0,,,,,,,,,,
USC00043491,1905,1,4,,,-9999.0,0.0,,-9999.0,,,,,,,,,,
USC00043491,1905,1,5,,,-9999.0,0.0,,-9999.0,,,,,,,,,,
USC00043491,1905,1,6,,,-9999.0,0.0,,-9999.0,,,,,,,,,,
USC00043491,1905,1,7,,,-9999.0,0.0,,-9999.0,,,,,,,,,,
USC00043491,1905,1,8,,,-9999.0,0.0,,-9999.0,,,,,,,,,,
USC00043491,1905,1,9,,,-9999.0,0.0,,-9999.0,,,,,,,,,,
USC00043491,1905,2,1,,,-9999.0,,,-9999.0,-9999.0,,,,,,,,,
USC00043491,1905,2,10,,,-9999.0,,,-9999.0,-9999.0,,,,,,,,,
USC00043491,1905,2,11,,,-9999.0,,,-9999.0,-9999.0,,,,,,,,,
USC00043491,1905,2,12,,,-9999.0,,,-9999.0,-22.0,,,,,,,,,
USC00043491,1905,2,13,,,-9999.0,,,-9999.0,-9999.0,,,,,,,,,
USC00043491,1905,2,14,,,-9999.0,,,-9999.0,-9999.0,,,,,,,,,
USC00043491,1905,2,15,,,-9999.0,,,-9999.0,-9999.0,,,,,,,,,
USC00043491,1905,2,16,,,-9999.0,,,-9999.0,-9999.0,,,,,,,,,
USC00043491,1905,2,17,,,-9999.0,,,-9999.0,-9999.0,,,,,,,,,
USC00043491,1905,2,18,,,-9999.0,,,-9999.0,-9999.0,,,,,,,,,
USC00043491,1905,2,19,,,-9999.0,,,-9999.0,-9999.0,,,,,,,,,
USC00043491,1905,2,2,,,528.0,,,-9999.0,-9999.0,,,,,,,,,
USC00043491,1905,2,20,,,-9999.0,,,-9999.0,-9999.0,,,,,,,,,
USC00043491,1905,2,21,,,-9999.0,,,-9999.0,-9999.0,,,,,,,,,
USC00043491,1905,2,22,,,-9999.0,,,-9999.0,-9999.0,,,,,,,,,
USC00043491,1905,2,23,,,-9999.0,,,-9999.0,-9999.0,,,,,,,,,
USC00043491,1905,2,24,,,-9999.0,,,-9999.0,-9999.0,,,,,,,,,
USC00043491,1905,2,25,,,-9999.0,,,-9999.0,-9999.0,,,,,,,,,
USC00043491,1905,2,26,,,-9999.0,,,228.0,-9999.0,,,,,,,,,
USC00043491,1905,2,27,,,-9999.0,,,-9999.0,-9999.0,,,,,,,,,
USC00043491,1905,2,28,,,-9999.0,,,-9999.0,-9999.0,,,,,,,,,
USC00043491,1905,2,29,,,-9999.0,,,-9999.0,-9999.0,,,,,,,,,
USC00043491,1905,2,3,,,-9999.0,,,-9999.0,-9999.0,,,,,,,,,
USC00043491,1905,2,30,,,-9999.0,,,-9999.0,-9999.0,,,,,,,,,
USC00043491,1905,2,31,,,-9999.0,,,-9999.0,-9999.0,,,,,,,,,
USC00043491,1905,2,4,,,-9999.0,,,-9999.0,-9999.0,,,,,,,,,
USC00043491,1905,2,5,,,-9999.0,,,-9999.0,-9999.0,,,,,,,,,
USC00043491,1905,2,6,,,-9999.0,,,-9999.0,-9999.0,,,,,,,,,
USC00043491,1905,2,7,,,-9999.0,,,-9999.0,-9999.0,,,,,,,,,
USC00043491,1905,2,8,,,-9999.0,,,-9999.0,-9999.0,,,,,,,,,
USC00043491,1905,2,9,,,-9999.0,,,-9999.0,-9999.0,,,,,,,,,
USC00043491,1905,3,1,,,0.0,0.0,-9999.0,222.0,56.0,,,,,,,,-9999.0,
USC00043491,1905,3,10,,,0.0,0.0,-9999.0,144.0,67.0,,,,,,,,-9999.0,
USC00043491,1905,3,11,,,0.0,0.0,-9999.0,133.0,50.0,,,,,,,,-9999.0,
USC00043491,1905,3,12,,,0.0,0.0,-9999.0,139.0,44.0,,,,,,,,-9999.0,
USC00043491,1905,3,13,,,279.0,0.0,-9999.0,133.0,44.0,,,,,,,,-9999.0,
USC00043491,1905,3,14,,,267.0,0.0,-9999.0,128.0,44.0,,,,,,,,-9999.0,
USC00043491,1905,3,15,,,0.0,0.0,-9999.0,111.0,39.0,,,,,,,,-9999.0,
USC00043491,1905,3,16,,,0.0,0.0,-9999.0,172.0,56.0,,,,,,,,-9999.0,
USC00043491,1905,3,17,,,76.0,0.0,-9999.0,128.0,61.0,,,,,,,,-9999.0,
USC00043491,1905,3,18,,,122.0,0.0,-9999.0,106.0,39.0,,,,,,,,1.0,
USC00043491,1905,3,19,,,495.0,0.0,-9999.0,117.0,6.0,,,,,,,,1.0,
USC00043491,1905,3,2,,,0.0,0.0,-9999.0,222.0,61.0,,,,,,,,-9999.0,
USC00043491,1905,3,20,,,521.0,0.0,-9999.0,122.0,50.0,,,,,,,,-9999.0,
USC00043491,1905,3,21,,,203.0,0.0,-9999.0,117.0,56.0,,,,,,,,1.0,
USC00043491,1905,3,22,,,64.0,0.0,-9999.0,83.0,44.0,,,,,,,,-9999.0,
USC00043491,1905,3,23,,,0.0,0.0,-9999.0,56.0,56.0,,,,,,,,-9999.0,
USC00043491,1905,3,24,,,165.0,0.0,-9999.0,94.0,72.0,,,,,,,,-9999.0,
USC00043491,1905,3,25,,,0.0,0.0,-9999.0,94.0,67.0,,,,,,,,-9999.0,
USC00043491,1905,3,26,,,305.0,0.0,-9999.0,61.0,28.0,,,,,,,,-9999.0,
USC00043491,1905,3,27,,,13.0,13.0,25.0,61.0,22.0,,,,,,,,-9999.0,
USC00043491,1905,3,28,,,305.0,0.0,-9999.0,56.0,17.0,,,,,,,,-9999.0,
USC00043491,1905,3,29,,,152.0,152.0,152.0,72.0,11.0,,,,,,,,-9999.0,
USC00043491,1905,3,3,,,0.0,0.0,-9999.0,200.0,72.0,,,,,,,,-9999.0,
USC00043491,1905,3,30,,,0.0,0.0,51.0,61.0,-11.0,,,,,,,,-9999.0,
USC00043491,1905,3,31,,,0.0,0.0,25.0,56.0,-22.0,,,,,,,,-9999.0,
USC00043491,1905,3,4,,,0.0,0.0,-9999.0,194.0,67.0,,,,,,,,-9999.0,
USC00043491,1905,3,5,,,0.0,0.0,-9999.0,200.0,72.0,,,,,,,,-9999.0,
USC00043491,1905,3,6,,,0.0,0.0,-9999.0,194.0,72.0,,,,,,,,-9999.0,
USC00043491,1905,3,7,,,0.0,0.0,-9999.0,167.0,61.0,,,,,,,,-9999.0,
USC00043491,1905,3,8,,,0.0,0.0,-9999.0,167.0,44.0,,,,,,,,-9999.0,
USC00043491,1905,3,9,,,0.0,0.0,-9999.0,117.0,-11.0,,,,,,,,-9999.0,
USC00043491,1905,4,1,,,-9999.0,0.0,-9999.0,111.0,56.0,,,,,,,,-9999.0,
USC00043491,1905,4,10,,,-9999.0,0.0,-9999.0,161.0,61.0,,,,,,,,-9999.0,
USC00043491,1905,4,11,,,-9999.0,0.0,-9999.0,172.0,61.0,,,,,,,,-9999.0,
USC00043491,1905,4,12,,,-9999.0,0.0,-9999.0,194.0,56.0,,,,,,,,-9999.0,
USC00043491,1905,4,13,,,-9999.0,0.0,-9999.0,172.0,50.0,,,,,,,,-9999.0,
USC00043491,1905,4,14,,,-9999.0,0.0,-9999.0,-9999.0,72.0,,,,,,,,-9999.0,
USC00043491,1905,4,15,,,330.0,0.0,-9999.0,167.0,89.0,,,,,,,,1.0,
USC00043491,1905,4,16,,,25.0,25.0,25.0,172.0,-9999.0,,,,,,,,-9999.0,
USC00043491,1905,4,17,,,-9999.0,0.0,-9999.0,172.0,-9999.0,,,,,,,,-9999.0,
USC00043491,1905,4,18,,,38.0,0.0,-9999.0,144.0,-9999.0,,,,,,,,-9999.0,
USC00043491,1905,4,19,,,-9999.0,0.0,-9999.0,83.0,61.0,,,,,,,,-9999.0,
USC00043491,1905,4,2,,,-9999.0,0.0,-9999.0,111.0,78.0,,,,,,,,-9999.0,
USC00043491,1905,4,20,,,38.0,0.0,-9999.0,111.0,61.0,,,,,,,,1.0,
USC00043491,1905,4,21,,,-9999.0,0.0,-9999.0,133.0,61.0,,,,,,,,-9999.0,
USC00043491,1905,4,22,,,-9999.0,0.0,-9999.0,144.0,61.0,,,,,,,,-9999.0,
USC00043491,1905,4,23,,,-9999.0,0.0,-9999.0,150.0,61.0,,,,,,,,-9999.0,
USC00043491,1905,4,24,,,-9999.0,0.0,-9999.0,167.0,56.0,,,,,,,,-9999.0,
USC00043491,1905,4,25,,,-9999.0,0.0,-9999.0,156.0,61.0,,,,,,,,-9999.0,
USC00043491,1905,4,26,,,-9999.0,0.0,-9999.0,211.0,117.0,,,,,,,,-9999.0,
USC00043491,1905,4,27,,,-9999.0,0.0,-9999.0,211.0,133.0,,,,,,,,-9999.0,
USC00043491,1905,4,28,,,-9999.0,0.0,-9999.0,222.0,144.0,,,,,,,,-9999.0,
USC00043491,1905,4,29,,,-9999.0,0.0,-9999.0,228.0,133.0,,,,,,,,-9999.0,
USC00043491,1905,4,3,,,-9999.0,0.0,-9999.0,139.0,56.0,,,,,,,,-9999.0,
USC00043491,1905,4,30,,,-9999.0,0.0,-9999.0,239.0,117.0,,,,,,,,-9999.0,
USC00043491,1905,4,31,,,-9999.0,-9999.0,-9999.0,-9999.0,-9999.0,,,,,,,,-9999.0,
USC00043491,1905,4,4,,,-9999.0,0.0,-9999.0,133.0,61.0,,,,,,,,-9999.0,
USC00043491,1905,4,5,,,-9999.0,0.0,-9999.0,183.0,56.0,,,,,,,,-9999.0,
USC00043491,1905,4,6,,,-9999.0,0.0,-9999.0,161.0,89.0,,,,,,,,-9999.0,
USC00043491,1905,4,7,,,-9999.0,0.0,-9999.0,167.0,111.0,,,,,,,,-9999.0,
USC00043491,1905,4,8,,,-9999.0,0.0,-9999.0,183.0,72.0,,,,,,,,-9999.0,
USC00043491,1905,4,9,,,-9999.0,0.0,-9999.0,156.0,61.0,,,,,,,,-9999.0,
USC00043491,1905,5,1,,,0.0,,,144.0,67.0,,,,,,,,-9999.0,
USC00043491,1905,5,10,,,0.0,,,100.0,89.0,,,,,,,,-9999.0,
USC00043491,1905,5,11,,,0.0,,,167.0,100.0,,,,,,,,-9999.0,
USC00043491,1905,5,12,,,0.0,,,156.0,100.0,,,,,,,,-9999.0,
USC00043491,1905,5,13,,,0.0,,,167.0,106.0,,,,,,,,-9999.0,
USC00043491,1905,5,14,,,0.0,,,172.0,128.0,,,,,,,,-9999.0,
USC00043491,1905,5,15,,,0.0,,,278.0,156.0,,,,,,,,-9999.0,
USC00043491,1905,5,16,,,0.0,,,294.0,139.0,,,,,,,,-9999.0,
USC00043491,1905,5,17,,,0.0,,,294.0,128.0,,,,,,,,-9999.0,
USC00043491,1905,5,18,,,0.0,,,300.0,144.0,,,,,,,,-9999.0,
USC00043491,1905,5,19,,,0.0,,,306.0,144.0,,,,,,,,-9999.0,
USC00043491,1905,5,2,,,76.0,,,111.0,22.0,,,,,,,,1.0,
USC00043491,1905,5,20,,,0.0,,,300.0,117.0,,,,,,,,-9999.0,
USC00043491,1905,5,21,,,0.0,,,278.0,144.0,,,,,,,,-9999.0,
USC00043491,1905,5,22,,,0.0,,,283.0,117.0,,,,,,,,-9999.0,
USC00043491,1905,5,23,,,0.0,,,300.0,139.0,,,,,,,,-9999.0,
USC00043491,1905,5,24,,,0.0,,,267.0,133.0,,,,,,,,-9999.0,
USC00043491,1905,5,25,,,0.0,,,278.0,167.0,,,,,,,,-9999.0,
USC00043491,1905,5,26,,,0.0,,,183.0,117.0,,,,,,,,-9999.0,
USC00043491,1905,5,27,,,10.0,,,183.0,100.0,,,,,,,,1.0,
USC00043491,1905,5,28,,,0.0,,,172.0,89.0,,,,,,,,-9999.0,
USC00043491,1905,5,29,,,0.0,,,144.0,56.0,,,,,,,,-9999.0,
USC00043491,1905,5,3,,,254.0,,,111.0,39.0,,,,,,,,-9999.0,
USC00043491,1905,5,30,,,0.0,,,200.0,83.0,,,,,,,,-9999.0,
USC00043491,1905,5,31,,,0.0,,,183.0,83.0,,,,,,,,-9999.0,
USC00043491,1905,5,4,,,38.0,,,122.0,72.0,,,,,,,,1.0,
USC00043491,1905,5,5,,,0.0,,,156.0,100.0,,,,,,,,-9999.0,
USC00043491,1905,5,6,,,0.0,,,167.0,106.0,,,,,,,,-9999.0,
USC00043491,1905,5,7,,,229.0,,,156.0,100.0,,,,,,,,1.0,
USC00043491,1905,5,8,,,127.0,,,128.0,100.0,,,,,,,,-9999.0,
USC00043491,1905,5,9,,,0.0,,,144.0,100.0,,,,,,,,-9999.0,
USC00043491,1905,7,1,,,0.0,,,,,,,,,,,,,
USC00043491,1905,7,10,,,0.0,,,,,,,,,,,,,
USC00043491,1905,7,11,,,0.0,,,,,,,,,,,,,
USC00043491,1905,7,12,,,0.0,,,,,,,,,,,,,
USC00043491,1905,7,13,,,0.0,,,,,,,,,,,,,
USC00043491,1905,7,14,,,0.0,,,,,,,,,,,,,
USC00043491,1905,7,15,,,0.0,,,,,,,,,,,,,
USC00043491,1905,7,16,,,0.0,,,,,,,,,,,,,
USC00043491,1905,7,17,,,0.0,,,,,,,,,,,,,
USC00043491,1905,7,18,,,0.0,,,,,,,,,,,,,
USC00043491,1905,7,19,,,0.0,,,,,,,,,,,,,
USC00043491,1905,7,2,,,0.0,,,,,,,,,,,,,
USC00043491,1905,7,20,,,0.0,,,,,,,,,,,,,
USC00043491,1905,7,21,,,0.0,,,,,,,,,,,,,
USC00043491,1905,7,22,,,0.0,,,,,,,,,,,,,
USC00043491,1905,7,23,,,0.0,,,,,,,,,,,,,
USC00043491,1905,7,24,,,0.0,,,,,,,,,,,,,
USC00043491,1905,7,25,,,0.0,,,,,,,,,,,,,
USC00043491,1905,7,26,,,0.0,,,,,,,,,,,,,
USC00043491,1905,7,27,,,0.0,,,,,,,,,,,,,
USC00043491,1905,7,28,,,0.0,,,,,,,,,,,,,
USC00043491,1905,7,29,,,0.0,,,,,,,,,,,,,
USC00043491,1905,7,3,,,0.0,,,,,,,,,,,,,
USC00043491,1905,7,30,,,0.0,,,,,,,,,,,,,
USC00043491,1905,7,31,,,0.0,,,,,,,,,,,,,
USC00043491,1905,7,4,,,0.0,,,,,,,,,,,,,
USC00043491,1905,7,5,,,0.0,,,,,,,,,,,,,
USC00043491,1905,7,6,,,0.0,,,,,,,,,,,,,
USC00043491,1905,7,7,,,0.0,,,,,,,,,,,,,
USC00043491,1905,7,8,,,0.0,,,,,,,,,,,,,
USC00043491,1905,7,9,,,0.0,,,,,,,,,,,,,
USC00043491,1905,8,1,,,0.0,,,,,,,,,,,,,
USC00043491,1905,8,10,,,0.0,,,,,,,,,,,,,
USC00043491,1905,8,11,,,0.0,,,,,,,,,,,,,
USC00043491,1905,8,12,,,0.0,,,,,,,,,,,,,
USC00043491,1905,8,13,,,0.0,,,,,,,,,,,,,
USC00043491,1905,8,14,,,0.0,,,,,,,,,,,,,
USC00043491,1905,8,15,,,0.0,,,,,,,,,,,,,
USC00043491,1905,8,16,,,0.0,,,,,,,,,,,,,
USC00043491,1905,8,17,,,0.0,,,,,,,,,,,,,
USC00043491,1905,8,18,,,0.0,,,,,,,,,,,,,
USC00043491,1905,8,19,,,0.0,,,,,,,,,,,,,
USC00043491,1905,8,2,,,0.0,,,,,,,,,,,,,
USC00043491,1905,8,20,,,0.0,,,,,,,,,,,,,
USC00043491,1905,8,21,,,0.0,,,,,,,,,,,,,
USC00043491,1905,8,22,,,0.0,,,,,,,,,,,,,
USC00043491,1905,8,23,,,0.0,,,,,,,,,,,,,
USC00043491,1905,8,24,,,0.0,,,,,,,,,,,,,
USC00043491,1905,8,25,,,0.0,,,,,,,,,,,,,
USC00043491,1905,8,26,,,0.0,,,,,,,,,,,,,
USC00043491,1905,8,27,,,0.0,,,,,,,,,,,,,
USC00043491,1905,8,28,,,0.0,,,,,,,,,,,,,
USC00043491,1905,8,29,,,0.0,,,,,,,,,,,,,
USC00043491,1905,8,3,,,0.0,,,,,,,,,,,,,
USC00043491,1905,8,30,,,0.0,,,,,,,,,,,,,
USC00043491,1905,8,31,,,0.0,,,,,,,,,,,,,
USC00043491,1905,8,4,,,0.0,,,,,,,,,,,,,
USC00043491,1905,8,5,,,0.0,,,,,,,,,,,,,
USC00043491,1905,8,6,,,0.0,,,,,,,,,,,,,
USC00043491,1905,8,7,,,0.0,,,,,,,,,,,,,
USC00043491,1905,8,8,,,0.0,,,,,,,,,,,,,
USC00043491,1905,8,9,,,0.0,,,,,,,,,,,,,
USC00043491,1905,9,1,,,0.0,,,311.0,211.0,,,,,,,,,
USC00043491,1905,9,10,,,0.0,,,256.0,156.0,,,,,,,,,
USC00043491,1905,9,11,,,0.0,,,200.0,144.0,,,,,,,,,
USC00043491,1905,9,12,,,0.0,,,183.0,117.0,,,,,,,,,
USC00043491,1905,9,13,,,0.0,,,228.0,156.0,,,,,,,,,
USC00043491,1905,9,14,,,0.0,,,239.0,167.0,,,,,,,,,
USC00043491,1905,9,15,,,0.0,,,250.0,161.0,,,,,,,,,
USC00043491,1905,9,16,,,0.0,,,228.0,156.0,,,,,,,,,
USC00043491,1905,9,17,,,0.0,,,211.0,144.0,,,,,,,,,
USC00043491,1905,9,18,,,0.0,,,256.0,156.0,,,,,,,,,
USC00043491,1905,9,19,,,0.0,,,256.0,217.0,,,,,,,,,
USC00043491,1905,9,2,,,0.0,,,250.0,211.0,,,,,,,,,
USC00043491,1905,9,20,,,0.0,,,294.0,211.0,,,,,,,,,
USC00043491,1905,9,21,,,0.0,,,306.0,228.0,,,,,,,,,
USC00043491,1905,9,22,,,0.0,,,294.0,222.0,,,,,,,,,
USC00043491,1905,9,23,,,0.0,,,317.0,211.0,,,,,,,,,
USC00043491,1905,9,24,,,0.0,,,306.0,206.0,,,,,,,,,
USC00043491,1905,9,25,,,0.0,,,294.0,156.0,,,,,,,,,
USC00043491,1905,9,26,,,0.0,,,261.0,156.0,,,,,,,,,
USC00043491,1905,9,27,,,0.0,,,156.0,94.0,,,,,,,,,
USC00043491,1905,9,28,,,0.0,,,211.0,111.0,,,,,,,,,
USC00043491,1905,9,29,,,0.0,,,228.0,100.0,,,,,,,,,
USC00043491,1905,9,3,,,0.0,,,239.0,206.0,,,,,,,,,
USC00043491,1905,9,30,,,0.0,,,239.0,106.0,,,,,,,,,
USC00043491,1905,9,31,,,-9999.0,,,-9999.0,-9999.0,,,,,,,,,
USC00043491,1905,9,4,,,0.0,,,256.0,211.0,,,,,,,,,
USC00043491,1905,9,5,,,0.0,,,261.0,211.0,,,,,,,,,
USC00043491,1905,9,6,,,0.0,,,256.0,200.0,,,,,,,,,
USC00043491,1905,9,7,,,0.0,,,278.0,161.0,,,,,,,,,
USC00043491,1905,9,8,,,0.0,,,278.0,206.0,,,,,,,,,
USC00043491,1905,9,9,,,0.0,,,261.0,161.0,,,,,,,,,
USC00043491,1905,10,1,,,0.0,,,206.0,111.0,,,,,,,,,
USC00043491,1905,10,10,,,0.0,,,261.0,150.0,,,,,,,,,
USC00043491,1905,10,11,,,0.0,,,256.0,144.0,,,,,,,,,
USC00043491,1905,10,12,,,0.0,,,206.0,106.0,,,,,,,,,
USC00043491,1905,10,13,,,0.0,,,211.0,111.0,,,,,,,,,
USC00043491,1905,10,14,,,0.0,,,206.0,111.0,,,,,,,,,
USC00043491,1905,10,15,,,0.0,,,239.0,100.0,,,,,,,,,
USC00043491,1905,10,16,,,0.0,,,183.0,67.0,,,,,,,,,
USC00043491,1905,10,17,,,0.0,,,172.0,61.0,,,,,,,,,
USC00043491,1905,10,18,,,0.0,,,161.0,78.0,,,,,,,,,
USC00043491,1905,10,19,,,0.0,,,183.0,61.0,,,,,,,,,
USC00043491,1905,10,2,,,0.0,,,239.0,156.0,,,,,,,,,
USC00043491,1905,10,20,,,0.0,,,194.0,117.0,,,,,,,,,
USC00043491,1905,10,21,,,0.0,,,183.0,122.0,,,,,,,,,
USC00043491,1905,10,22,,,0.0,,,172.0,100.0,,,,,,,,,
USC00043491,1905,10,23,,,0.0,,,161.0,106.0,,,,,,,,,
USC00043491,1905,10,24,,,0.0,,,156.0,117.0,,,,,,,,,
USC00043491,1905,10,25,,,0.0,,,161.0,111.0,,,,,,,,,
USC00043491,1905,10,26,,,0.0,,,161.0,133.0,,,,,,,,,
USC00043491,1905,10,27,,,0.0,,,167.0,122.0,,,,,,,,,
USC00043491,1905,10,28,,,0.0,,,172.0,111.0,,,,,,,,,
USC00043491,1905,10,29,,,0.0,,,194.0,122.0,,,,,,,,,
USC00043491,1905,10,3,,,0.0,,,244.0,167.0,,,,,,,,,
USC00043491,1905,10,30,,,0.0,,,183.0,100.0,,,,,,,,,
USC00043491,1905,10,31,,,0.0,,,194.0,94.0,,,,,,,,,
USC00043491,1905,10,4,,,0.0,,,261.0,172.0,,,,,,,,,
USC00043491,1905,10,5,,,0.0,,,239.0,156.0,,,,,,,,,
USC00043491,1905,10,6,,,0.0,,,250.0,128.0,,,,,,,,,
USC00043491,1905,10,7,,,0.0,,,222.0,122.0,,,,,,,,,
USC00043491,1905,10,8,,,0.0,,,211.0,128.0,,,,,,,,,
USC00043491,1905,10,9,,,0.0,,,217.0,122.0,,,,,,,,,
USC00043491,1905,11,1,,,0.0,0.0,-9999.0,156.0,106.0,,,,,,,,,
USC00043491,1905,11,10,,,0.0,0.0,-9999.0,189.0,122.0,,,,,,,,,
USC00043491,1905,11,11,,,0.0,0.0,-9999.0,211.0,133.0,,,,,,,,,
USC00043491,1905,11,12,,,0.0,0.0,-9999.0,206.0,117.0,,,,,,,,,
USC00043491,1905,11,13,,,0.0,0.0,-9999.0,211.0,100.0,,,,,,,,,
USC00043491,1905,11,14,,,0.0,0.0,-9999.0,183.0,117.0,,,,,,,,,
USC00043491,1905,11,15,,,0.0,0.0,-9999.0,211.0,183.0,,,,,,,,,
USC00043491,1905,11,16,,,0.0,0.0,-9999.0,206.0,144.0,,,,,,,,,
USC00043491,1905,11,17,,,0.0,0.0,-9999.0,144.0,78.0,,,,,,,,,
USC00043491,1905,11,18,,,0.0,0.0,-9999.0,133.0,56.0,,,,,,,,,
USC00043491,1905,11,19,,,183.0,0.0,-9999.0,56.0,11.0,,,,,,,,,
USC00043491,1905,11,2,,,0.0,0.0,-9999.0,183.0,133.0,,,,,,,,,
USC00043491,1905,11,20,,,0.0,0.0,-9999.0,56.0,22.0,,,,,,,,,
USC00043491,1905,11,21,,,0.0,0.0,-9999.0,89.0,50.0,,,,,,,,,
USC00043491,1905,11,22,,,0.0,0.0,-9999.0,83.0,56.0,,,,,,,,,
USC00043491,1905,11,23,,,0.0,0.0,-9999.0,89.0,61.0,,,,,,,,,
USC00043491,1905,11,24,,,0.0,0.0,-9999.0,83.0,72.0,,,,,,,,,
USC00043491,1905,11,25,,,0.0,0.0,-9999.0,72.0,11.0,,,,,,,,,
USC00043491,1905,11,26,,,86.0,0.0,-9999.0,39.0,0.0,,,,,,,,,
USC00043491,1905,11,27,,,0.0,0.0,-9999.0,28.0,-6.0,,,,,,,,,
USC00043491,1905,11,28,,,152.0,152.0,152.0,17.0,-11.0,,,,,,,,,
USC00043491,1905,11,29,,,0.0,0.0,-9999.0,11.0,0.0,,,,,,,,,
USC00043491,1905,11,3,,,0.0,0.0,-9999.0,167.0,106.0,,,,,,,,,
USC00043491,1905,11,30,,,0.0,0.0,-9999.0,0.0,-11.0,,,,,,,,,
USC00043491,1905,11,31,,,-9999.0,-9999.0,-9999.0,-9999.0,-9999.0,,,,,,,,,
USC00043491,1905,11,4,,,0.0,0.0,-9999.0,156.0,100.0,,,,,,,,,
USC00043491,1905,11,5,,,0.0,0.0,-9999.0,144.0,89.0,,,,,,,,,
USC00043491,1905,11,6,,,0.0,0.0,-9999.0,128.0,83.0,,,,,,,,,
USC00043491,1905,11,7,,,0.0,0.0,-9999.0,144.0,83.0,,,,,,,,,
USC00043491,1905,11,8,,,0.0,0.0,-9999.0,150.0,89.0,,,,,,,,,
USC00043491,1905,11,9,,,0.0,0.0,-9999.0,167.0,100.0,,,,,,,,,
USC00043491,1905,12,1,,,-9999.0,0.0,-9999.0,44.0,0.0,,,,,,,,-9999.0,
USC00043491,1905,12,10,,,-9999.0,0.0,-9999.0,144.0,89.0,,,,,,,,-9999.0,
USC00043491,1905,12,11,,,-9999.0,0.0,-9999.0,172.0,144.0,,,,,,,,-9999.0,
USC00043491,1905,12,12,,,-9999.0,0.0,-9999.0,194.0,128.0,,,,,,,,-9999.0,
USC00043491,1905,12,13,,,-9999.0,0.0,-9999.0,200.0,144.0,,,,,,,,-9999.0,
USC00043491,1905,12,14,,,-9999.0,0.0,-9999.0,194.0,117.0,,,,,,,,-9999.0,
USC00043491,1905,12,15,,,-9999.0,0.0,-9999.0,183.0,117.0,,,,,,,,-9999.0,
USC00043491,1905,12,16,,,-9999.0,0.0,-9999.0,178.0,106.0,,,,,,,,-9999.0,
USC00043491,1905,12,17,,,-9999.0,0.0,-9999.0,144.0,89.0,,,,,,,,-9999.0,
USC00043491,1905,12,18,,,-9999.0,0.0,-9999.0,139.0,61.0,,,,,,,,-9999.0,
USC00043491,1905,12,19,,,178.0,0.0,-9999.0,128.0,44.0,,,,,,,,-9999.0,
USC00043491,1905,12,2,,,-9999.0,0.0,-9999.0,56.0,17.0,,,,,,,,-9999.0,
USC00043491,1905,12,20,,,191.0,0.0,-9999.0,61.0,44.0,,,,,,,,1.0,
USC00043491,1905,12,21,,,64.0,0.0,-9999.0,61.0,39.0,,,,,,,,-9999.0,
USC00043491,1905,12,22,,,-9999.0,0.0,-9999.0,44.0,-22.0,,,,,,,,-9999.0,
USC00043491,1905,12,23,,,-9999.0,0.0,-9999.0,33.0,-56.0,,,,,,,,-9999.0,
USC00043491,1905,12,24,,,-9999.0,0.0,-9999.0,44.0,-17.0,,,,,,,,-9999.0,
USC00043491,1905,12,25,,,-9999.0,0.0,-9999.0,33.0,0.0,,,,,,,,-9999.0,
USC00043491,1905,12,26,,,-9999.0,0.0,-9999.0,39.0,44.0,,,,,,,,-9999.0,
USC00043491,1905,12,27,,,-9999.0,0.0,-9999.0,17.0,44.0,,,,,,,,-9999.0,
USC00043491,1905,12,28,,,127.0,127.0,127.0,72.0,50.0,,,,,,,,-9999.0,
USC00043491,1905,12,29,,,51.0,51.0,152.0,83.0,33.0,,,,,,,,-9999.0,
USC00043491,1905,12,3,,,-9999.0,0.0,-9999.0,72.0,28.0,,,,,,,,-9999.0,
USC00043491,1905,12,30,,,-9999.0,0.0,-9999.0,44.0,-22.0,,,,,,,,-9999.0,
USC00043491,1905,12,31,,,-9999.0,0.0,-9999.0,56.0,-11.0,,,,,,,,-9999.0,
USC00043491,1905,12,4,,,-9999.0,0.0,-9999.0,89.0,22.0,,,,,,,,-9999.0,
USC00043491,1905,12,5,,,-9999.0,0.0,-9999.0,89.0,56.0,,,,,,,,-9999.0,
USC00043491,1905,12,6,,,-9999.0,0.0,-9999.0,89.0,89.0,,,,,,,,-9999.0,
USC00043491,1905,12,7,,,-9999.0,0.0,-9999.0,133.0,89.0,,,,,,,,-9999.0,
USC00043491,1905,12,8,,,-9999.0,0.0,-9999.0,117.0,83.0,,,,,,,,-9999.0,
USC00043491,1905,12,9,,,-9999.0,0.0,-9999.0,133.0,72.0,,,,,,,,-9999.0,
USC00043491,1906,1,1,,,152.0,152.0,127.0,17.0,-56.0,,,,,,,,,
USC00043491,1906,1,10,,,-9999.0,0.0,-9999.0,156.0,44.0,,,,,,,,,
USC00043491,1906,1,11,,,-9999.0,0.0,-9999.0,189.0,44.0,,,,,,,,,
USC00043491,1906,1,12,,,356.0,0.0,-9999.0,128.0,39.0,,,,,,,,,
USC00043491,1906,1,13,,,203.0,0.0,-9999.0,78.0,72.0,,,,,,,,,
USC00043491,1906,1,14,,,635.0,0.0,-9999.0,72.0,33.0,,,,,,,,,
USC00043491,1906,1,15,,,229.0,0.0,-9999.0,39.0,39.0,,,,,,,,,
USC00043491,1906,1,16,,,686.0,0.0,-9999.0,61.0,44.0,,,,,,,,,
USC00043491,1906,1,17,,,762.0,0.0,-9999.0,67.0,39.0,,,,,,,,,
USC00043491,1906,1,18,,,838.0,0.0,-9999.0,72.0,61.0,,,,,,,,,
USC00043491,1906,1,19,,,579.0,0.0,-9999.0,61.0,17.0,,,,,,,,,
USC00043491,1906,1,2,,,-9999.0,0.0,102.0,56.0,0.0,,,,,,,,,
USC00043491,1906,1,20,,,0.0,0.0,-9999.0,83.0,11.0,,,,,,,,,
USC00043491,1906,1,21,,,0.0,0.0,-9999.0,44.0,6.0,,,,,,,,,
USC00043491,1906,1,22,,,0.0,0.0,-9999.0,56.0,11.0,,,,,,,,,
USC00043491,1906,1,23,,,-9999.0,0.0,-9999.0,44.0,28.0,,,,,,,,,
USC00043491,1906,1,24,,,-9999.0,0.0,-9999.0,39.0,0.0,,,,,,,,,
USC00043491,1906,1,25,,,-9999.0,0.0,-9999.0,139.0,72.0,,,,,,,,,
USC00043491,1906,1,26,,,-9999.0,0.0,-9999.0,144.0,83.0,,,,,,,,,
USC00043491,1906,1,27,,,-9999.0,0.0,-9999.0,139.0,78.0,,,,,,,,,
USC00043491,1906,1,28,,,-9999.0,0.0,-9999.0,133.0,72.0,,,,,,,,,
USC00043491,1906,1,29,,,-9999.0,0.0,-9999.0,144.0,89.0,,,,,,,,,
USC00043491,1906,1,3,,,-9999.0,0.0,76.0,83.0,61.0,,,,,,,,,
USC00043491,1906,1,30,,,-9999.0,0.0,-9999.0,144.0,144.0,,,,,,,,,
USC00043491,1906,1,31,,,-9999.0,0.0,-9999.0,206.0,144.0,,,,,,,,,
USC00043491,1906,1,4,,,-9999.0,0.0,-9999.0,100.0,94.0,,,,,,,,,
USC00043491,1906,1,5,,,-9999.0,0.0,-9999.0,128.0,6.0,,,,,,,,,
USC00043491,1906,1,6,,,-9999.0,0.0,-9999.0,144.0,56.0,,,,,,,,,
USC00043491,1906,1,7,,,-9999.0,0.0,-9999.0,150.0,72.0,,,,,,,,,
USC00043491,1906,1,8,,,-9999.0,0.0,-9999.0,172.0,67.0,,,,,,,,,
USC00043491,1906,1,9,,,-9999.0,0.0,-9999.0,183.0,50.0,,,,,,,,,
USC00043491,1906,2,1,,,0.0,0.0,,222.0,144.0,,,,,,,,-9999.0,-9999.0
USC00043491,1906,2,10,,,0.0,0.0,,167.0,61.0,,,,,,,,-9999.0,-9999.0
USC00043491,1906,2,11,,,0.0,0.0,,167.0,72.0,,,,,,,,-9999.0,-9999.0
USC00043491,1906,2,12,,,102.0,0.0,,128.0,61.0,,,,,,,,-9999.0,-9999.0
USC00043491,1906,2,13,,,0.0,0.0,,144.0,78.0,,,,,,,,-9999.0,-9999.0
USC00043491,1906,2,14,,,0.0,0.0,,100.0,44.0,,,,,,,,-9999.0,-9999.0
USC00043491,1906,2,15,,,457.0,0.0,,89.0,61.0,,,,,,,,-9999.0,-9999.0
USC00043491,1906,2,16,,,0.0,0.0,,72.0,33.0,,,,,,,,-9999.0,-9999.0
USC00043491,1906,2,17,,,13.0,0.0,,100.0,56.0,,,,,,,,1.0,-9999.0
USC00043491,1906,2,18,,,0.0,0.0,,122.0,61.0,,,,,,,,-9999.0,-9999.0
USC00043491,1906,2,19,,,0.0,0.0,,100.0,44.0,,,,,,,,-9999.0,-9999.0
USC00043491,1906,2,2,,,0.0,0.0,,278.0,128.0,,,,,,,,-9999.0,-9999.0
USC00043491,1906,2,20,,,724.0,0.0,,100.0,17.0,,,,,,,,-9999.0,-9999.0
USC00043491,1906,2,21,,,635.0,0.0,,33.0,-33.0,,,,,,,,1.0,-9999.0
USC00043491,1906,2,22,,,0.0,0.0,,72.0,-39.0,,,,,,,,1.0,-9999.0
USC00043491,1906,2,23,,,292.0,25.0,,67.0,11.0,,,,,,,,-9999.0,1.0
USC00043491,1906,2,24,,,216.0,0.0,,61.0,22.0,,,,,,,,1.0,-9999.0
USC00043491,1906,2,25,,,0.0,0.0,,150.0,-6.0,,,,,,,,-9999.0,-9999.0
USC00043491,1906,2,26,,,0.0,0.0,,144.0,94.0,,,,,,,,-9999.0,-9999.0
USC00043491,1906,2,27,,,432.0,0.0,,61.0,-11.0,,,,,,,,-9999.0,-9999.0
USC00043491,1906,2,28,,,117.0,51.0,,44.0,-33.0,,,,,,,,-9999.0,1.0
USC00043491,1906,2,29,,,-9999.0,-9999.0,,-9999.0,-9999.0,,,,,,,,-9999.0,-9999.0
USC00043491,1906,2,3,,,0.0,0.0,,200.0,94.0,,,,,,,,-9999.0,-9999.0
USC00043491,1906,2,30,,,-9999.0,-9999.0,,-9999.0,-9999.0,,,,,,,,-9999.0,-9999.0
USC00043491,1906,2,31,,,-9999.0,-9999.0,,-9999.0,-9999.0,,,,,,,,-9999.0,-9999.0
USC00043491,1906,2,4,,,0.0,0.0,,206.0,89.0,,,,,,,,-9999.0,-9999.0
USC00043491,1906,2,5,,,0.0,0.0,,206.0,89.0,,,,,,,,-9999.0,-9999.0
USC00043491,1906,2,6,,,0.0,0.0,,194.0,61.0,,,,,,,,-9999.0,-9999.0
USC00043491,1906,2,7,,,0.0,0.0,,183.0,67.0,,,,,,,,-9999.0,-9999.0
USC00043491,1906,2,8,,,0.0,0.0,,172.0,100.0,,,,,,,,-9999.0,-9999.0
USC00043491,1906,2,9,,,0.0,0.0,,183.0,83.0,,,,,,,,-9999.0,-9999.0
USC00043491,1906,3,1,,,0.0,0.0,-9999.0,100.0,-39.0,,,,,,,,-9999.0,-9999.0
USC00043491,1906,3,10,,,0.0,0.0,-9999.0,206.0,83.0,,,,,,,,-9999.0,-9999.0
USC00043491,1906,3,11,,,610.0,0.0,-9999.0,61.0,11.0,,,,,,,,1.0,-9999.0
USC00043491,1906,3,12,,,574.0,102.0,0.0,67.0,-11.0,,,,,,,,-9999.0,1.0
USC00043491,1906,3,13,,,630.0,0.0,-9999.0,28.0,-11.0,,,,,,,,-9999.0,1.0
USC00043491,1906,3,14,,,427.0,0.0,-9999.0,28.0,-11.0,,,,,,,,-9999.0,1.0
USC00043491,1906,3,15,,,107.0,0.0,-9999.0,39.0,-17.0,,,,,,,,1.0,-9999.0
USC00043491,1906,3,16,,,97.0,0.0,-9999.0,44.0,-17.0,,,,,,,,1.0,1.0
USC00043491,1906,3,17,,,64.0,0.0,-9999.0,56.0,-22.0,,,,,,,,1.0,1.0
USC00043491,1906,3,18,,,0.0,0.0,-9999.0,44.0,-6.0,,,,,,,,-9999.0,-9999.0
USC00043491,1906,3,19,,,0.0,0.0,-9999.0,100.0,67.0,,,,,,,,-9999.0,-9999.0
USC00043491,1906,3,2,,,66.0,0.0,-9999.0,67.0,22.0,,,,,,,,-9999.0,-9999.0
USC00043491,1906,3,20,,,56.0,0.0,-9999.0,94.0,50.0,,,,,,,,1.0,-9999.0
USC00043491,1906,3,21,,,427.0,0.0,-9999.0,111.0,50.0,,,,,,,,1.0,-9999.0
USC00043491,1906,3,22,,,140.0,0.0,-9999.0,150.0,50.0,,,,,,,,1.0,-9999.0
USC00043491,1906,3,23,,,533.0,0.0,-9999.0,78.0,44.0,,,,,,,,1.0,-9999.0
USC00043491,1906,3,24,,,427.0,0.0,-9999.0,133.0,44.0,,,,,,,,1.0,-9999.0
USC00043491,1906,3,25,,,295.0,0.0,-9999.0,94.0,11.0,,,,,,,,1.0,-9999.0
USC00043491,1906,3,26,,,51.0,0.0,-9999.0,94.0,28.0,,,,,,,,1.0,-9999.0
USC00043491,1906,3,27,,,0.0,0.0,-9999.0,156.0,33.0,,,,,,,,-9999.0,-9999.0
USC00043491,1906,3,28,,,0.0,0.0,-9999.0,178.0,72.0,,,,,,,,-9999.0,-9999.0
USC00043491,1906,3,29,,,117.0,0.0,-9999.0,178.0,83.0,,,,,,,,1.0,-9999.0
USC00043491,1906,3,3,,,419.0,76.0,76.0,-9999.0,-11.0,,,,,,,,-9999.0,-9999.0
USC00043491,1906,3,30,,,559.0,0.0,-9999.0,167.0,22.0,,,,,,,,1.0,-9999.0
USC00043491,1906,3,31,,,267.0,51.0,-9999.0,44.0,-33.0,,,,,,,,1.0,1.0
USC00043491,1906,3,4,,,10.0,0.0,-9999.0,56.0,0.0,,,,,,,,-9999.0,-9999.0
USC00043491,1906,3,5,,,0.0,0.0,-9999.0,189.0,56.0,,,,,,,,-9999.0,-9999.0
USC00043491,1906,3,6,,,0.0,0.0,-9999.0,194.0,78.0,,,,,,,,-9999.0,-9999.0
USC00043491,1906,3,7,,,0.0,0.0,-9999.0,239.0,72.0,,,,,,,,-9999.0,-9999.0
USC00043491,1906,3,8,,,0.0,0.0,-9999.0,239.0,106.0,,,,,,,,-9999.0,-9999.0
USC00043491,1906,3,9,,,0.0,0.0,-9999.0,222.0,83.0,,,,,,,,-9999.0,-9999.0
USC00043491,1906,4,1,,,-9999.0,,,67.0,-33.0,,,,,,,,-9999.0,
USC00043491,1906,4,10,,,-9999.0,,,200.0,72.0,,,,,,,,-9999.0,
USC00043491,1906,4,11,,,-9999.0,,,200.0,78.0,,,,,,,,-9999.0,
USC00043491,1906,4,12,,,-9999.0,,,222.0,67.0,,,,,,,,-9999.0,
USC00043491,1906,4,13,,,-9999.0,,,211.0,67.0,,,,,,,,-9999.0,
USC00043491,1906,4,14,,,-9999.0,,,222.0,78.0,,,,,,,,-9999.0,
USC00043491,1906,4,15,,,-9999.0,,,222.0,78.0,,,,,,,,-9999.0,
USC00043491,1906,4,16,,,-9999.0,,,256.0,89.0,,,,,,,,-9999.0,
USC00043491,1906,4,17,,,-9999.0,,,233.0,122.0,,,,,,,,-9999.0,
USC00043491,1906,4,18,,,-9999.0,,,244.0,122.0,,,,,,,,-9999.0,
USC00043491,1906,4,19,,,-9999.0,,,256.0,122.0,,,,,,,,-9999.0,
USC00043491,1906,4,2,,,-9999.0,,,67.0,-33.0,,,,,,,,-9999.0,
USC00043491,1906,4,20,,,-9999.0,,,222.0,122.0,,,,,,,,-9999.0,
USC00043491,1906,4,21,,,-9999.0,,,256.0,122.0,,,,,,,,-9999.0,
USC00043491,1906,4,22,,,-9999.0,,,206.0,78.0,,,,,,,,-9999.0,
USC00043491,1906,4,23,,,56.0,,,167.0,33.0,,,,,,,,1.0,
USC00043491,1906,4,24,,,56.0,,,222.0,67.0,,,,,,,,-9999.0,
USC00043491,1906,4,25,,,104.0,,,256.0,72.0,,,,,,,,-9999.0,
USC00043491,1906,4,26,,,-9999.0,,,178.0,33.0,,,,,,,,-9999.0,
USC00043491,1906,4,27,,,-9999.0,,,217.0,39.0,,,,,,,,-9999.0,
USC00043491,1906,4,28,,,-9999.0,,,211.0,50.0,,,,,,,,-9999.0,
USC00043491,1906,4,29,,,-9999.0,,,233.0,61.0,,,,,,,,-9999.0,
USC00043491,1906,4,3,,,-9999.0,,,139.0,6.0,,,,,,,,-9999.0,
USC00043491,1906,4,30,,,-9999.0,,,200.0,83.0,,,,,,,,-9999.0,
USC00043491,1906,4,31,,,-9999.0,,,-9999.0,-9999.0,,,,,,,,-9999.0,
USC00043491,1906,4,4,,,-9999.0,,,156.0,17.0,,,,,,,,-9999.0,
USC00043491,1906,4,5,,,-9999.0,,,228.0,72.0,,,,,,,,-9999.0,
USC00043491,1906,4,6,,,-9999.0,,,233.0,78.0,,,,,,,,-9999.0,
USC00043491,1906,4,7,,,-9999.0,,,178.0,61.0,,,,,,,,-9999.0,
USC00043491,1906,4,8,,,157.0,,,89.0,33.0,,,,,,,,-9999.0,
USC00043491,1906,4,9,,,246.0,,,167.0,33.0,,,,,,,,-9999.0,
USC00043491,1906,5,1,,,0.0,,,272.0,39.0,,,,,,,,-9999.0,
USC00043491,1906,5,10,,,53.0,,,217.0,78.0,,,,,,,,-9999.0,
USC00043491,1906,5,11,,,30.0,,,122.0,72.0,,,,,,,,-9999.0,
USC00043491,1906,5,12,,,0.0,,,161.0,78.0,,,,,,,,-9999.0,
USC00043491,1906,5,13,,,0.0,,,133.0,50.0,,,,,,,,-9999.0,
USC00043491,1906,5,14,,,188.0,,,106.0,17.0,,,,,,,,1.0,
USC00043491,1906,5,15,,,0.0,,,122.0,22.0,,,,,,,,-9999.0,
USC00043491,1906,5,16,,,0.0,,,161.0,22.0,,,,,,,,-9999.0,
USC00043491,1906,5,17,,,0.0,,,206.0,72.0,,,,,,,,-9999.0,
USC00043491,1906,5,18,,,0.0,,,222.0,78.0,,,,,,,,-9999.0,
USC00043491,1906,5,19,,,0.0,,,256.0,89.0,,,,,,,,-9999.0,
USC00043491,1906,5,2,,,206.0,,,256.0,67.0,,,,,,,,-9999.0,
USC00043491,1906,5,20,,,0.0,,,256.0,83.0,,,,,,,,-9999.0,
USC00043491,1906,5,21,,,0.0,,,156.0,89.0,,,,,,,,-9999.0,
USC00043491,1906,5,22,,,0.0,,,200.0,56.0,,,,,,,,-9999.0,
USC00043491,1906,5,23,,,0.0,,,183.0,44.0,,,,,,,,-9999.0,
USC00043491,1906,5,24,,,165.0,,,128.0,44.0,,,,,,,,1.0,
USC00043491,1906,5,25,,,648.0,,,128.0,72.0,,,,,,,,1.0,
USC00043491,1906,5,26,,,424.0,,,100.0,50.0,,,,,,,,1.0,
USC00043491,1906,5,27,,,526.0,,,89.0,28.0,,,,,,,,1.0,
USC00043491,1906,5,28,,,122.0,,,89.0,33.0,,,,,,,,1.0,
USC00043491,1906,5,29,,,0.0,,,139.0,50.0,,,,,,,,-9999.0,
USC00043491,1906,5,3,,,0.0,,,256.0,72.0,,,,,,,,-9999.0,
USC00043491,1906,5,30,,,0.0,,,139.0,28.0,,,,,,,,-9999.0,
USC00043491,1906,5,31,,,0.0,,,167.0,56.0,,,,,,,,-9999.0,
USC00043491,1906,5,4,,,0.0,,,256.0,144.0,,,,,,,,-9999.0,
USC00043491,1906,5,5,,,0.0,,,272.0,117.0,,,,,,,,-9999.0,
USC00043491,1906,5,6,,,0.0,,,222.0,122.0,,,,,,,,-9999.0,
USC00043491,1906,5,7,,,0.0,,,267.0,117.0,,,,,,,,-9999.0,
USC00043491,1906,5,8,,,0.0,,,267.0,150.0,,,,,,,,-9999.0,
USC00043491,1906,5,9,,,0.0,,,267.0,133.0,,,,,,,,-9999.0,
USC00043491,1906,6,1,,,0.0,,,200.0,56.0,,,,,,,,-9999.0,
USC00043491,1906,6,10,,,0.0,,,239.0,111.0,,,,,,,,-9999.0,
USC00043491,1906,6,11,,,30.0,,,222.0,56.0,,,,,,,,-9999.0,
USC00043491,1906,6,12,,,0.0,,,217.0,94.0,,,,,,,,-9999.0,
USC00043491,1906,6,13,,,0.0,,,206.0,94.0,,,,,,,,-9999.0,
USC00043491,1906,6,14,,,0.0,,,194.0,83.0,,,,,,,,-9999.0,
USC00043491,1906,6,15,,,112.0,,,156.0,67.0,,,,,,,,-9999.0,
USC00043491,1906,6,16,,,0.0,,,222.0,50.0,,,,,,,,-9999.0,
USC00043491,1906,6,17,,,0.0,,,278.0,156.0,,,,,,,,-9999.0,
USC00043491,1906,6,18,,,0.0,,,300.0,167.0,,,,,,,,-9999.0,
USC00043491,1906,6,19,,,0.0,,,300.0,172.0,,,,,,,,-9999.0,
USC00043491,1906,6,2,,,0.0,,,128.0,44.0,,,,,,,,-9999.0,
USC00043491,1906,6,20,,,0.0,,,300.0,172.0,,,,,,,,-9999.0,
USC00043491,1906,6,21,,,0.0,,,278.0,144.0,,,,,,,,-9999.0,
USC00043491,1906,6,22,,,0.0,,,300.0,172.0,,,,,,,,-9999.0,
USC00043491,1906,6,23,,,0.0,,,300.0,178.0,,,,,,,,-9999.0,
USC00043491,1906,6,24,,,0.0,,,333.0,150.0,,,,,,,,-9999.0,
USC00043491,1906,6,25,,,0.0,,,311.0,161.0,,,,,,,,-9999.0,
USC00043491,1906,6,26,,,0.0,,,167.0,83.0,,,,,,,,-9999.0,
USC00043491,1906,6,27,,,0.0,,,133.0,78.0,,,,,,,,-9999.0,
USC00043491,1906,6,28,,,0.0,,,211.0,100.0,,,,,,,,-9999.0,
USC00043491,1906,6,29,,,0.0,,,233.0,144.0,,,,,,,,-9999.0,
USC00043491,1906,6,3,,,503.0,,,167.0,56.0,,,,,,,,1.0,
USC00043491,1906,6,30,,,0.0,,,289.0,178.0,,,,,,,,-9999.0,
USC00043491,1906,6,31,,,-9999.0,,,-9999.0,-9999.0,,,,,,,,-9999.0,
USC00043491,1906,6,4,,,30.0,,,139.0,56.0,,,,,,,,1.0,
USC00043491,1906,6,5,,,71.0,,,83.0,39.0,,,,,,,,-9999.0,
USC00043491,1906,6,6,,,0.0,,,161.0,44.0,,,,,,,,-9999.0,
USC00043491,1906,6,7,,,0.0,,,150.0,56.0,,,,,,,,-9999.0,
USC00043491,1906,6,8,,,0.0,,,222.0,94.0,,,,,,,,-9999.0,
USC00043491,1906,6,9,,,0.0,,,233.0,106.0,,,,,,,,-9999.0,
USC00043491,1906,7,1,,,0.0,,,344.0,178.0,,,,,,,,,
USC00043491,1906,7,10,,,0.0,,,344.0,200.0,,,,,,,,,
USC00043491,1906,7,11,,,0.0,,,344.0,194.0,,,,,,,,,
USC00043491,1906,7,12,,,0.0,,,333.0,194.0,,,,,,,,,
USC00043491,1906,7,13,,,0.0,,,344.0,194.0,,,,,,,,,
USC00043491,1906,7,14,,,0.0,,,356.0,194.0,,,,,,,,,
USC00043491,1906,7,15,,,0.0,,,344.0,200.0,,,,,,,,,
USC00043491,1906,7,16,,,0.0,,,344.0,217.0,,,,,,,,,
USC00043491,1906,7,17,,,0.0,,,344.0,217.0,,,,,,,,,
USC00043491,1906,7,18,,,0.0,,,333.0,217.0,,,,,,,,,
USC00043491,1906,7,19,,,0.0,,,344.0,217.0,,,,,,,,,
USC00043491,1906,7,2,,,0.0,,,344.0,206.0,,,,,,,,,
USC00043491,1906,7,20,,,0.0,,,333.0,217.0,,,,,,,,,
USC00043491,1906,7,21,,,0.0,,,333.0,217.0,,,,,,,,,
USC00043491,1906,7,22,,,0.0,,,344.0,233.0,,,,,,,,,
USC00043491,1906,7,23,,,0.0,,,344.0,233.0,,,,,,,,,
USC00043491,1906,7,24,,,0.0,,,356.0,233.0,,,,,,,,,
USC00043491,1906,7,25,,,0.0,,,356.0,256.0,,,,,,,,,
USC00043491,1906,7,26,,,0.0,,,367.0,233.0,,,,,,,,,
USC00043491,1906,7,27,,,0.0,,,344.0,206.0,,,,,,,,,
USC00043491,1906,7,28,,,0.0,,,328.0,183.0,,,,,,,,,
USC00043491,1906,7,29,,,0.0,,,317.0,178.0,,,,,,,,,
USC00043491,1906,7,3,,,0.0,,,333.0,194.0,,,,,,,,,
USC00043491,1906,7,30,,,0.0,,,333.0,178.0,,,,,,,,,
USC00043491,1906,7,31,,,0.0,,,328.0,183.0,,,,,,,,,
USC00043491,1906,7,4,,,0.0,,,333.0,194.0,,,,,,,,,
USC00043491,1906,7,5,,,0.0,,,344.0,206.0,,,,,,,,,
USC00043491,1906,7,6,,,0.0,,,356.0,217.0,,,,,,,,,
USC00043491,1906,7,7,,,0.0,,,344.0,217.0,,,,,,,,,
USC00043491,1906,7,8,,,0.0,,,344.0,206.0,,,,,,,,,
USC00043491,1906,7,9,,,0.0,,,333.0,206.0,,,,,,,,,
USC00043491,1906,8,1,,,0.0,,,344.0,194.0,,,,,,,,,
USC00043491,1906,8,10,,,0.0,,,339.0,239.0,,,,,,,,,
USC00043491,1906,8,11,,,0.0,,,317.0,200.0,,,,,,,,,
USC00043491,1906,8,12,,,0.0,,,328.0,200.0,,,,,,,,,
USC00043491,1906,8,13,,,0.0,,,339.0,200.0,,,,,,,,,
USC00043491,1906,8,14,,,0.0,,,356.0,200.0,,,,,,,,,
USC00043491,1906,8,15,,,0.0,,,350.0,211.0,,,,,,,,,
USC00043491,1906,8,16,,,0.0,,,350.0,222.0,,,,,,,,,
USC00043491,1906,8,17,,,0.0,,,344.0,239.0,,,,,,,,,
USC00043491,1906,8,18,,,0.0,,,339.0,233.0,,,,,,,,,
USC00043491,1906,8,19,,,0.0,,,333.0,183.0,,,,,,,,,
USC00043491,1906,8,2,,,0.0,,,344.0,194.0,,,,,,,,,
USC00043491,1906,8,20,,,0.0,,,283.0,189.0,,,,,,,,,
USC00043491,1906,8,21,,,0.0,,,328.0,106.0,,,,,,,,,
USC00043491,1906,8,22,,,0.0,,,333.0,122.0,,,,,,,,,
USC00043491,1906,8,23,,,0.0,,,222.0,111.0,,,,,,,,,
USC00043491,1906,8,24,,,0.0,,,278.0,144.0,,,,,,,,,
USC00043491,1906,8,25,,,0.0,,,289.0,178.0,,,,,,,,,
USC00043491,1906,8,26,,,0.0,,,311.0,194.0,,,,,,,,,
USC00043491,1906,8,27,,,0.0,,,311.0,194.0,,,,,,,,,
USC00043491,1906,8,28,,,0.0,,,306.0,183.0,,,,,,,,,
USC00043491,1906,8,29,,,0.0,,,317.0,183.0,,,,,,,,,
USC00043491,1906,8,3,,,0.0,,,344.0,194.0,,,,,,,,,
USC00043491,1906,8,30,,,0.0,,,267.0,178.0,,,,,,,,,
USC00043491,1906,8,31,,,0.0,,,278.0,156.0,,,,,,,,,
USC00043491,1906,8,4,,,0.0,,,333.0,194.0,,,,,,,,,
USC00043491,1906,8,5,,,0.0,,,328.0,183.0,,,,,,,,,
USC00043491,1906,8,6,,,0.0,,,328.0,183.0,,,,,,,,,
USC00043491,1906,8,7,,,0.0,,,344.0,194.0,,,,,,,,,
USC00043491,1906,8,8,,,0.0,,,344.0,194.0,,,,,,,,,
USC00043491,1906,8,9,,,0.0,,,322.0,183.0,,,,,,,,,
USC00043491,1906,9,1,,,0.0,,,278.0,178.0,,,,,,-9999.0,,-9999.0,
USC00043491,1906,9,10,,,0.0,,,267.0,144.0,,,,,,-9999.0,,-9999.0,
USC00043491,1906,9,11,,,0.0,,,267.0,144.0,,,,,,-9999.0,,-9999.0,
USC00043491,1906,9,12,,,0.0,,,267.0,106.0,,,,,,-9999.0,,-9999.0,
USC00043491,1906,9,13,,,0.0,,,250.0,133.0,,,,,,-9999.0,,-9999.0,
USC00043491,1906,9,14,,,56.0,,,206.0,67.0,,,,,,-9999.0,,-9999.0,
USC00043491,1906,9,15,,,0.0,,,256.0,156.0,,,,,,-9999.0,,-9999.0,
USC00043491,1906,9,16,,,0.0,,,267.0,128.0,,,,,,-9999.0,,-9999.0,
USC00043491,1906,9,17,,,0.0,,,267.0,150.0,,,,,,-9999.0,,-9999.0,
USC00043491,1906,9,18,,,0.0,,,311.0,144.0,,,,,,-9999.0,,-9999.0,
USC00043491,1906,9,19,,,0.0,,,339.0,161.0,,,,,,-9999.0,,-9999.0,
USC00043491,1906,9,2,,,0.0,,,267.0,178.0,,,,,,-9999.0,,-9999.0,
USC00043491,1906,9,20,,,0.0,,,328.0,161.0,,,,,,-9999.0,,-9999.0,
USC00043491,1906,9,21,,,0.0,,,294.0,144.0,,,,,,1.0,,-9999.0,
USC00043491,1906,9,22,,,0.0,,,294.0,128.0,,,,,,-9999.0,,-9999.0,
USC00043491,1906,9,23,,,53.0,,,156.0,61.0,,,,,,-9999.0,,1.0,
USC00043491,1906,9,24,,,0.0,,,222.0,94.0,,,,,,-9999.0,,-9999.0,
USC00043491,1906,9,25,,,0.0,,,233.0,83.0,,,,,,-9999.0,,-9999.0,
USC00043491,1906,9,26,,,0.0,,,278.0,156.0,,,,,,-9999.0,,-9999.0,
USC00043491,1906,9,27,,,0.0,,,300.0,161.0,,,,,,-9999.0,,-9999.0,
USC00043491,1906,9,28,,,0.0,,,317.0,161.0,,,,,,-9999.0,,-9999.0,
USC00043491,1906,9,29,,,0.0,,,328.0,156.0,,,,,,-9999.0,,-9999.0,
USC00043491,1906,9,3,,,0.0,,,289.0,178.0,,,,,,-9999.0,,-9999.0,
USC00043491,1906,9,30,,,0.0,,,322.0,178.0,,,,,,-9999.0,,-9999.0,
USC00043491,1906,9,31,,,-9999.0,,,-9999.0,-9999.0,,,,,,-9999.0,,-9999.0,
USC00043491,1906,9,4,,,0.0,,,267.0,156.0,,,,,,-9999.0,,-9999.0,
USC00043491,1906,9,5,,,0.0,,,289.0,167.0,,,,,,-9999.0,,-9999.0,
USC00043491,1906,9,6,,,0.0,,,278.0,144.0,,,,,,-9999.0,,-9999.0,
USC00043491,1906,9,7,,,0.0,,,250.0,144.0,,,,,,-9999.0,,-9999.0,
USC00043491,1906,9,8,,,0.0,,,250.0,122.0,,,,,,-9999.0,,-9999.0,
USC00043491,1906,9,9,,,0.0,,,272.0,139.0,,,,,,-9999.0,,-9999.0,
USC00043491,1906,10,1,,,0.0,,,300.0,156.0,,,,,,,,-9999.0,
USC00043491,1906,10,10,,,0.0,,,283.0,133.0,,,,,,,,-9999.0,
USC00043491,1906,10,11,,,0.0,,,244.0,106.0,,,,,,,,-9999.0,
USC00043491,1906,10,12,,,0.0,,,261.0,111.0,,,,,,,,-9999.0,
USC00043491,1906,10,13,,,0.0,,,261.0,117.0,,,,,,,,-9999.0,
USC00043491,1906,10,14,,,0.0,,,289.0,111.0,,,,,,,,-9999.0,
USC00043491,1906,10,15,,,0.0,,,272.0,111.0,,,,,,,,-9999.0,
USC00043491,1906,10,16,,,74.0,,,183.0,111.0,,,,,,,,1.0,
USC00043491,1906,10,17,,,0.0,,,183.0,111.0,,,,,,,,-9999.0,
USC00043491,1906,10,18,,,0.0,,,200.0,78.0,,,,,,,,-9999.0,
USC00043491,1906,10,19,,,0.0,,,133.0,50.0,,,,,,,,-9999.0,
USC00043491,1906,10,2,,,0.0,,,289.0,178.0,,,,,,,,-9999.0,
USC00043491,1906,10,20,,,0.0,,,200.0,28.0,,,,,,,,-9999.0,
USC00043491,1906,10,21,,,0.0,,,156.0,33.0,,,,,,,,-9999.0,
USC00043491,1906,10,22,,,0.0,,,206.0,44.0,,,,,,,,-9999.0,
USC00043491,1906,10,23,,,0.0,,,211.0,61.0,,,,,,,,-9999.0,
USC00043491,1906,10,24,,,0.0,,,217.0,67.0,,,,,,,,-9999.0,
USC00043491,1906,10,25,,,0.0,,,250.0,100.0,,,,,,,,-9999.0,
USC00043491,1906,10,26,,,0.0,,,272.0,117.0,,,,,,,,-9999.0,
USC00043491,1906,10,27,,,0.0,,,267.0,122.0,,,,,,,,-9999.0,
USC00043491,1906,10,28,,,0.0,,,339.0,200.0,,,,,,,,-9999.0,
USC00043491,1906,10,29,,,0.0,,,283.0,139.0,,,,,,,,-9999.0,
USC00043491,1906,10,3,,,0.0,,,267.0,111.0,,,,,,,,-9999.0,
USC00043491,1906,10,30,,,0.0,,,267.0,117.0,,,,,,,,-9999.0,
USC00043491,1906,10,31,,,0.0,,,272.0,111.0,,,,,,,,-9999.0,
USC00043491,1906,10,4,,,0.0,,,267.0,111.0,,,,,,,,-9999.0,
USC00043491,1906,10,5,,,0.0,,,317.0,133.0,,,,,,,,-9999.0,
USC00043491,1906,10,6,,,0.0,,,294.0,144.0,,,,,,,,-9999.0,
USC00043491,1906,10,7,,,0.0,,,306.0,150.0,,,,,,,,-9999.0,
USC00043491,1906,10,8,,,0.0,,,300.0,167.0,,,,,,,,-9999.0,
USC00043491,1906,10,9,,,0.0,,,328.0,167.0,,,,,,,,-9999.0,
USC00043491,1906,11,1,,,0.0,,,178.0,83.0,,,,,,,,,
USC00043491,1906,11,10,,,0.0,,,261.0,111.0,,,,,,,,,
USC00043491,1906,11,11,,,0.0,,,256.0,128.0,,,,,,,,,
USC00043491,1906,11,12,,,0.0,,,250.0,128.0,,,,,,,,,
USC00043491,1906,11,13,,,0.0,,,250.0,133.0,,,,,,,,,
USC00043491,1906,11,14,,,0.0,,,250.0,133.0,,,,,,,,,
USC00043491,1906,11,15,,,0.0,,,267.0,117.0,,,,,,,,,
USC00043491,1906,11,16,,,0.0,,,133.0,67.0,,,,,,,,,
USC00043491,1906,11,17,,,0.0,,,156.0,17.0,,,,,,,,,
USC00043491,1906,11,18,,,0.0,,,167.0,11.0,,,,,,,,,
USC00043491,1906,11,19,,,0.0,,,128.0,-6.0,,,,,,,,,
USC00043491,1906,11,2,,,0.0,,,94.0,28.0,,,,,,,,,
USC00043491,1906,11,20,,,0.0,,,194.0,0.0,,,,,,,,,
USC00043491,1906,11,21,,,0.0,,,94.0,-11.0,,,,,,,,,
USC00043491,1906,11,22,,,0.0,,,89.0,6.0,,,,,,,,,
USC00043491,1906,11,23,,,0.0,,,117.0,-11.0,,,,,,,,,
USC00043491,1906,11,24,,,0.0,,,128.0,-11.0,,,,,,,,,
USC00043491,1906,11,25,,,0.0,,,133.0,-11.0,,,,,,,,,
USC00043491,1906,11,26,,,0.0,,,156.0,0.0,,,,,,,,,
USC00043491,1906,11,27,,,0.0,,,122.0,0.0,,,,,,,,,
USC00043491,1906,11,28,,,0.0,,,189.0,-11.0,,,,,,,,,
USC00043491,1906,11,29,,,0.0,,,156.0,-11.0,,,,,,,,,
USC00043491,1906,11,3,,,254.0,,,122.0,44.0,,,,,,,,,
USC00043491,1906,11,30,,,0.0,,,156.0,-11.0,,,,,,,,,
USC00043491,1906,11,31,,,-9999.0,,,-9999.0,-9999.0,,,,,,,,,
USC00043491,1906,11,4,,,508.0,,,94.0,28.0,,,,,,,,,
USC00043491,1906,11,5,,,0.0,,,122.0,44.0,,,,,,,,,
USC00043491,1906,11,6,,,0.0,,,133.0,0.0,,,,,,,,,
USC00043491,1906,11,7,,,0.0,,,172.0,39.0,,,,,,,,,
USC00043491,1906,11,8,,,0.0,,,233.0,83.0,,,,,,,,,
USC00043491,1906,11,9,,,0.0,,,222.0,44.0,,,,,,,,,
USC00043491,1906,12,1,,,0.0,0.0,,211.0,6.0,,,,,,,,-9999.0,
USC00043491,1906,12,10,,,208.0,0.0,,117.0,56.0,,,,,,,,-9999.0,
USC00043491,1906,12,11,,,874.0,0.0,,128.0,17.0,,,,,,,,-9999.0,
USC00043491,1906,12,12,,,381.0,0.0,,56.0,-39.0,,,,,,,,-9999.0,
USC00043491,1906,12,13,,,127.0,76.0,,122.0,0.0,,,,,,,,-9999.0,
USC00043491,1906,12,14,,,0.0,0.0,,128.0,6.0,,,,,,,,-9999.0,
USC00043491,1906,12,15,,,-9999.0,0.0,,156.0,44.0,,,,,,,,-9999.0,
USC00043491,1906,12,16,,,0.0,0.0,,211.0,72.0,,,,,,,,-9999.0,
USC00043491,1906,12,17,,,0.0,0.0,,239.0,72.0,,,,,,,,-9999.0,
USC00043491,1906,12,18,,,0.0,0.0,,211.0,44.0,,,,,,,,-9999.0,
USC00043491,1906,12,19,,,0.0,0.0,,239.0,56.0,,,,,,,,-9999.0,
USC00043491,1906,12,2,,,0.0,0.0,,211.0,6.0,,,,,,,,-9999.0,
USC00043491,1906,12,20,,,0.0,0.0,,233.0,44.0,,,,,,,,-9999.0,
USC00043491,1906,12,21,,,0.0,0.0,,211.0,11.0,,,,,,,,-9999.0,
USC00043491,1906,12,22,,,0.0,0.0,,211.0,6.0,,,,,,,,-9999.0,
USC00043491,1906,12,23,,,0.0,0.0,,211.0,11.0,,,,,,,,-9999.0,
USC00043491,1906,12,24,,,0.0,0.0,,211.0,6.0,,,,,,,,-9999.0,
USC00043491,1906,12,25,,,381.0,0.0,,183.0,22.0,,,,,,,,-9999.0,
USC00043491,1906,12,26,,,508.0,0.0,,183.0,72.0,,,,,,,,-9999.0,
USC00043491,1906,12,27,,,259.0,0.0,,172.0,44.0,,,,,,,,-9999.0,
USC00043491,1906,12,28,,,0.0,0.0,,211.0,44.0,,,,,,,,-9999.0,
USC00043491,1906,12,29,,,0.0,0.0,,211.0,33.0,,,,,,,,-9999.0,
USC00043491,1906,12,3,,,0.0,0.0,,222.0,6.0,,,,,,,,-9999.0,
USC00043491,1906,12,30,,,0.0,0.0,,211.0,33.0,,,,,,,,-9999.0,
USC00043491,1906,12,31,,,203.0,102.0,,211.0,6.0,,,,,,,,-9999.0,
USC00043491,1906,12,4,,,0.0,0.0,,117.0,6.0,,,,,,,,-9999.0,
USC00043491,1906,12,5,,,0.0,0.0,,150.0,0.0,,,,,,,,-9999.0,
USC00043491,1906,12,6,,,0.0,0.0,,156.0,6.0,,,,,,,,-9999.0,
USC00043491,1906,12,7,,,0.0,0.0,,233.0,6.0,,,,,,,,-9999.0,
USC00043491,1906,12,8,,,462.0,0.0,,172.0,50.0,,,,,,,,1.0,
USC00043491,1906,12,9,,,127.0,0.0,,156.0,11.0,,,,,,,,-9999.0,
USC00043491,1907,1,1,,,0.0,0.0,-9999.0,156.0,-39.0,,,,,,,,,
USC00043491,1907,1,10,,,0.0,0.0,-9999.0,72.0,6.0,,,,,,,,,
USC00043491,1907,1,11,,,0.0,0.0,-9999.0,117.0,6.0,,,,,,,,,
USC00043491,1907,1,12,,,0.0,0.0,-9999.0,128.0,17.0,,,,,,,,,
USC00043491,1907,1,13,,,457.0,457.0,-9999.0,72.0,0.0,,,,,,,,,
USC00043491,1907,1,14,,,305.0,305.0,-9999.0,72.0,0.0,,,,,,,,,
USC00043491,1907,1,15,,,0.0,0.0,-9999.0,72.0,0.0,,,,,,,,,
USC00043491,1907,1,16,,,25.0,25.0,-9999.0,44.0,-39.0,,,,,,,,,
USC00043491,1907,1,17,,,51.0,51.0,-9999.0,44.0,-39.0,,,,,,,,,
USC00043491,1907,1,18,,,0.0,0.0,-9999.0,33.0,-50.0,,,,,,,,,
USC00043491,1907,1,19,,,0.0,0.0,-9999.0,28.0,-50.0,,,,,,,,,
USC00043491,1907,1,2,,,203.0,0.0,-9999.0,72.0,-39.0,,,,,,,,,
USC00043491,1907,1,20,,,0.0,0.0,-9999.0,33.0,-39.0,,,,,,,,,
USC00043491,1907,1,21,,,0.0,0.0,-9999.0,39.0,-44.0,,,,,,,,,
USC00043491,1907,1,22,,,0.0,0.0,-9999.0,72.0,-39.0,,,,,,,,,
USC00043491,1907,1,23,,,0.0,0.0,-9999.0,100.0,-6.0,,,,,,,,,
USC00043491,1907,1,24,,,0.0,0.0,-9999.0,100.0,-6.0,,,,,,,,,
USC00043491,1907,1,25,,,127.0,0.0,-9999.0,133.0,6.0,,,,,,,,,
USC00043491,1907,1,26,,,130.0,0.0,-9999.0,100.0,6.0,,,,,,,,,
USC00043491,1907,1,27,,,66.0,0.0,-9999.0,100.0,6.0,,,,,,,,,
USC00043491,1907,1,28,,,533.0,0.0,-9999.0,72.0,-39.0,,,,,,,,,
USC00043491,1907,1,29,,,0.0,0.0,-9999.0,72.0,-39.0,,,,,,,,,
USC00043491,1907,1,3,,,381.0,0.0,-9999.0,72.0,-39.0,,,,,,,,,
USC00043491,1907,1,30,,,0.0,0.0,-9999.0,72.0,-39.0,,,,,,,,,
USC00043491,1907,1,31,,,127.0,0.0,-9999.0,83.0,-39.0,,,,,,,,,
USC00043491,1907,1,4,,,51.0,51.0,51.0,44.0,-39.0,,,,,,,,,
USC00043491,1907,1,5,,,0.0,0.0,-9999.0,128.0,-39.0,,,,,,,,,
USC00043491,1907,1,6,,,152.0,152.0,152.0,72.0,-39.0,,,,,,,,,
USC00043491,1907,1,7,,,0.0,0.0,-9999.0,72.0,-39.0,,,,,,,,,
USC00043491,1907,1,8,,,51.0,51.0,51.0,78.0,-22.0,,,,,,,,,
USC00043491,1907,1,9,,,0.0,0.0,-9999.0,56.0,6.0,,,,,,,,,
USC00043491,1907,2,1,,,381.0,,,83.0,-33.0,,-9999.0,,,,,,,
USC00043491,1907,2,10,,,0.0,,,56.0,-33.0,,-9999.0,,,,,,,
USC00043491,1907,2,11,,,0.0,,,44.0,-11.0,,-9999.0,,,,,,,
USC00043491,1907,2,12,,,0.0,,,44.0,-22.0,,-9999.0,,,,,,,
USC00043491,1907,2,13,,,0.0,,,56.0,-11.0,,-9999.0,,,,,,,
USC00043491,1907,2,14,,,0.0,,,111.0,0.0,,-9999.0,,,,,,,
USC00043491,1907,2,15,,,0.0,,,156.0,-11.0,,-9999.0,,,,,,,
USC00043491,1907,2,16,,,0.0,,,183.0,17.0,,-9999.0,,,,,,,
USC00043491,1907,2,17,,,157.0,,,156.0,-11.0,,-9999.0,,,,,,,
USC00043491,1907,2,18,,,165.0,,,256.0,-22.0,,-9999.0,,,,,,,
USC00043491,1907,2,19,,,0.0,,,156.0,17.0,,-9999.0,,,,,,,
USC00043491,1907,2,2,,,767.0,,,72.0,-39.0,,-9999.0,,,,,,,
USC00043491,1907,2,20,,,0.0,,,211.0,17.0,,-9999.0,,,,,,,
USC00043491,1907,2,21,,,0.0,,,211.0,-11.0,,-9999.0,,,,,,,
USC00043491,1907,2,22,,,229.0,,,211.0,44.0,,-9999.0,,,,,,,
USC00043491,1907,2,23,,,0.0,,,200.0,44.0,,-9999.0,,,,,,,
USC00043491,1907,2,24,,,0.0,,,256.0,0.0,,-9999.0,,,,,,,
USC00043491,1907,2,25,,,216.0,,,300.0,-39.0,,1.0,,,,,,,
USC00043491,1907,2,26,,,8.0,,,294.0,-78.0,,-9999.0,,,,,,,
USC00043491,1907,2,27,,,0.0,,,239.0,0.0,,-9999.0,,,,,,,
USC00043491,1907,2,28,,,0.0,,,294.0,17.0,,-9999.0,,,,,,,
USC00043491,1907,2,29,,,-9999.0,,,-9999.0,-9999.0,,-9999.0,,,,,,,
USC00043491,1907,2,3,,,254.0,,,100.0,-11.0,,-9999.0,,,,,,,
USC00043491,1907,2,30,,,-9999.0,,,-9999.0,-9999.0,,-9999.0,,,,,,,
USC00043491,1907,2,31,,,-9999.0,,,-9999.0,-9999.0,,-9999.0,,,,,,,
USC00043491,1907,2,4,,,259.0,,,56.0,17.0,,-9999.0,,,,,,,
USC00043491,1907,2,5,,,5.0,,,89.0,56.0,,-9999.0,,,,,,,
USC00043491,1907,2,6,,,0.0,,,72.0,50.0,,-9999.0,,,,,,,
USC00043491,1907,2,7,,,0.0,,,61.0,-61.0,,-9999.0,,,,,,,
USC00043491,1907,2,8,,,0.0,,,44.0,-39.0,,-9999.0,,,,,,,
USC00043491,1907,2,9,,,0.0,,,44.0,-39.0,,-9999.0,,,,,,,
USC00043491,1907,3,1,,,254.0,-9999.0,,106.0,17.0,,,,,,,,-9999.0,-9999.0
USC00043491,1907,3,10,,,259.0,229.0,,100.0,17.0,,,,,,,,-9999.0,-9999.0
USC00043491,1907,3,11,,,25.0,25.0,,100.0,-67.0,,,,,,,,-9999.0,-9999.0
USC00043491,1907,3,12,,,25.0,25.0,,44.0,-67.0,,,,,,,,-9999.0,-9999.0
USC00043491,1907,3,13,,,0.0,-9999.0,,156.0,-67.0,,,,,,,,-9999.0,-9999.0
USC00043491,1907,3,14,,,0.0,-9999.0,,100.0,-39.0,,,,,,,,-9999.0,-9999.0
USC00043491,1907,3,15,,,0.0,-9999.0,,100.0,-22.0,,,,,,,,-9999.0,-9999.0
USC00043491,1907,3,16,,,0.0,-9999.0,,211.0,-11.0,,,,,,,,-9999.0,-9999.0
USC00043491,1907,3,17,,,508.0,-9999.0,,44.0,-11.0,,,,,,,,1.0,-9999.0
USC00043491,1907,3,18,,,508.0,-9999.0,,44.0,17.0,,,,,,,,1.0,-9999.0
USC00043491,1907,3,19,,,508.0,-9999.0,,44.0,17.0,,,,,,,,1.0,-9999.0
USC00043491,1907,3,2,,,8.0,-9999.0,,100.0,-11.0,,,,,,,,-9999.0,-9999.0
USC00043491,1907,3,20,,,483.0,-9999.0,,44.0,-39.0,,,,,,,,-9999.0,1.0
USC00043491,1907,3,21,,,51.0,25.0,,89.0,17.0,,,,,,,,-9999.0,1.0
USC00043491,1907,3,22,,,102.0,102.0,,83.0,-11.0,,,,,,,,-9999.0,1.0
USC00043491,1907,3,23,,,51.0,102.0,,72.0,-11.0,,,,,,,,-9999.0,1.0
USC00043491,1907,3,24,,,762.0,762.0,,44.0,-39.0,,,,,,,,-9999.0,1.0
USC00043491,1907,3,25,,,914.0,76.0,,44.0,-11.0,,,,,,,,-9999.0,-9999.0
USC00043491,1907,3,26,,,991.0,-9999.0,,44.0,-67.0,,,,,,,,-9999.0,-9999.0
USC00043491,1907,3,27,,,0.0,-9999.0,,33.0,-11.0,,,,,,,,-9999.0,-9999.0
USC00043491,1907,3,28,,,0.0,-9999.0,,44.0,17.0,,,,,,,,-9999.0,-9999.0
USC00043491,1907,3,29,,,0.0,-9999.0,,44.0,-11.0,,,,,,,,-9999.0,-9999.0
USC00043491,1907,3,3,,,0.0,-9999.0,,156.0,17.0,,,,,,,,-9999.0,-9999.0
USC00043491,1907,3,30,,,0.0,-9999.0,,72.0,-11.0,,,,,,,,-9999.0,-9999.0
USC00043491,1907,3,31,,,0.0,-9999.0,,100.0,-11.0,,,,,,,,-9999.0,-9999.0
USC00043491,1907,3,4,,,5.0,-9999.0,,89.0,-11.0,,,,,,,,1.0,-9999.0
USC00043491,1907,3,5,,,13.0,-9999.0,,156.0,-11.0,,,,,,,,-9999.0,-9999.0
USC00043491,1907,3,6,,,23.0,-9999.0,,211.0,-22.0,,,,,,,,-9999.0,-9999.0
USC00043491,1907,3,7,,,0.0,-9999.0,,211.0,-39.0,,,,,,,,-9999.0,-9999.0
USC00043491,1907,3,8,,,0.0,-9999.0,,100.0,17.0,,,,,,,,-9999.0,-9999.0
USC00043491,1907,3,9,,,0.0,-9999.0,,211.0,-11.0,,,,,,,,-9999.0,-9999.0
USC00043491,1907,4,1,,,0.0,,,156.0,-11.0,,-9999.0,,,,,,,
USC00043491,1907,4,10,,,0.0,,,222.0,28.0,,-9999.0,,,,,,,
USC00043491,1907,4,11,,,0.0,,,239.0,44.0,,-9999.0,,,,,,,
USC00043491,1907,4,12,,,0.0,,,228.0,28.0,,-9999.0,,,,,,,
USC00043491,1907,4,13,,,0.0,,,267.0,17.0,,-9999.0,,,,,,,
USC00043491,1907,4,14,,,0.0,,,294.0,0.0,,-9999.0,,,,,,,
USC00043491,1907,4,15,,,0.0,,,267.0,44.0,,-9999.0,,,,,,,
USC00043491,1907,4,16,,,0.0,,,267.0,17.0,,-9999.0,,,,,,,
USC00043491,1907,4,17,,,0.0,,,239.0,-11.0,,-9999.0,,,,,,,
USC00043491,1907,4,18,,,0.0,,,222.0,-11.0,,-9999.0,,,,,,,
USC00043491,1907,4,19,,,0.0,,,211.0,-11.0,,-9999.0,,,,,,,
USC00043491,1907,4,2,,,0.0,,,211.0,67.0,,1.0,,,,,,,
USC00043491,1907,4,20,,,0.0,,,222.0,-11.0,,-9999.0,,,,,,,
USC00043491,1907,4,21,,,0.0,,,211.0,0.0,,-9999.0,,,,,,,
USC00043491,1907,4,22,,,0.0,,,211.0,-11.0,,-9999.0,,,,,,,
USC00043491,1907,4,23,,,0.0,,,183.0,0.0,,-9999.0,,,,,,,
USC00043491,1907,4,24,,,0.0,,,194.0,-11.0,,-9999.0,,,,,,,
USC00043491,1907,4,25,,,0.0,,,211.0,17.0,,-9999.0,,,,,,,
USC00043491,1907,4,26,,,0.0,,,183.0,-11.0,,-9999.0,,,,,,,
USC00043491,1907,4,27,,,0.0,,,211.0,17.0,,-9999.0,,,,,,,
USC00043491,1907,4,28,,,0.0,,,206.0,17.0,,-9999.0,,,,,,,
USC00043491,1907,4,29,,,0.0,,,211.0,6.0,,-9999.0,,,,,,,
USC00043491,1907,4,3,,,0.0,,,211.0,72.0,,-9999.0,,,,,,,
USC00043491,1907,4,30,,,0.0,,,200.0,22.0,,-9999.0,,,,,,,
USC00043491,1907,4,31,,,-9999.0,,,-9999.0,-9999.0,,-9999.0,,,,,,,
USC00043491,1907,4,4,,,0.0,,,72.0,-11.0,,1.0,,,,,,,
USC00043491,1907,4,5,,,20.0,,,78.0,-11.0,,-9999.0,,,,,,,
USC00043491,1907,4,6,,,76.0,,,128.0,-11.0,,-9999.0,,,,,,,
USC00043491,1907,4,7,,,0.0,,,156.0,-11.0,,-9999.0,,,,,,,
USC00043491,1907,4,8,,,0.0,,,211.0,6.0,,-9999.0,,,,,,,
USC00043491,1907,4,9,,,0.0,,,211.0,17.0,,-9999.0,,,,,,,
USC00043491,1907,5,1,,,0.0,,,194.0,39.0,,-9999.0,,,,,,-9999.0,
USC00043491,1907,5,10,,,0.0,,,172.0,39.0,,-9999.0,,,,,,-9999.0,
USC00043491,1907,5,11,,,0.0,,,178.0,89.0,,-9999.0,,,,,,1.0,
USC00043491,1907,5,12,,,127.0,,,194.0,6.0,,-9999.0,,,,,,-9999.0,
USC00043491,1907,5,13,,,0.0,,,200.0,6.0,,-9999.0,,,,,,-9999.0,
USC00043491,1907,5,14,,,0.0,,,228.0,133.0,,-9999.0,,,,,,-9999.0,
USC00043491,1907,5,15,,,0.0,,,233.0,128.0,,-9999.0,,,,,,-9999.0,
USC00043491,1907,5,16,,,0.0,,,250.0,139.0,,-9999.0,,,,,,-9999.0,
USC00043491,1907,5,17,,,0.0,,,244.0,106.0,,-9999.0,,,,,,-9999.0,
USC00043491,1907,5,18,,,0.0,,,250.0,122.0,,-9999.0,,,,,,-9999.0,
USC00043491,1907,5,19,,,0.0,,,211.0,17.0,,-9999.0,,,,,,-9999.0,
USC00043491,1907,5,2,,,0.0,,,183.0,72.0,,-9999.0,,,,,,-9999.0,
USC00043491,1907,5,20,,,0.0,,,211.0,-11.0,,-9999.0,,,,,,-9999.0,
USC00043491,1907,5,21,,,0.0,,,211.0,44.0,,-9999.0,,,,,,-9999.0,
USC00043491,1907,5,22,,,0.0,,,156.0,-11.0,,-9999.0,,,,,,-9999.0,
USC00043491,1907,5,23,,,0.0,,,183.0,17.0,,-9999.0,,,,,,-9999.0,
USC00043491,1907,5,24,,,0.0,,,156.0,100.0,,-9999.0,,,,,,-9999.0,
USC00043491,1907,5,25,,,0.0,,,194.0,44.0,,-9999.0,,,,,,-9999.0,
USC00043491,1907,5,26,,,0.0,,,183.0,106.0,,-9999.0,,,,,,-9999.0,
USC00043491,1907,5,27,,,0.0,,,156.0,-11.0,,-9999.0,,,,,,-9999.0,
USC00043491,1907,5,28,,,0.0,,,211.0,156.0,,-9999.0,,,,,,-9999.0,
USC00043491,1907,5,29,,,0.0,,,211.0,183.0,,-9999.0,,,,,,-9999.0,
USC00043491,1907,5,3,,,0.0,,,239.0,28.0,,-9999.0,,,,,,-9999.0,
USC00043491,1907,5,30,,,0.0,,,267.0,156.0,,-9999.0,,,,,,-9999.0,
USC00043491,1907,5,31,,,0.0,,,211.0,156.0,,-9999.0,,,,,,-9999.0,
USC00043491,1907,5,4,,,0.0,,,144.0,39.0,,-9999.0,,,,,,-9999.0,
USC00043491,1907,5,5,,,0.0,,,156.0,39.0,,-9999.0,,,,,,-9999.0,
USC00043491,1907,5,6,,,0.0,,,156.0,44.0,,1.0,,,,,,-9999.0,
USC00043491,1907,5,7,,,0.0,,,144.0,33.0,,1.0,,,,,,-9999.0,
USC00043491,1907,5,8,,,0.0,,,161.0,50.0,,-9999.0,,,,,,-9999.0,
USC00043491,1907,5,9,,,0.0,,,183.0,56.0,,-9999.0,,,,,,-9999.0,
USC00043491,1907,6,1,,,0.0,,,250.0,183.0,,-9999.0,,,,,,-9999.0,
USC00043491,1907,6,10,,,0.0,,,211.0,156.0,,-9999.0,,,,,,-9999.0,
USC00043491,1907,6,11,,,305.0,,,211.0,72.0,,-9999.0,,,,,,-9999.0,
USC00043491,1907,6,12,,,229.0,,,72.0,44.0,,-9999.0,,,,,,-9999.0,
USC00043491,1907,6,13,,,102.0,,,89.0,44.0,,-9999.0,,,,,,1.0,
USC00043491,1907,6,14,,,76.0,,,156.0,44.0,,-9999.0,,,,,,-9999.0,
USC00043491,1907,6,15,,,0.0,,,100.0,-11.0,,-9999.0,,,,,,-9999.0,
USC00043491,1907,6,16,,,0.0,,,156.0,44.0,,-9999.0,,,,,,-9999.0,
USC00043491,1907,6,17,,,0.0,,,156.0,72.0,,-9999.0,,,,,,-9999.0,
USC00043491,1907,6,18,,,0.0,,,211.0,156.0,,-9999.0,,,,,,-9999.0,
USC00043491,1907,6,19,,,0.0,,,211.0,183.0,,-9999.0,,,,,,-9999.0,
USC00043491,1907,6,2,,,0.0,,,239.0,156.0,,-9999.0,,,,,,-9999.0,
USC00043491,1907,6,20,,,0.0,,,211.0,156.0,,-9999.0,,,,,,-9999.0,
USC00043491,1907,6,21,,,0.0,,,211.0,183.0,,-9999.0,,,,,,-9999.0,
USC00043491,1907,6,22,,,76.0,,,211.0,156.0,,-9999.0,,,,,,-9999.0,
USC00043491,1907,6,23,,,0.0,,,183.0,100.0,,-9999.0,,,,,,-9999.0,
USC00043491,1907,6,24,,,0.0,,,211.0,156.0,,-9999.0,,,,,,-9999.0,
USC00043491,1907,6,25,,,0.0,,,222.0,183.0,,-9999.0,,,,,,-9999.0,
USC00043491,1907,6,26,,,0.0,,,294.0,189.0,,-9999.0,,,,,,-9999.0,
USC00043491,1907,6,27,,,0.0,,,267.0,211.0,,-9999.0,,,,,,-9999.0,
USC00043491,1907,6,28,,,0.0,,,294.0,211.0,,-9999.0,,,,,,-9999.0,
USC00043491,1907,6,29,,,0.0,,,267.0,183.0,,-9999.0,,,,,,-9999.0,
USC00043491,1907,6,3,,,0.0,,,217.0,100.0,,-9999.0,,,,,,-9999.0,
USC00043491,1907,6,30,,,0.0,,,211.0,156.0,,-9999.0,,,,,,-9999.0,
USC00043491,1907,6,31,,,-9999.0,,,-9999.0,-9999.0,,-9999.0,,,,,,-9999.0,
USC00043491,1907,6,4,,,0.0,,,211.0,156.0,,-9999.0,,,,,,-9999.0,
USC00043491,1907,6,5,,,0.0,,,211.0,156.0,,-9999.0,,,,,,-9999.0,
USC00043491,1907,6,6,,,0.0,,,183.0,100.0,,1.0,,,,,,-9999.0,
USC00043491,1907,6,7,,,0.0,,,156.0,128.0,,-9999.0,,,,,,-9999.0,
USC00043491,1907,6,8,,,0.0,,,156.0,128.0,,-9999.0,,,,,,-9999.0,
USC00043491,1907,6,9,,,0.0,,,211.0,183.0,,-9999.0,,,,,,-9999.0,
USC00043491,1907,7,1,,,0.0,,,250.0,156.0,,,,,,,,,
USC00043491,1907,7,10,,,0.0,,,294.0,100.0,,,,,,,,,
USC00043491,1907,7,11,,,0.0,,,306.0,144.0,,,,,,,,,
USC00043491,1907,7,12,,,0.0,,,311.0,139.0,,,,,,,,,
USC00043491,1907,7,13,,,0.0,,,294.0,172.0,,,,,,,,,
USC00043491,1907,7,14,,,0.0,,,283.0,144.0,,,,,,,,,
USC00043491,1907,7,15,,,0.0,,,289.0,128.0,,,,,,,,,
USC00043491,1907,7,16,,,0.0,,,272.0,117.0,,,,,,,,,
USC00043491,1907,7,17,,,0.0,,,283.0,122.0,,,,,,,,,
USC00043491,1907,7,18,,,0.0,,,322.0,161.0,,,,,,,,,
USC00043491,1907,7,19,,,0.0,,,317.0,156.0,,,,,,,,,
USC00043491,1907,7,2,,,0.0,,,278.0,211.0,,,,,,,,,
USC00043491,1907,7,20,,,0.0,,,311.0,139.0,,,,,,,,,
USC00043491,1907,7,21,,,0.0,,,317.0,144.0,,,,,,,,,
USC00043491,1907,7,22,,,0.0,,,311.0,150.0,,,,,,,,,
USC00043491,1907,7,23,,,0.0,,,311.0,156.0,,,,,,,,,
USC00043491,1907,7,24,,,0.0,,,306.0,139.0,,,,,,,,,
USC00043491,1907,7,25,,,0.0,,,317.0,161.0,,,,,,,,,
USC00043491,1907,7,26,,,0.0,,,322.0,172.0,,,,,,,,,
USC00043491,1907,7,27,,,0.0,,,317.0,161.0,,,,,,,,,
USC00043491,1907,7,28,,,0.0,,,322.0,167.0,,,,,,,,,
USC00043491,1907,7,29,,,0.0,,,322.0,183.0,,,,,,,,,
USC00043491,1907,7,3,,,0.0,,,222.0,161.0,,,,,,,,,
USC00043491,1907,7,30,,,0.0,,,322.0,172.0,,,,,,,,,
USC00043491,1907,7,31,,,0.0,,,328.0,178.0,,,,,,,,,
USC00043491,1907,7,4,,,0.0,,,272.0,256.0,,,,,,,,,
USC00043491,1907,7,5,,,0.0,,,272.0,217.0,,,,,,,,,
USC00043491,1907,7,6,,,0.0,,,294.0,222.0,,,,,,,,,
USC00043491,1907,7,7,,,0.0,,,300.0,200.0,,,,,,,,,
USC00043491,1907,7,8,,,0.0,,,294.0,128.0,,,,,,,,,
USC00043491,1907,7,9,,,0.0,,,283.0,111.0,,,,,,,,,
USC00043491,1907,8,1,,,0.0,,,328.0,161.0,,,,,,,,,
USC00043491,1907,8,10,,,0.0,,,311.0,100.0,,,,,,,,,
USC00043491,1907,8,11,,,0.0,,,317.0,128.0,,,,,,,,,
USC00043491,1907,8,12,,,0.0,,,328.0,144.0,,,,,,,,,
USC00043491,1907,8,13,,,0.0,,,328.0,150.0,,,,,,,,,
USC00043491,1907,8,14,,,0.0,,,322.0,189.0,,,,,,,,,
USC00043491,1907,8,15,,,0.0,,,328.0,139.0,,,,,,,,,
USC00043491,1907,8,16,,,0.0,,,328.0,150.0,,,,,,,,,
USC00043491,1907,8,17,,,0.0,,,317.0,139.0,,,,,,,,,
USC00043491,1907,8,18,,,0.0,,,311.0,128.0,,,,,,,,,
USC00043491,1907,8,19,,,0.0,,,322.0,128.0,,,,,,,,,
USC00043491,1907,8,2,,,0.0,,,322.0,167.0,,,,,,,,,
USC00043491,1907,8,20,,,0.0,,,350.0,122.0,,,,,,,,,
USC00043491,1907,8,21,,,0.0,,,317.0,106.0,,,,,,,,,
USC00043491,1907,8,22,,,0.0,,,317.0,106.0,,,,,,,,,
USC00043491,1907,8,23,,,0.0,,,306.0,111.0,,,,,,,,,
USC00043491,1907,8,24,,,0.0,,,311.0,111.0,,,,,,,,,
USC00043491,1907,8,25,,,0.0,,,322.0,106.0,,,,,,,,,
USC00043491,1907,8,26,,,0.0,,,328.0,72.0,,,,,,,,,
USC00043491,1907,8,27,,,0.0,,,317.0,56.0,,,,,,,,,
USC00043491,1907,8,28,,,0.0,,,294.0,61.0,,,,,,,,,
USC00043491,1907,8,29,,,0.0,,,311.0,50.0,,,,,,,,,
USC00043491,1907,8,3,,,0.0,,,317.0,150.0,,,,,,,,,
USC00043491,1907,8,30,,,0.0,,,267.0,72.0,,,,,,,,,
USC00043491,1907,8,31,,,0.0,,,294.0,94.0,,,,,,,,,
USC00043491,1907,8,4,,,0.0,,,311.0,161.0,,,,,,,,,
USC00043491,1907,8,5,,,0.0,,,317.0,156.0,,,,,,,,,
USC00043491,1907,8,6,,,0.0,,,311.0,144.0,,,,,,,,,
USC00043491,1907,8,7,,,0.0,,,311.0,156.0,,,,,,,,,
USC00043491,1907,8,8,,,0.0,,,289.0,139.0,,,,,,,,,
USC00043491,1907,8,9,,,0.0,,,294.0,106.0,,,,,,,,,
USC00043491,1907,9,1,,,,,,311.0,100.0,,,,,,,,,
USC00043491,1907,9,10,,,,,,322.0,83.0,,,,,,,,,
USC00043491,1907,9,11,,,,,,317.0,89.0,,,,,,,,,
USC00043491,1907,9,12,,,,,,311.0,67.0,,,,,,,,,
USC00043491,1907,9,13,,,,,,311.0,78.0,,,,,,,,,
USC00043491,1907,9,14,,,,,,306.0,67.0,,,,,,,,,
USC00043491,1907,9,15,,,,,,306.0,72.0,,,,,,,,,
USC00043491,1907,9,16,,,,,,272.0,61.0,,,,,,,,,
USC00043491,1907,9,17,,,,,,283.0,72.0,,,,,,,,,
USC00043491,1907,9,18,,,,,,306.0,72.0,,,,,,,,,
USC00043491,1907,9,19,,,,,,311.0,67.0,,,,,,,,,
USC00043491,1907,9,2,,,,,,306.0,117.0,,,,,,,,,
USC00043491,1907,9,20,,,,,,317.0,83.0,,,,,,,,,
USC00043491,1907,9,21,,,,,,306.0,83.0,,,,,,,,,
USC00043491,1907,9,22,,,,,,300.0,78.0,,,,,,,,,
USC00043491,1907,9,23,,,,,,289.0,78.0,,,,,,,,,
USC00043491,1907,9,24,,,,,,294.0,61.0,,,,,,,,,
USC00043491,1907,9,25,,,,,,289.0,61.0,,,,,,,,,
USC00043491,1907,9,26,,,,,,294.0,50.0,,,,,,,,,
USC00043491,1907,9,27,,,,,,289.0,50.0,,,,,,,,,
USC00043491,1907,9,28,,,,,,267.0,56.0,,,,,,,,,
USC00043491,1907,9,29,,,,,,283.0,61.0,,,,,,,,,
USC00043491,1907,9,3,,,,,,283.0,89.0,,,,,,,,,
USC00043491,1907,9,30,,,,,,278.0,50.0,,,,,,,,,
USC00043491,1907,9,31,,,,,,-9999.0,-9999.0,,,,,,,,,
USC00043491,1907,9,4,,,,,,306.0,72.0,,,,,,,,,
USC00043491,1907,9,5,,,,,,294.0,78.0,,,,,,,,,
USC00043491,1907,9,6,,,,,,294.0,67.0,,,,,,,,,
USC00043491,1907,9,7,,,,,,300.0,67.0,,,,,,,,,
USC00043491,1907,9,8,,,,,,317.0,83.0,,,,,,,,,
USC00043491,1907,9,9,,,,,,333.0,83.0,,,,,,,,,
USC00043491,1907,10,1,,,0.0,,,272.0,67.0,,,,,,,,-9999.0,
USC00043491,1907,10,10,,,0.0,,,322.0,78.0,,,,,,,,-9999.0,
USC00043491,1907,10,11,,,0.0,,,289.0,67.0,,,,,,,,-9999.0,
USC00043491,1907,10,12,,,0.0,,,294.0,44.0,,,,,,,,-9999.0,
USC00043491,1907,10,13,,,0.0,,,289.0,56.0,,,,,,,,-9999.0,
USC00043491,1907,10,14,,,0.0,,,289.0,61.0,,,,,,,,-9999.0,
USC00043491,1907,10,15,,,0.0,,,306.0,72.0,,,,,,,,-9999.0,
USC00043491,1907,10,16,,,0.0,,,278.0,67.0,,,,,,,,-9999.0,
USC00043491,1907,10,17,,,0.0,,,289.0,61.0,,,,,,,,-9999.0,
USC00043491,1907,10,18,,,0.0,,,300.0,67.0,,,,,,,,-9999.0,
USC00043491,1907,10,19,,,0.0,,,294.0,72.0,,,,,,,,-9999.0,
USC00043491,1907,10,2,,,0.0,,,278.0,44.0,,,,,,,,-9999.0,
USC00043491,1907,10,20,,,0.0,,,283.0,67.0,,,,,,,,-9999.0,
USC00043491,1907,10,21,,,0.0,,,289.0,50.0,,,,,,,,-9999.0,
USC00043491,1907,10,22,,,0.0,,,278.0,61.0,,,,,,,,-9999.0,
USC00043491,1907,10,23,,,0.0,,,278.0,50.0,,,,,,,,-9999.0,
USC00043491,1907,10,24,,,64.0,,,267.0,94.0,,,,,,,,1.0,
USC00043491,1907,10,25,,,38.0,,,256.0,78.0,,,,,,,,-9999.0,
USC00043491,1907,10,26,,,41.0,,,261.0,67.0,,,,,,,,-9999.0,
USC00043491,1907,10,27,,,64.0,,,250.0,56.0,,,,,,,,1.0,
USC00043491,1907,10,28,,,0.0,,,239.0,44.0,,,,,,,,-9999.0,
USC00043491,1907,10,29,,,0.0,,,256.0,67.0,,,,,,,,-9999.0,
USC00043491,1907,10,3,,,0.0,,,283.0,61.0,,,,,,,,-9999.0,
USC00043491,1907,10,30,,,51.0,,,244.0,72.0,,,,,,,,-9999.0,
USC00043491,1907,10,31,,,0.0,,,256.0,44.0,,,,,,,,-9999.0,
USC00043491,1907,10,4,,,0.0,,,300.0,72.0,,,,,,,,-9999.0,
USC00043491,1907,10,5,,,0.0,,,289.0,72.0,,,,,,,,-9999.0,
USC00043491,1907,10,6,,,0.0,,,300.0,67.0,,,,,,,,-9999.0,
USC00043491,1907,10,7,,,0.0,,,294.0,56.0,,,,,,,,-9999.0,
USC00043491,1907,10,8,,,0.0,,,289.0,67.0,,,,,,,,-9999.0,
USC00043491,1907,10,9,,,0.0,,,306.0,83.0,,,,,,,,-9999.0,
USC00043491,1907,11,1,,,0.0,,,256.0,50.0,,,,,,,,,
USC00043491,1907,11,10,,,0.0,,,244.0,61.0,,,,,,,,,
USC00043491,1907,11,11,,,0.0,,,250.0,61.0,,,,,,,,,
USC00043491,1907,11,12,,,0.0,,,222.0,67.0,,,,,,,,,
USC00043491,1907,11,13,,,0.0,,,211.0,67.0,,,,,,,,,
USC00043491,1907,11,14,,,0.0,,,250.0,72.0,,,,,,,,,
USC00043491,1907,11,15,,,0.0,,,222.0,72.0,,,,,,,,,
USC00043491,1907,11,16,,,51.0,,,167.0,17.0,,,,,,,,,
USC00043491,1907,11,17,,,0.0,,,172.0,17.0,,,,,,,,,
USC00043491,1907,11,18,,,0.0,,,167.0,33.0,,,,,,,,,
USC00043491,1907,11,19,,,0.0,,,128.0,33.0,,,,,,,,,
USC00043491,1907,11,2,,,0.0,,,283.0,61.0,,,,,,,,,
USC00043491,1907,11,20,,,0.0,,,128.0,0.0,,,,,,,,,
USC00043491,1907,11,21,,,0.0,,,178.0,22.0,,,,,,,,,
USC00043491,1907,11,22,,,0.0,,,122.0,11.0,,,,,,,,,
USC00043491,1907,11,23,,,0.0,,,156.0,28.0,,,,,,,,,
USC00043491,1907,11,24,,,0.0,,,172.0,33.0,,,,,,,,,
USC00043491,1907,11,25,,,0.0,,,206.0,39.0,,,,,,,,,
USC00043491,1907,11,26,,,0.0,,,189.0,39.0,,,,,,,,,
USC00043491,1907,11,27,,,0.0,,,178.0,22.0,,,,,,,,,
USC00043491,1907,11,28,,,0.0,,,211.0,22.0,,,,,,,,,
USC00043491,1907,11,29,,,0.0,,,200.0,94.0,,,,,,,,,
USC00043491,1907,11,3,,,0.0,,,239.0,72.0,,,,,,,,,
USC00043491,1907,11,30,,,0.0,,,222.0,72.0,,,,,,,,,
USC00043491,1907,11,31,,,-9999.0,,,-9999.0,-9999.0,,,,,,,,,
USC00043491,1907,11,4,,,0.0,,,256.0,72.0,,,,,,,,,
USC00043491,1907,11,5,,,0.0,,,250.0,78.0,,,,,,,,,
USC00043491,1907,11,6,,,0.0,,,250.0,67.0,,,,,,,,,
USC00043491,1907,11,7,,,0.0,,,244.0,78.0,,,,,,,,,
USC00043491,1907,11,8,,,0.0,,,250.0,83.0,,,,,,,,,
USC00043491,1907,11,9,,,0.0,,,239.0,78.0,,,,,,,,,
USC00043491,1907,12,1,,,0.0,,,239.0,78.0,,,,,,,,,
USC00043491,1907,12,10,,,419.0,,,128.0,39.0,,,,,,,,,
USC00043491,1907,12,11,,,0.0,,,100.0,-11.0,,,,,,,,,
USC00043491,1907,12,12,,,51.0,,,144.0,-11.0,,,,,,,,,
USC00043491,1907,12,13,,,127.0,,,100.0,-6.0,,,,,,,,,
USC00043491,1907,12,14,,,0.0,,,78.0,-22.0,,,,,,,,,
USC00043491,1907,12,15,,,76.0,,,56.0,17.0,,,,,,,,,
USC00043491,1907,12,16,,,0.0,,,128.0,0.0,,,,,,,,,
USC00043491,1907,12,17,,,0.0,,,111.0,0.0,,,,,,,,,
USC00043491,1907,12,18,,,0.0,,,128.0,0.0,,,,,,,,,
USC00043491,1907,12,19,,,0.0,,,72.0,0.0,,,,,,,,,
USC00043491,1907,12,2,,,0.0,,,244.0,72.0,,,,,,,,,
USC00043491,1907,12,20,,,178.0,,,117.0,6.0,,,,,,,,,
USC00043491,1907,12,21,,,0.0,,,156.0,-11.0,,,,,,,,,
USC00043491,1907,12,22,,,0.0,,,172.0,-11.0,,,,,,,,,
USC00043491,1907,12,23,,,0.0,,,183.0,0.0,,,,,,,,,
USC00043491,1907,12,24,,,0.0,,,144.0,17.0,,,,,,,,,
USC00043491,1907,12,25,,,0.0,,,100.0,39.0,,,,,,,,,
USC00043491,1907,12,26,,,267.0,,,89.0,44.0,,,,,,,,,
USC00043491,1907,12,27,,,178.0,,,72.0,39.0,,,,,,,,,
USC00043491,1907,12,28,,,0.0,,,89.0,0.0,,,,,,,,,
USC00043491,1907,12,29,,,127.0,,,156.0,-6.0,,,,,,,,,
USC00043491,1907,12,3,,,0.0,,,128.0,83.0,,,,,,,,,
USC00043491,1907,12,30,,,267.0,,,156.0,-9999.0,,,,,,,,,
USC00043491,1907,12,31,,,272.0,,,94.0,0.0,,,,,,,,,
USC00043491,1907,12,4,,,0.0,,,122.0,89.0,,,,,,,,,
USC00043491,1907,12,5,,,216.0,,,100.0,44.0,,,,,,,,,
USC00043491,1907,12,6,,,38.0,,,100.0,44.0,,,,,,,,,
USC00043491,1907,12,7,,,546.0,,,72.0,44.0,,,,,,,,,
USC00043491,1907,12,8,,,152.0,,,144.0,33.0,,,,,,,,,
USC00043491,1907,12,9,,,0.0,,,206.0,33.0,,,,,,,,,
USC00043491,1908,1,1,,,127.0,0.0,,0.0,-39.0,,,,,,,,-9999.0,
USC00043491,1908,1,10,,,0.0,0.0,,167.0,0.0,,,,,,,,-9999.0,
USC00043491,1908,1,11,,,0.0,0.0,,156.0,-11.0,,,,,,,,-9999.0,
USC00043491,1908,1,12,,,0.0,0.0,,144.0,0.0,,,,,,,,-9999.0,
USC00043491,1908,1,13,,,25.0,0.0,,211.0,-11.0,,,,,,,,-9999.0,
USC00043491,1908,1,14,,,114.0,0.0,,139.0,-50.0,,,,,,,,-9999.0,
USC00043491,1908,1,15,,,0.0,0.0,,111.0,-39.0,,,,,,,,-9999.0,
USC00043491,1908,1,16,,,0.0,0.0,,89.0,-39.0,,,,,,,,-9999.0,
USC00043491,1908,1,17,,,0.0,0.0,,156.0,-33.0,,,,,,,,-9999.0,
USC00043491,1908,1,18,,,38.0,0.0,,144.0,-11.0,,,,,,,,-9999.0,
USC00043491,1908,1,19,,,38.0,0.0,,111.0,0.0,,,,,,,,1.0,
USC00043491,1908,1,2,,,0.0,0.0,,128.0,-50.0,,,,,,,,-9999.0,
USC00043491,1908,1,20,,,114.0,0.0,,89.0,-11.0,,,,,,,,1.0,
USC00043491,1908,1,21,,,203.0,0.0,,94.0,22.0,,,,,,,,1.0,
USC00043491,1908,1,22,,,38.0,0.0,,100.0,44.0,,,,,,,,-9999.0,
USC00043491,1908,1,23,,,0.0,0.0,,156.0,-22.0,,,,,,,,-9999.0,
USC00043491,1908,1,24,,,114.0,102.0,,89.0,-67.0,,,,,,,,-9999.0,
USC00043491,1908,1,25,,,38.0,0.0,,89.0,-22.0,,,,,,,,-9999.0,
USC00043491,1908,1,26,,,0.0,0.0,,72.0,-28.0,,,,,,,,-9999.0,
USC00043491,1908,1,27,,,0.0,0.0,,94.0,-39.0,,,,,,,,-9999.0,
USC00043491,1908,1,28,,,0.0,0.0,,111.0,0.0,,,,,,,,-9999.0,
USC00043491,1908,1,29,,,0.0,0.0,,122.0,-56.0,,,,,,,,-9999.0,
USC00043491,1908,1,3,,,0.0,0.0,,144.0,-56.0,,,,,,,,-9999.0,
USC00043491,1908,1,30,,,0.0,0.0,,122.0,-67.0,,,,,,,,-9999.0,
USC00043491,1908,1,31,,,0.0,0.0,,78.0,-67.0,,,,,,,,-9999.0,
USC00043491,1908,1,4,,,0.0,0.0,,111.0,-67.0,,,,,,,,-9999.0,
USC00043491,1908,1,5,,,0.0,0.0,,100.0,-67.0,,,,,,,,-9999.0,
USC00043491,1908,1,6,,,0.0,0.0,,144.0,0.0,,,,,,,,-9999.0,
USC00043491,1908,1,7,,,0.0,0.0,,156.0,-6.0,,,,,,,,-9999.0,
USC00043491,1908,1,8,,,0.0,0.0,,200.0,-22.0,,,,,,,,-9999.0,
USC00043491,1908,1,9,,,127.0,0.0,,117.0,-17.0,,,,,,,,-9999.0,
USC00043491,1908,2,1,,,102.0,0.0,0.0,44.0,-11.0,,,,,,,,,
USC00043491,1908,2,10,,,0.0,0.0,0.0,111.0,6.0,,,,,,,,,
USC00043491,1908,2,11,,,38.0,0.0,-9999.0,72.0,-39.0,,,,,,,,,
USC00043491,1908,2,12,,,0.0,0.0,-9999.0,100.0,-39.0,,,,,,,,,
USC00043491,1908,2,13,,,0.0,0.0,-9999.0,128.0,-28.0,,,,,,,,,
USC00043491,1908,2,14,,,0.0,0.0,-9999.0,144.0,-22.0,,,,,,,,,
USC00043491,1908,2,15,,,0.0,0.0,-9999.0,139.0,-11.0,,,,,,,,,
USC00043491,1908,2,16,,,0.0,0.0,-9999.0,128.0,-28.0,,,,,,,,,
USC00043491,1908,2,17,,,0.0,0.0,-9999.0,144.0,-11.0,,,,,,,,,
USC00043491,1908,2,18,,,0.0,0.0,-9999.0,139.0,-6.0,,,,,,,,,
USC00043491,1908,2,19,,,0.0,0.0,-9999.0,150.0,-17.0,,,,,,,,,
USC00043491,1908,2,2,,,152.0,0.0,-9999.0,72.0,-28.0,,,,,,,,,
USC00043491,1908,2,20,,,0.0,0.0,-9999.0,144.0,0.0,,,,,,,,,
USC00043491,1908,2,21,,,0.0,0.0,-9999.0,139.0,17.0,,,,,,,,,
USC00043491,1908,2,22,,,0.0,0.0,-9999.0,144.0,6.0,,,,,,,,,
USC00043491,1908,2,23,,,0.0,0.0,-9999.0,156.0,-6.0,,,,,,,,,
USC00043491,1908,2,24,,,0.0,0.0,-9999.0,183.0,0.0,,,,,,,,,
USC00043491,1908,2,25,,,0.0,0.0,-9999.0,211.0,44.0,,,,,,,,,
USC00043491,1908,2,26,,,0.0,0.0,-9999.0,200.0,44.0,,,,,,,,,
USC00043491,1908,2,27,,,0.0,0.0,-9999.0,156.0,11.0,,,,,,,,,
USC00043491,1908,2,28,,,0.0,0.0,-9999.0,150.0,-6.0,,,,,,,,,
USC00043491,1908,2,29,,,203.0,152.0,152.0,128.0,-6.0,,,,,,,,,
USC00043491,1908,2,3,,,0.0,0.0,-9999.0,89.0,-56.0,,,,,,,,,
USC00043491,1908,2,30,,,-9999.0,-9999.0,-9999.0,-9999.0,-9999.0,,,,,,,,,
USC00043491,1908,2,31,,,-9999.0,-9999.0,-9999.0,-9999.0,-9999.0,,,,,,,,,
USC00043491,1908,2,4,,,51.0,0.0,-9999.0,56.0,-56.0,,,,,,,,,
USC00043491,1908,2,5,,,0.0,0.0,-9999.0,200.0,-39.0,,,,,,,,,
USC00043491,1908,2,6,,,0.0,0.0,-9999.0,128.0,0.0,,,,,,,,,
USC00043491,1908,2,7,,,38.0,0.0,-9999.0,144.0,17.0,,,,,,,,,
USC00043491,1908,2,8,,,0.0,0.0,-9999.0,111.0,17.0,,,,,,,,,
USC00043491,1908,2,9,,,0.0,0.0,-9999.0,72.0,-11.0,,,,,,,,,
USC00043491,1908,3,1,,,114.0,152.0,305.0,72.0,-22.0,,,,,,,,,-9999.0
USC00043491,1908,3,10,,,0.0,0.0,-9999.0,89.0,50.0,,,,,,,,,-9999.0
USC00043491,1908,3,11,,,0.0,0.0,-9999.0,183.0,89.0,,,,,,,,,-9999.0
USC00043491,1908,3,12,,,0.0,0.0,-9999.0,183.0,72.0,,,,,,,,,-9999.0
USC00043491,1908,3,13,,,0.0,0.0,-9999.0,194.0,89.0,,,,,,,,,-9999.0
USC00043491,1908,3,14,,,0.0,0.0,-9999.0,211.0,89.0,,,,,,,,,-9999.0
USC00043491,1908,3,15,,,0.0,0.0,-9999.0,239.0,100.0,,,,,,,,,-9999.0
USC00043491,1908,3,16,,,0.0,0.0,-9999.0,261.0,100.0,,,,,,,,,-9999.0
USC00043491,1908,3,17,,,0.0,0.0,-9999.0,239.0,89.0,,,,,,,,,-9999.0
USC00043491,1908,3,18,,,0.0,0.0,-9999.0,211.0,61.0,,,,,,,,,-9999.0
USC00043491,1908,3,19,,,0.0,0.0,-9999.0,211.0,83.0,,,,,,,,,-9999.0
USC00043491,1908,3,2,,,102.0,102.0,356.0,17.0,-11.0,,,,,,,,,1.0
USC00043491,1908,3,20,,,0.0,0.0,-9999.0,278.0,89.0,,,,,,,,,-9999.0
USC00043491,1908,3,21,,,0.0,0.0,-9999.0,228.0,56.0,,,,,,,,,-9999.0
USC00043491,1908,3,22,,,0.0,0.0,-9999.0,228.0,61.0,,,,,,,,,-9999.0
USC00043491,1908,3,23,,,0.0,0.0,-9999.0,267.0,78.0,,,,,,,,,-9999.0
USC00043491,1908,3,24,,,0.0,0.0,0.0,211.0,89.0,,,,,,,,,-9999.0
USC00043491,1908,3,25,,,0.0,0.0,-9999.0,200.0,6.0,,,,,,,,,-9999.0
USC00043491,1908,3,26,,,0.0,0.0,-9999.0,89.0,-6.0,,,,,,,,,-9999.0
USC00043491,1908,3,27,,,0.0,0.0,-9999.0,133.0,-6.0,,,,,,,,,-9999.0
USC00043491,1908,3,28,,,0.0,0.0,-9999.0,44.0,0.0,,,,,,,,,-9999.0
USC00043491,1908,3,29,,,0.0,0.0,-9999.0,56.0,6.0,,,,,,,,,-9999.0
USC00043491,1908,3,3,,,102.0,102.0,457.0,17.0,0.0,,,,,,,,,-9999.0
USC00043491,1908,3,30,,,0.0,0.0,-9999.0,172.0,-39.0,,,,,,,,,-9999.0
USC00043491,1908,3,31,,,38.0,0.0,-9999.0,100.0,-11.0,,,,,,,,,-9999.0
USC00043491,1908,3,4,,,51.0,51.0,508.0,44.0,-22.0,,,,,,,,,-9999.0
USC00043491,1908,3,5,,,152.0,152.0,406.0,33.0,-22.0,,,,,,,,,1.0
USC00043491,1908,3,6,,,152.0,152.0,508.0,33.0,-50.0,,,,,,,,,-9999.0
USC00043491,1908,3,7,,,0.0,0.0,305.0,-11.0,-22.0,,,,,,,,,-9999.0
USC00043491,1908,3,8,,,0.0,0.0,152.0,56.0,22.0,,,,,,,,,-9999.0
USC00043491,1908,3,9,,,0.0,0.0,51.0,56.0,22.0,,,,,,,,,-9999.0
USC00043491,1908,4,1,,,0.0,,,128.0,-11.0,,-9999.0,,,,,,-9999.0,
USC00043491,1908,4,10,,,0.0,,,278.0,133.0,,-9999.0,,,,,,-9999.0,
USC00043491,1908,4,11,,,0.0,,,306.0,139.0,,-9999.0,,,,,,-9999.0,
USC00043491,1908,4,12,,,0.0,,,294.0,128.0,,-9999.0,,,,,,-9999.0,
USC00043491,1908,4,13,,,0.0,,,267.0,128.0,,-9999.0,,,,,,-9999.0,
USC00043491,1908,4,14,,,0.0,,,261.0,133.0,,-9999.0,,,,,,-9999.0,
USC00043491,1908,4,15,,,13.0,,,183.0,39.0,,-9999.0,,,,,,-9999.0,
USC00043491,1908,4,16,,,38.0,,,128.0,33.0,,-9999.0,,,,,,-9999.0,
USC00043491,1908,4,17,,,0.0,,,144.0,33.0,,-9999.0,,,,,,-9999.0,
USC00043491,1908,4,18,,,0.0,,,183.0,61.0,,-9999.0,,,,,,-9999.0,
USC00043491,1908,4,19,,,0.0,,,261.0,89.0,,-9999.0,,,,,,-9999.0,
USC00043491,1908,4,2,,,0.0,,,144.0,17.0,,-9999.0,,,,,,-9999.0,
USC00043491,1908,4,20,,,0.0,,,239.0,89.0,,-9999.0,,,,,,-9999.0,
USC00043491,1908,4,21,,,0.0,,,200.0,56.0,,-9999.0,,,,,,-9999.0,
USC00043491,1908,4,22,,,51.0,,,128.0,22.0,,-9999.0,,,,,,1.0,
USC00043491,1908,4,23,,,51.0,,,128.0,17.0,,-9999.0,,,,,,1.0,
USC00043491,1908,4,24,,,25.0,,,72.0,17.0,,1.0,,,,,,-9999.0,
USC00043491,1908,4,25,,,0.0,,,144.0,33.0,,-9999.0,,,,,,-9999.0,
USC00043491,1908,4,26,,,0.0,,,233.0,89.0,,-9999.0,,,,,,-9999.0,
USC00043491,1908,4,27,,,0.0,,,239.0,128.0,,-9999.0,,,,,,-9999.0,
USC00043491,1908,4,28,,,0.0,,,261.0,128.0,,-9999.0,,,,,,-9999.0,
USC00043491,1908,4,29,,,0.0,,,278.0,144.0,,-9999.0,,,,,,-9999.0,
USC00043491,1908,4,3,,,0.0,,,206.0,33.0,,-9999.0,,,,,,-9999.0,
USC00043491,1908,4,30,,,0.0,,,256.0,128.0,,-9999.0,,,,,,-9999.0,
USC00043491,1908,4,31,,,-9999.0,,,-9999.0,-9999.0,,-9999.0,,,,,,-9999.0,
USC00043491,1908,4,4,,,0.0,,,183.0,44.0,,-9999.0,,,,,,-9999.0,
USC00043491,1908,4,5,,,0.0,,,183.0,44.0,,-9999.0,,,,,,-9999.0,
USC00043491,1908,4,6,,,0.0,,,206.0,39.0,,-9999.0,,,,,,-9999.0,
USC00043491,1908,4,7,,,0.0,,,144.0,6.0,,-9999.0,,,,,,-9999.0,
USC00043491,1908,4,8,,,0.0,,,183.0,28.0,,-9999.0,,,,,,-9999.0,
USC00043491,1908,4,9,,,0.0,,,267.0,78.0,,-9999.0,,,,,,-9999.0,
USC00043491,1908,5,1,,,284.0,0.0,,239.0,100.0,,,,,,,,-9999.0,
USC00043491,1908,5,10,,,0.0,0.0,,167.0,67.0,,,,,,,,-9999.0,
USC00043491,1908,5,11,,,216.0,0.0,,167.0,44.0,,,,,,,,-9999.0,
USC00043491,1908,5,12,,,64.0,0.0,,150.0,44.0,,,,,,,,-9999.0,
USC00043491,1908,5,13,,,0.0,0.0,,161.0,67.0,,,,,,,,-9999.0,
USC00043491,1908,5,14,,,33.0,0.0,,150.0,50.0,,,,,,,,1.0,
USC00043491,1908,5,15,,,279.0,25.0,,111.0,17.0,,,,,,,,-9999.0,
USC00043491,1908,5,16,,,43.0,0.0,,172.0,50.0,,,,,,,,-9999.0,
USC00043491,1908,5,17,,,0.0,0.0,,206.0,89.0,,,,,,,,-9999.0,
USC00043491,1908,5,18,,,0.0,0.0,,150.0,61.0,,,,,,,,-9999.0,
USC00043491,1908,5,19,,,305.0,0.0,,133.0,33.0,,,,,,,,-9999.0,
USC00043491,1908,5,2,,,0.0,0.0,,161.0,6.0,,,,,,,,-9999.0,
USC00043491,1908,5,20,,,0.0,0.0,,183.0,61.0,,,,,,,,-9999.0,
USC00043491,1908,5,21,,,0.0,0.0,,222.0,83.0,,,,,,,,-9999.0,
USC00043491,1908,5,22,,,0.0,0.0,,261.0,106.0,,,,,,,,-9999.0,
USC00043491,1908,5,23,,,0.0,0.0,,317.0,150.0,,,,,,,,-9999.0,
USC00043491,1908,5,24,,,0.0,0.0,,322.0,167.0,,,,,,,,-9999.0,
USC00043491,1908,5,25,,,0.0,0.0,,239.0,133.0,,,,,,,,-9999.0,
USC00043491,1908,5,26,,,0.0,0.0,,250.0,94.0,,,,,,,,-9999.0,
USC00043491,1908,5,27,,,0.0,0.0,,256.0,111.0,,,,,,,,-9999.0,
USC00043491,1908,5,28,,,0.0,0.0,,256.0,150.0,,,,,,,,-9999.0,
USC00043491,1908,5,29,,,0.0,0.0,,261.0,139.0,,,,,,,,-9999.0,
USC00043491,1908,5,3,,,0.0,0.0,,239.0,11.0,,,,,,,,-9999.0,
USC00043491,1908,5,30,,,0.0,0.0,,261.0,56.0,,,,,,,,-9999.0,
USC00043491,1908,5,31,,,0.0,0.0,,256.0,78.0,,,,,,,,-9999.0,
USC00043491,1908,5,4,,,0.0,0.0,,244.0,72.0,,,,,,,,-9999.0,
USC00043491,1908,5,5,,,0.0,0.0,,244.0,94.0,,,,,,,,-9999.0,
USC00043491,1908,5,6,,,0.0,0.0,,244.0,139.0,,,,,,,,-9999.0,
USC00043491,1908,5,7,,,20.0,0.0,,211.0,61.0,,,,,,,,-9999.0,
USC00043491,1908,5,8,,,0.0,0.0,,233.0,0.0,,,,,,,,-9999.0,
USC00043491,1908,5,9,,,0.0,0.0,,144.0,56.0,,,,,,,,-9999.0,
USC00043491,1908,6,1,,,0.0,,,261.0,94.0,,,,,,,,,
USC00043491,1908,6,10,,,0.0,,,272.0,150.0,,,,,,,,,
USC00043491,1908,6,11,,,0.0,,,306.0,172.0,,,,,,,,,
USC00043491,1908,6,12,,,0.0,,,289.0,172.0,,,,,,,,,
USC00043491,1908,6,13,,,0.0,,,278.0,156.0,,,,,,,,,
USC00043491,1908,6,14,,,0.0,,,267.0,156.0,,,,,,,,,
USC00043491,1908,6,15,,,0.0,,,289.0,167.0,,,,,,,,,
USC00043491,1908,6,16,,,0.0,,,278.0,167.0,,,,,,,,,
USC00043491,1908,6,17,,,0.0,,,283.0,83.0,,,,,,,,,
USC00043491,1908,6,18,,,0.0,,,294.0,83.0,,,,,,,,,
USC00043491,1908,6,19,,,0.0,,,294.0,94.0,,,,,,,,,
USC00043491,1908,6,2,,,0.0,,,161.0,39.0,,,,,,,,,
USC00043491,1908,6,20,,,211.0,,,267.0,61.0,,,,,,,,,
USC00043491,1908,6,21,,,0.0,,,233.0,22.0,,,,,,,,,
USC00043491,1908,6,22,,,0.0,,,294.0,33.0,,,,,,,,,
USC00043491,1908,6,23,,,0.0,,,289.0,0.0,,,,,,,,,
USC00043491,1908,6,24,,,0.0,,,311.0,150.0,,,,,,,,,
USC00043491,1908,6,25,,,0.0,,,278.0,156.0,,,,,,,,,
USC00043491,1908,6,26,,,0.0,,,261.0,106.0,,,,,,,,,
USC00043491,1908,6,27,,,0.0,,,289.0,122.0,,,,,,,,,
USC00043491,1908,6,28,,,0.0,,,322.0,156.0,,,,,,,,,
USC00043491,1908,6,29,,,0.0,,,333.0,172.0,,,,,,,,,
USC00043491,1908,6,3,,,0.0,,,189.0,56.0,,,,,,,,,
USC00043491,1908,6,30,,,0.0,,,317.0,189.0,,,,,,,,,
USC00043491,1908,6,31,,,-9999.0,,,-9999.0,-9999.0,,,,,,,,,
USC00043491,1908,6,4,,,0.0,,,250.0,89.0,,,,,,,,,
USC00043491,1908,6,5,,,0.0,,,261.0,111.0,,,,,,,,,
USC00043491,1908,6,6,,,0.0,,,261.0,144.0,,,,,,,,,
USC00043491,1908,6,7,,,0.0,,,267.0,150.0,,,,,,,,,
USC00043491,1908,6,8,,,0.0,,,267.0,122.0,,,,,,,,,
USC00043491,1908,6,9,,,0.0,,,267.0,139.0,,,,,,,,,
USC00043491,1908,7,1,,,0.0,,,328.0,172.0,,,,,,,,,
USC00043491,1908,7,10,,,0.0,,,344.0,167.0,,,,,,,,,
USC00043491,1908,7,11,,,0.0,,,322.0,200.0,,,,,,,,,
USC00043491,1908,7,12,,,0.0,,,300.0,172.0,,,,,,,,,
USC00043491,1908,7,13,,,0.0,,,289.0,156.0,,,,,,,,,
USC00043491,1908,7,14,,,0.0,,,294.0,150.0,,,,,,,,,
USC00043491,1908,7,15,,,0.0,,,311.0,172.0,,,,,,,,,
USC00043491,1908,7,16,,,0.0,,,333.0,172.0,,,,,,,,,
USC00043491,1908,7,17,,,0.0,,,344.0,178.0,,,,,,,,,
USC00043491,1908,7,18,,,0.0,,,356.0,189.0,,,,,,,,,
USC00043491,1908,7,19,,,0.0,,,356.0,217.0,,,,,,,,,
USC00043491,1908,7,2,,,0.0,,,317.0,178.0,,,,,,,,,
USC00043491,1908,7,20,,,0.0,,,361.0,233.0,,,,,,,,,
USC00043491,1908,7,21,,,0.0,,,367.0,228.0,,,,,,,,,
USC00043491,1908,7,22,,,0.0,,,333.0,200.0,,,,,,,,,
USC00043491,1908,7,23,,,0.0,,,339.0,194.0,,,,,,,,,
USC00043491,1908,7,24,,,0.0,,,328.0,194.0,,,,,,,,,
USC00043491,1908,7,25,,,0.0,,,300.0,189.0,,,,,,,,,
USC00043491,1908,7,26,,,0.0,,,317.0,172.0,,,,,,,,,
USC00043491,1908,7,27,,,0.0,,,328.0,178.0,,,,,,,,,
USC00043491,1908,7,28,,,0.0,,,356.0,200.0,,,,,,,,,
USC00043491,1908,7,29,,,0.0,,,356.0,222.0,,,,,,,,,
USC00043491,1908,7,3,,,0.0,,,339.0,189.0,,,,,,,,,
USC00043491,1908,7,30,,,0.0,,,378.0,217.0,,,,,,,,,
USC00043491,1908,7,31,,,0.0,,,383.0,233.0,,,,,,,,,
USC00043491,1908,7,4,,,0.0,,,322.0,189.0,,,,,,,,,
USC00043491,1908,7,5,,,0.0,,,322.0,194.0,,,,,,,,,
USC00043491,1908,7,6,,,0.0,,,317.0,189.0,,,,,,,,,
USC00043491,1908,7,7,,,0.0,,,328.0,194.0,,,,,,,,,
USC00043491,1908,7,8,,,0.0,,,317.0,183.0,,,,,,,,,
USC00043491,1908,7,9,,,0.0,,,322.0,189.0,,,,,,,,,
USC00043491,1908,8,1,,,0.0,,,372.0,239.0,,,,,,,,,
USC00043491,1908,8,10,,,0.0,,,306.0,183.0,,,,,,,,,
USC00043491,1908,8,11,,,0.0,,,317.0,167.0,,,,,,,,,
USC00043491,1908,8,12,,,0.0,,,300.0,172.0,,,,,,,,,
USC00043491,1908,8,13,,,0.0,,,250.0,150.0,,,,,,,,,
USC00043491,1908,8,14,,,0.0,,,244.0,128.0,,,,,,,,,
USC00043491,1908,8,15,,,0.0,,,289.0,150.0,,,,,,,,,
USC00043491,1908,8,16,,,0.0,,,322.0,178.0,,,,,,,,,
USC00043491,1908,8,17,,,0.0,,,333.0,200.0,,,,,,,,,
USC00043491,1908,8,18,,,0.0,,,350.0,200.0,,,,,,,,,
USC00043491,1908,8,19,,,0.0,,,339.0,206.0,,,,,,,,,
USC00043491,1908,8,2,,,0.0,,,372.0,244.0,,,,,,,,,
USC00043491,1908,8,20,,,0.0,,,333.0,206.0,,,,,,,,,
USC00043491,1908,8,21,,,0.0,,,322.0,183.0,,,,,,,,,
USC00043491,1908,8,22,,,0.0,,,283.0,172.0,,,,,,,,,
USC00043491,1908,8,23,,,0.0,,,294.0,144.0,,,,,,,,,
USC00043491,1908,8,24,,,0.0,,,294.0,150.0,,,,,,,,,
USC00043491,1908,8,25,,,0.0,,,300.0,150.0,,,,,,,,,
USC00043491,1908,8,26,,,0.0,,,306.0,172.0,,,,,,,,,
USC00043491,1908,8,27,,,0.0,,,267.0,156.0,,,,,,,,,
USC00043491,1908,8,28,,,0.0,,,261.0,128.0,,,,,,,,,
USC00043491,1908,8,29,,,0.0,,,239.0,122.0,,,,,,,,,
USC00043491,1908,8,3,,,0.0,,,356.0,228.0,,,,,,,,,
USC00043491,1908,8,30,,,0.0,,,322.0,106.0,,,,,,,,,
USC00043491,1908,8,31,,,0.0,,,322.0,117.0,,,,,,,,,
USC00043491,1908,8,4,,,0.0,,,344.0,222.0,,,,,,,,,
USC00043491,1908,8,5,,,0.0,,,339.0,206.0,,,,,,,,,
USC00043491,1908,8,6,,,0.0,,,361.0,206.0,,,,,,,,,
USC00043491,1908,8,7,,,0.0,,,389.0,228.0,,,,,,,,,
USC00043491,1908,8,8,,,0.0,,,383.0,244.0,,,,,,,,,
USC00043491,1908,8,9,,,0.0,,,356.0,239.0,,,,,,,,,
USC00043491,1908,9,1,,,0.0,,,333.0,172.0,,,,,,,,,
USC00043491,1908,9,10,,,0.0,,,267.0,194.0,,,,,,,,,
USC00043491,1908,9,11,,,0.0,,,300.0,200.0,,,,,,,,,
USC00043491,1908,9,12,,,0.0,,,322.0,183.0,,,,,,,,,
USC00043491,1908,9,13,,,0.0,,,311.0,189.0,,,,,,,,,
USC00043491,1908,9,14,,,0.0,,,294.0,172.0,,,,,,,,,
USC00043491,1908,9,15,,,0.0,,,250.0,150.0,,,,,,,,,
USC00043491,1908,9,16,,,56.0,,,194.0,78.0,,,,,,,,,
USC00043491,1908,9,17,,,0.0,,,206.0,61.0,,,,,,,,,
USC00043491,1908,9,18,,,0.0,,,228.0,72.0,,,,,,,,,
USC00043491,1908,9,19,,,0.0,,,233.0,100.0,,,,,,,,,
USC00043491,1908,9,2,,,0.0,,,350.0,194.0,,,,,,,,,
USC00043491,1908,9,20,,,0.0,,,239.0,100.0,,,,,,,,,
USC00043491,1908,9,21,,,0.0,,,283.0,111.0,,,,,,,,,
USC00043491,1908,9,22,,,0.0,,,317.0,144.0,,,,,,,,,
USC00043491,1908,9,23,,,0.0,,,261.0,156.0,,,,,,,,,
USC00043491,1908,9,24,,,0.0,,,239.0,139.0,,,,,,,,,
USC00043491,1908,9,25,,,0.0,,,217.0,89.0,,,,,,,,,
USC00043491,1908,9,26,,,0.0,,,283.0,100.0,,,,,,,,,
USC00043491,1908,9,27,,,0.0,,,317.0,128.0,,,,,,,,,
USC00043491,1908,9,28,,,0.0,,,317.0,144.0,,,,,,,,,
USC00043491,1908,9,29,,,0.0,,,306.0,156.0,,,,,,,,,
USC00043491,1908,9,3,,,0.0,,,339.0,206.0,,,,,,,,,
USC00043491,1908,9,30,,,0.0,,,306.0,144.0,,,,,,,,,
USC00043491,1908,9,31,,,-9999.0,,,-9999.0,-9999.0,,,,,,,,,
USC00043491,1908,9,4,,,0.0,,,333.0,200.0,,,,,,,,,
USC00043491,1908,9,5,,,0.0,,,356.0,206.0,,,,,,,,,
USC00043491,1908,9,6,,,0.0,,,278.0,194.0,,,,,,,,,
USC00043491,1908,9,7,,,0.0,,,256.0,128.0,,,,,,,,,
USC00043491,1908,9,8,,,0.0,,,272.0,117.0,,,,,,,,,
USC00043491,1908,9,9,,,0.0,,,183.0,144.0,,,,,,,,,
USC00043491,1908,10,1,,,0.0,,,256.0,139.0,,,,,,,,-9999.0,
USC00043491,1908,10,10,,,0.0,,,228.0,122.0,,,,,,,,-9999.0,
USC00043491,1908,10,11,,,0.0,,,194.0,89.0,,,,,,,,-9999.0,
USC00043491,1908,10,12,,,0.0,,,211.0,56.0,,,,,,,,-9999.0,
USC00043491,1908,10,13,,,0.0,,,228.0,89.0,,,,,,,,-9999.0,
USC00043491,1908,10,14,,,0.0,,,128.0,100.0,,,,,,,,-9999.0,
USC00043491,1908,10,15,,,511.0,,,100.0,72.0,,,,,,,,1.0,
USC00043491,1908,10,16,,,43.0,,,111.0,22.0,,,,,,,,-9999.0,
USC00043491,1908,10,17,,,38.0,,,144.0,17.0,,,,,,,,-9999.0,
USC00043491,1908,10,18,,,0.0,,,183.0,44.0,,,,,,,,-9999.0,
USC00043491,1908,10,19,,,0.0,,,67.0,44.0,,,,,,,,-9999.0,
USC00043491,1908,10,2,,,0.0,,,183.0,61.0,,,,,,,,-9999.0,
USC00043491,1908,10,20,,,20.0,,,156.0,0.0,,,,,,,,-9999.0,
USC00043491,1908,10,21,,,0.0,,,183.0,0.0,,,,,,,,-9999.0,
USC00043491,1908,10,22,,,0.0,,,189.0,33.0,,,,,,,,-9999.0,
USC00043491,1908,10,23,,,0.0,,,233.0,56.0,,,,,,,,-9999.0,
USC00043491,1908,10,24,,,0.0,,,233.0,67.0,,,,,,,,-9999.0,
USC00043491,1908,10,25,,,0.0,,,267.0,106.0,,,,,,,,-9999.0,
USC00043491,1908,10,26,,,0.0,,,256.0,94.0,,,,,,,,-9999.0,
USC00043491,1908,10,27,,,0.0,,,233.0,111.0,,,,,,,,-9999.0,
USC00043491,1908,10,28,,,0.0,,,183.0,89.0,,,,,,,,-9999.0,
USC00043491,1908,10,29,,,0.0,,,161.0,72.0,,,,,,,,-9999.0,
USC00043491,1908,10,3,,,0.0,,,183.0,44.0,,,,,,,,-9999.0,
USC00043491,1908,10,30,,,109.0,,,156.0,72.0,,,,,,,,-9999.0,
USC00043491,1908,10,31,,,0.0,,,206.0,67.0,,,,,,,,-9999.0,
USC00043491,1908,10,4,,,0.0,,,206.0,67.0,,,,,,,,-9999.0,
USC00043491,1908,10,5,,,0.0,,,256.0,100.0,,,,,,,,-9999.0,
USC00043491,1908,10,6,,,0.0,,,267.0,111.0,,,,,,,,-9999.0,
USC00043491,1908,10,7,,,0.0,,,306.0,122.0,,,,,,,,-9999.0,
USC00043491,1908,10,8,,,0.0,,,283.0,122.0,,,,,,,,-9999.0,
USC00043491,1908,10,9,,,0.0,,,278.0,144.0,,,,,,,,-9999.0,
USC00043491,1908,11,1,,,0.0,0.0,-9999.0,267.0,61.0,,,,,,,,,-9999.0
USC00043491,1908,11,10,,,0.0,0.0,-9999.0,222.0,17.0,,,,,,,,,-9999.0
USC00043491,1908,11,11,,,0.0,0.0,-9999.0,222.0,33.0,,,,,,,,,-9999.0
USC00043491,1908,11,12,,,0.0,0.0,-9999.0,222.0,22.0,,,,,,,,,-9999.0
USC00043491,1908,11,13,,,0.0,0.0,-9999.0,217.0,17.0,,,,,,,,,-9999.0
USC00043491,1908,11,14,,,0.0,0.0,-9999.0,278.0,28.0,,,,,,,,,-9999.0
USC00043491,1908,11,15,,,0.0,0.0,-9999.0,272.0,39.0,,,,,,,,,-9999.0
USC00043491,1908,11,16,,,0.0,0.0,-9999.0,267.0,50.0,,,,,,,,,-9999.0
USC00043491,1908,11,17,,,0.0,0.0,-9999.0,244.0,83.0,,,,,,,,,-9999.0
USC00043491,1908,11,18,,,0.0,0.0,-9999.0,239.0,78.0,,,,,,,,,-9999.0
USC00043491,1908,11,19,,,0.0,0.0,-9999.0,272.0,50.0,,,,,,,,,-9999.0
USC00043491,1908,11,2,,,0.0,0.0,-9999.0,256.0,67.0,,,,,,,,,-9999.0
USC00043491,1908,11,20,,,259.0,0.0,-9999.0,267.0,56.0,,,,,,,,,-9999.0
USC00043491,1908,11,21,,,305.0,0.0,-9999.0,156.0,44.0,,,,,,,,,-9999.0
USC00043491,1908,11,22,,,165.0,0.0,-9999.0,144.0,39.0,,,,,,,,,-9999.0
USC00043491,1908,11,23,,,302.0,0.0,-9999.0,111.0,33.0,,,,,,,,,-9999.0
USC00043491,1908,11,24,,,279.0,28.0,0.0,89.0,-22.0,,,,,,,,,1.0
USC00043491,1908,11,25,,,0.0,0.0,-9999.0,83.0,-22.0,,,,,,,,,-9999.0
USC00043491,1908,11,26,,,0.0,0.0,-9999.0,94.0,-6.0,,,,,,,,,-9999.0
USC00043491,1908,11,27,,,0.0,0.0,-9999.0,167.0,11.0,,,,,,,,,-9999.0
USC00043491,1908,11,28,,,0.0,0.0,-9999.0,200.0,-11.0,,,,,,,,,-9999.0
USC00043491,1908,11,29,,,0.0,0.0,-9999.0,167.0,0.0,,,,,,,,,-9999.0
USC00043491,1908,11,3,,,0.0,0.0,-9999.0,278.0,61.0,,,,,,,,,-9999.0
USC00043491,1908,11,30,,,0.0,0.0,-9999.0,161.0,33.0,,,,,,,,,-9999.0
USC00043491,1908,11,31,,,-9999.0,-9999.0,-9999.0,-9999.0,-9999.0,,,,,,,,,-9999.0
USC00043491,1908,11,4,,,0.0,0.0,-9999.0,317.0,106.0,,,,,,,,,-9999.0
USC00043491,1908,11,5,,,0.0,0.0,-9999.0,289.0,117.0,,,,,,,,,-9999.0
USC00043491,1908,11,6,,,0.0,0.0,-9999.0,294.0,139.0,,,,,,,,,-9999.0
USC00043491,1908,11,7,,,0.0,0.0,-9999.0,328.0,117.0,,,,,,,,,-9999.0
USC00043491,1908,11,8,,,0.0,0.0,-9999.0,300.0,72.0,,,,,,,,,-9999.0
USC00043491,1908,11,9,,,0.0,0.0,-9999.0,283.0,94.0,,,,,,,,,-9999.0
USC00043491,1908,12,1,,,0.0,0.0,-9999.0,161.0,28.0,,,,,,,,-9999.0,
USC00043491,1908,12,10,,,0.0,0.0,-9999.0,167.0,-22.0,,,,,,,,-9999.0,
USC00043491,1908,12,11,,,0.0,0.0,-9999.0,178.0,-17.0,,,,,,,,-9999.0,
USC00043491,1908,12,12,,,0.0,0.0,-9999.0,183.0,-17.0,,,,,,,,-9999.0,
USC00043491,1908,12,13,,,0.0,0.0,-9999.0,161.0,-39.0,,,,,,,,-9999.0,
USC00043491,1908,12,14,,,30.0,0.0,-9999.0,156.0,-56.0,,,,,,,,-9999.0,
USC00043491,1908,12,15,,,0.0,0.0,-9999.0,150.0,-39.0,,,,,,,,-9999.0,
USC00043491,1908,12,16,,,102.0,102.0,102.0,133.0,-61.0,,,,,,,,-9999.0,
USC00043491,1908,12,17,,,38.0,38.0,152.0,139.0,-67.0,,,,,,,,-9999.0,
USC00043491,1908,12,18,,,0.0,0.0,51.0,133.0,-83.0,,,,,,,,-9999.0,
USC00043491,1908,12,19,,,0.0,0.0,25.0,128.0,-67.0,,,,,,,,-9999.0,
USC00043491,1908,12,2,,,208.0,0.0,-9999.0,156.0,33.0,,,,,,,,-9999.0,
USC00043491,1908,12,20,,,0.0,0.0,-9999.0,139.0,-56.0,,,,,,,,-9999.0,
USC00043491,1908,12,21,,,0.0,0.0,-9999.0,161.0,-39.0,,,,,,,,-9999.0,
USC00043491,1908,12,22,,,0.0,0.0,-9999.0,139.0,-33.0,,,,,,,,-9999.0,
USC00043491,1908,12,23,,,0.0,0.0,-9999.0,122.0,-28.0,,,,,,,,-9999.0,
USC00043491,1908,12,24,,,216.0,0.0,-9999.0,133.0,-33.0,,,,,,,,-9999.0,
USC00043491,1908,12,25,,,0.0,0.0,-9999.0,139.0,-11.0,,,,,,,,-9999.0,
USC00043491,1908,12,26,,,0.0,0.0,-9999.0,244.0,61.0,,,,,,,,-9999.0,
USC00043491,1908,12,27,,,0.0,0.0,-9999.0,256.0,50.0,,,,,,,,-9999.0,
USC00043491,1908,12,28,,,0.0,0.0,-9999.0,306.0,44.0,,,,,,,,-9999.0,
USC00043491,1908,12,29,,,0.0,0.0,-9999.0,211.0,50.0,,,,,,,,-9999.0,
USC00043491,1908,12,3,,,79.0,0.0,-9999.0,100.0,83.0,,,,,,,,-9999.0,
USC00043491,1908,12,30,,,0.0,0.0,-9999.0,222.0,44.0,,,,,,,,-9999.0,
USC00043491,1908,12,31,,,0.0,0.0,-9999.0,267.0,67.0,,,,,,,,-9999.0,
USC00043491,1908,12,4,,,0.0,0.0,-9999.0,117.0,44.0,,,,,,,,-9999.0,
USC00043491,1908,12,5,,,508.0,0.0,-9999.0,72.0,17.0,,,,,,,,-9999.0,
USC00043491,1908,12,6,,,0.0,0.0,-9999.0,156.0,28.0,,,,,,,,-9999.0,
USC00043491,1908,12,7,,,0.0,0.0,-9999.0,167.0,-28.0,,,,,,,,-9999.0,
USC00043491,1908,12,8,,,0.0,0.0,-9999.0,156.0,-6.0,,,,,,,,-9999.0,
USC00043491,1908,12,9,,,64.0,0.0,-9999.0,144.0,-28.0,,,,,,,,1.0,
USC00043491,1909,1,1,,,132.0,0.0,-9999.0,261.0,33.0,,,,,,,,1.0,-9999.0
USC00043491,1909,1,10,,,0.0,0.0,-9999.0,39.0,-33.0,,,,,,,,-9999.0,-9999.0
USC00043491,1909,1,11,,,0.0,0.0,-9999.0,100.0,-44.0,,,,,,,,-9999.0,-9999.0
USC00043491,1909,1,12,,,25.0,25.0,25.0,50.0,-11.0,,,,,,,,-9999.0,-9999.0
USC00043491,1909,1,13,,,521.0,51.0,-9999.0,89.0,6.0,,,,,,,,1.0,-9999.0
USC00043491,1909,1,14,,,508.0,0.0,-9999.0,100.0,67.0,,,,,,,,1.0,-9999.0
USC00043491,1909,1,15,,,371.0,0.0,-9999.0,94.0,61.0,,,,,,,,1.0,-9999.0
USC00043491,1909,1,16,,,488.0,0.0,-9999.0,106.0,50.0,,,,,,,,1.0,-9999.0
USC00043491,1909,1,17,,,69.0,0.0,-9999.0,100.0,56.0,,,,,,,,-9999.0,-9999.0
USC00043491,1909,1,18,,,272.0,0.0,-9999.0,89.0,39.0,,,,,,,,-9999.0,-9999.0
USC00043491,1909,1,19,,,33.0,0.0,-9999.0,106.0,28.0,,,,,,,,-9999.0,-9999.0
USC00043491,1909,1,2,,,135.0,0.0,-9999.0,150.0,39.0,,,,,,,,1.0,-9999.0
USC00043491,1909,1,20,,,452.0,0.0,-9999.0,83.0,17.0,,,,,,,,1.0,-9999.0
USC00043491,1909,1,21,,,521.0,0.0,-9999.0,89.0,22.0,,,,,,,,-9999.0,-9999.0
USC00043491,1909,1,22,,,279.0,51.0,51.0,72.0,-17.0,,,,,,,,-9999.0,1.0
USC00043491,1909,1,23,,,102.0,102.0,152.0,28.0,-22.0,,,,,,,,-9999.0,1.0
USC00043491,1909,1,24,,,152.0,152.0,254.0,33.0,-17.0,,,,,,,,-9999.0,-9999.0
USC00043491,1909,1,25,,,178.0,178.0,330.0,39.0,-39.0,,,,,,,,-9999.0,-9999.0
USC00043491,1909,1,26,,,0.0,0.0,203.0,44.0,-17.0,,,,,,,,-9999.0,-9999.0
USC00043491,1909,1,27,,,25.0,0.0,102.0,-9999.0,-6.0,,,,,,,,1.0,-9999.0
USC00043491,1909,1,28,,,38.0,0.0,76.0,56.0,-11.0,,,,,,,,-9999.0,-9999.0
USC00043491,1909,1,29,,,0.0,0.0,51.0,72.0,6.0,,,,,,,,-9999.0,-9999.0
USC00043491,1909,1,3,,,241.0,0.0,-9999.0,183.0,39.0,,,,,,,,1.0,-9999.0
USC00043491,1909,1,30,,,76.0,76.0,51.0,78.0,11.0,,,,,,,,-9999.0,-9999.0
USC00043491,1909,1,31,,,76.0,76.0,51.0,39.0,-11.0,,,,,,,,-9999.0,-9999.0
USC00043491,1909,1,4,,,191.0,0.0,-9999.0,200.0,39.0,,,,,,,,-9999.0,-9999.0
USC00043491,1909,1,5,,,183.0,0.0,-9999.0,-9999.0,44.0,,,,,,,,1.0,-9999.0
USC00043491,1909,1,6,,,610.0,0.0,-9999.0,178.0,28.0,,,,,,,,1.0,-9999.0
USC00043491,1909,1,7,,,127.0,0.0,-9999.0,167.0,50.0,,,,,,,,-9999.0,-9999.0
USC00043491,1909,1,8,,,584.0,0.0,-9999.0,133.0,44.0,,,,,,,,1.0,-9999.0
USC00043491,1909,1,9,,,622.0,0.0,-9999.0,83.0,33.0,,,,,,,,1.0,-9999.0
USC00043491,1909,2,1,,,0.0,0.0,25.0,50.0,6.0,,,,,,,,-9999.0,-9999.0
USC00043491,1909,2,10,,,25.0,25.0,102.0,39.0,-22.0,,,,,,,,-9999.0,-9999.0
USC00043491,1909,2,11,,,445.0,0.0,51.0,50.0,17.0,,,,,,,,1.0,-9999.0
USC00043491,1909,2,12,,,513.0,0.0,0.0,44.0,6.0,,,,,,,,1.0,-9999.0
USC00043491,1909,2,13,,,378.0,0.0,-9999.0,56.0,11.0,,,,,,,,1.0,-9999.0
USC00043491,1909,2,14,,,0.0,0.0,-9999.0,67.0,33.0,,,,,,,,-9999.0,-9999.0
USC00043491,1909,2,15,,,61.0,0.0,-9999.0,89.0,28.0,,,,,,,,1.0,-9999.0
USC00043491,1909,2,16,,,25.0,0.0,-9999.0,94.0,33.0,,,,,,,,-9999.0,-9999.0
USC00043491,1909,2,17,,,183.0,0.0,-9999.0,78.0,28.0,,,,,,,,-9999.0,-9999.0
USC00043491,1909,2,18,,,13.0,0.0,-9999.0,100.0,22.0,,,,,,,,1.0,-9999.0
USC00043491,1909,2,19,,,178.0,0.0,-9999.0,83.0,-17.0,,,,,,,,-9999.0,-9999.0
USC00043491,1909,2,2,,,0.0,0.0,0.0,61.0,17.0,,,,,,,,-9999.0,-9999.0
USC00043491,1909,2,20,,,51.0,51.0,51.0,78.0,-17.0,,,,,,,,-9999.0,1.0
USC00043491,1909,2,21,,,305.0,305.0,330.0,0.0,-28.0,,,,,,,,-9999.0,-9999.0
USC00043491,1909,2,22,,,0.0,0.0,-9999.0,28.0,-33.0,,,,,,,,-9999.0,-9999.0
USC00043491,1909,2,23,,,0.0,0.0,102.0,122.0,-17.0,,,,,,,,-9999.0,-9999.0
USC00043491,1909,2,24,,,76.0,76.0,127.0,111.0,-44.0,,,,,,,,-9999.0,1.0
USC00043491,1909,2,25,,,0.0,0.0,25.0,128.0,-33.0,,,,,,,,-9999.0,-9999.0
USC00043491,1909,2,26,,,0.0,0.0,0.0,106.0,-11.0,,,,,,,,-9999.0,-9999.0
USC00043491,1909,2,27,,,0.0,0.0,0.0,133.0,6.0,,,,,,,,-9999.0,-9999.0
USC00043491,1909,2,28,,,0.0,0.0,-9999.0,144.0,17.0,,,,,,,,-9999.0,-9999.0
USC00043491,1909,2,29,,,-9999.0,-9999.0,-9999.0,-9999.0,-9999.0,,,,,,,,-9999.0,-9999.0
USC00043491,1909,2,3,,,254.0,102.0,102.0,56.0,-28.0,,,,,,,,-9999.0,1.0
USC00043491,1909,2,30,,,-9999.0,-9999.0,-9999.0,-9999.0,-9999.0,,,,,,,,-9999.0,-9999.0
USC00043491,1909,2,31,,,-9999.0,-9999.0,-9999.0,-9999.0,-9999.0,,,,,,,,-9999.0,-9999.0
USC00043491,1909,2,4,,,102.0,102.0,51.0,6.0,-33.0,,,,,,,,-9999.0,-9999.0
USC00043491,1909,2,5,,,203.0,203.0,152.0,11.0,-39.0,,,,,,,,-9999.0,1.0
USC00043491,1909,2,6,,,25.0,25.0,76.0,33.0,-11.0,,,,,,,,-9999.0,-9999.0
USC00043491,1909,2,7,,,241.0,25.0,51.0,28.0,-22.0,,,,,,,,-9999.0,1.0
USC00043491,1909,2,8,,,203.0,203.0,152.0,11.0,-61.0,,,,,,,,-9999.0,1.0
USC00043491,1909,2,9,,,25.0,25.0,127.0,33.0,-44.0,,,,,,,,-9999.0,-9999.0
USC00043491,1909,3,1,,,0.0,0.0,-9999.0,-9999.0,-11.0,,,,,,,,-9999.0,-9999.0
USC00043491,1909,3,10,,,0.0,0.0,-9999.0,128.0,-6.0,,,,,,,,-9999.0,-9999.0
USC00043491,1909,3,11,,,0.0,0.0,-9999.0,172.0,-11.0,,,,,,,,-9999.0,-9999.0
USC00043491,1909,3,12,,,0.0,0.0,-9999.0,156.0,11.0,,,,,,,,-9999.0,-9999.0
USC00043491,1909,3,13,,,0.0,0.0,-9999.0,206.0,28.0,,,,,,,,-9999.0,-9999.0
USC00043491,1909,3,14,,,0.0,0.0,-9999.0,172.0,39.0,,,,,,,,-9999.0,-9999.0
USC00043491,1909,3,15,,,0.0,0.0,-9999.0,156.0,67.0,,,,,,,,-9999.0,-9999.0
USC00043491,1909,3,16,,,0.0,0.0,-9999.0,233.0,50.0,,,,,,,,-9999.0,-9999.0
USC00043491,1909,3,17,,,0.0,0.0,-9999.0,128.0,33.0,,,,,,,,-9999.0,-9999.0
USC00043491,1909,3,18,,,0.0,0.0,-9999.0,117.0,11.0,,,,,,,,-9999.0,-9999.0
USC00043491,1909,3,19,,,0.0,0.0,-9999.0,-9999.0,-9999.0,,,,,,,,-9999.0,-9999.0
USC00043491,1909,3,2,,,0.0,0.0,-9999.0,189.0,39.0,,,,,,,,-9999.0,-9999.0
USC00043491,1909,3,20,,,229.0,0.0,-9999.0,117.0,-11.0,,,,,,,,-9999.0,-9999.0
USC00043491,1909,3,21,,,102.0,102.0,102.0,67.0,-17.0,,,,,,,,-9999.0,-9999.0
USC00043491,1909,3,22,,,0.0,0.0,-9999.0,100.0,-11.0,,,,,,,,-9999.0,-9999.0
USC00043491,1909,3,23,,,38.0,0.0,0.0,150.0,-6.0,,,,,,,,1.0,-9999.0
USC00043491,1909,3,24,,,28.0,0.0,0.0,44.0,0.0,,,,,,,,-9999.0,-9999.0
USC00043491,1909,3,25,,,0.0,0.0,-9999.0,128.0,22.0,,,,,,,,-9999.0,-9999.0
USC00043491,1909,3,26,,,46.0,0.0,-9999.0,100.0,11.0,,,,,,,,-9999.0,-9999.0
USC00043491,1909,3,27,,,0.0,0.0,-9999.0,122.0,6.0,,,,,,,,-9999.0,-9999.0
USC00043491,1909,3,28,,,0.0,0.0,-9999.0,94.0,-6.0,,,,,,,,-9999.0,-9999.0
USC00043491,1909,3,29,,,381.0,152.0,152.0,61.0,-22.0,,,,,,,,-9999.0,1.0
USC00043491,1909,3,3,,,107.0,0.0,-9999.0,-9999.0,50.0,,,,,,,,-9999.0,-9999.0
USC00043491,1909,3,30,,,0.0,0.0,-9999.0,-9999.0,-17.0,,,,,,,,-9999.0,-9999.0
USC00043491,1909,3,31,,,0.0,0.0,-9999.0,122.0,-11.0,,,,,,,,-9999.0,-9999.0
USC00043491,1909,3,4,,,343.0,0.0,-9999.0,-9999.0,0.0,,,,,,,,-9999.0,-9999.0
USC00043491,1909,3,5,,,38.0,0.0,-9999.0,50.0,-17.0,,,,,,,,-9999.0,-9999.0
USC00043491,1909,3,6,,,132.0,76.0,76.0,94.0,-22.0,,,,,,,,-9999.0,-9999.0
USC00043491,1909,3,7,,,76.0,76.0,152.0,6.0,-39.0,,,,,,,,-9999.0,-9999.0
USC00043491,1909,3,8,,,0.0,0.0,51.0,161.0,-28.0,,,,,,,,-9999.0,-9999.0
USC00043491,1909,3,9,,,0.0,0.0,-9999.0,122.0,6.0,,,,,,,,-9999.0,-9999.0
USC00043491,1909,4,1,,,0.0,,,161.0,56.0,,,,,,,,,
USC00043491,1909,4,10,,,0.0,,,228.0,83.0,,,,,,,,,
USC00043491,1909,4,11,,,0.0,,,172.0,33.0,,,,,,,,,
USC00043491,1909,4,12,,,0.0,,,200.0,89.0,,,,,,,,,
USC00043491,1909,4,13,,,0.0,,,206.0,89.0,,,,,,,,,
USC00043491,1909,4,14,,,0.0,,,211.0,94.0,,,,,,,,,
USC00043491,1909,4,15,,,0.0,,,228.0,106.0,,,,,,,,,
USC00043491,1909,4,16,,,0.0,,,239.0,117.0,,,,,,,,,
USC00043491,1909,4,17,,,0.0,,,228.0,122.0,,,,,,,,,
USC00043491,1909,4,18,,,0.0,,,222.0,89.0,,,,,,,,,
USC00043491,1909,4,19,,,46.0,,,156.0,44.0,,,,,,,,,
USC00043491,1909,4,2,,,0.0,,,172.0,56.0,,,,,,,,,
USC00043491,1909,4,20,,,20.0,,,183.0,44.0,,,,,,,,,
USC00043491,1909,4,21,,,0.0,,,156.0,44.0,,,,,,,,,
USC00043491,1909,4,22,,,0.0,,,167.0,44.0,,,,,,,,,
USC00043491,1909,4,23,,,0.0,,,178.0,67.0,,,,,,,,,
USC00043491,1909,4,24,,,0.0,,,189.0,67.0,,,,,,,,,
USC00043491,1909,4,25,,,0.0,,,206.0,94.0,,,,,,,,,
USC00043491,1909,4,26,,,0.0,,,256.0,122.0,,,,,,,,,
USC00043491,1909,4,27,,,0.0,,,-9999.0,-9999.0,,,,,,,,,
USC00043491,1909,4,28,,,0.0,,,244.0,94.0,,,,,,,,,
USC00043491,1909,4,29,,,0.0,,,261.0,117.0,,,,,,,,,
USC00043491,1909,4,3,,,0.0,,,233.0,94.0,,,,,,,,,
USC00043491,1909,4,30,,,0.0,,,239.0,-9999.0,,,,,,,,,
USC00043491,1909,4,31,,,-9999.0,,,-9999.0,-9999.0,,,,,,,,,
USC00043491,1909,4,4,,,0.0,,,172.0,11.0,,,,,,,,,
USC00043491,1909,4,5,,,0.0,,,144.0,6.0,,,,,,,,,
USC00043491,1909,4,6,,,0.0,,,172.0,17.0,,,,,,,,,
USC00043491,1909,4,7,,,0.0,,,172.0,56.0,,,,,,,,,
USC00043491,1909,4,8,,,0.0,,,233.0,89.0,,,,,,,,,
USC00043491,1909,4,9,,,0.0,,,239.0,89.0,,,,,,,,,
USC00043491,1909,5,1,,,0.0,,,256.0,139.0,,-9999.0,,,,,,,
USC00043491,1909,5,10,,,0.0,,,200.0,28.0,,-9999.0,,,,,,,
USC00043491,1909,5,11,,,0.0,,,156.0,39.0,,-9999.0,,,,,,,
USC00043491,1909,5,12,,,0.0,,,150.0,67.0,,-9999.0,,,,,,,
USC00043491,1909,5,13,,,0.0,,,161.0,61.0,,-9999.0,,,,,,,
USC00043491,1909,5,14,,,0.0,,,239.0,100.0,,-9999.0,,,,,,,
USC00043491,1909,5,15,,,0.0,,,211.0,72.0,,-9999.0,,,,,,,
USC00043491,1909,5,16,,,0.0,,,128.0,33.0,,-9999.0,,,,,,,
USC00043491,1909,5,17,,,0.0,,,178.0,56.0,,-9999.0,,,,,,,
USC00043491,1909,5,18,,,0.0,,,200.0,83.0,,-9999.0,,,,,,,
USC00043491,1909,5,19,,,0.0,,,206.0,78.0,,-9999.0,,,,,,,
USC00043491,1909,5,2,,,0.0,,,267.0,144.0,,-9999.0,,,,,,,
USC00043491,1909,5,20,,,0.0,,,211.0,94.0,,-9999.0,,,,,,,
USC00043491,1909,5,21,,,0.0,,,200.0,61.0,,-9999.0,,,,,,,
USC00043491,1909,5,22,,,0.0,,,211.0,56.0,,-9999.0,,,,,,,
USC00043491,1909,5,23,,,0.0,,,206.0,44.0,,-9999.0,,,,,,,
USC00043491,1909,5,24,,,0.0,,,156.0,44.0,,-9999.0,,,,,,,
USC00043491,1909,5,25,,,0.0,,,211.0,44.0,,-9999.0,,,,,,,
USC00043491,1909,5,26,,,0.0,,,239.0,111.0,,-9999.0,,,,,,,
USC00043491,1909,5,27,,,0.0,,,211.0,83.0,,1.0,,,,,,,
USC00043491,1909,5,28,,,25.0,,,161.0,44.0,,1.0,,,,,,,
USC00043491,1909,5,29,,,13.0,,,94.0,39.0,,1.0,,,,,,,
USC00043491,1909,5,3,,,0.0,,,267.0,144.0,,-9999.0,,,,,,,
USC00043491,1909,5,30,,,0.0,,,156.0,56.0,,-9999.0,,,,,,,
USC00043491,1909,5,31,,,0.0,,,289.0,144.0,,-9999.0,,,,,,,
USC00043491,1909,5,4,,,0.0,,,333.0,144.0,,-9999.0,,,,,,,
USC00043491,1909,5,5,,,0.0,,,261.0,139.0,,-9999.0,,,,,,,
USC00043491,1909,5,6,,,0.0,,,256.0,117.0,,-9999.0,,,,,,,
USC00043491,1909,5,7,,,0.0,,,256.0,111.0,,-9999.0,,,,,,,
USC00043491,1909,5,8,,,0.0,,,261.0,100.0,,-9999.0,,,,,,,
USC00043491,1909,5,9,,,0.0,,,267.0,89.0,,-9999.0,,,,,,,
USC00043491,1909,6,1,,,-9999.0,,,294.0,183.0,,,,,,,,,
USC00043491,1909,6,10,,,-9999.0,,,267.0,211.0,,,,,,,,,
USC00043491,1909,6,11,,,-9999.0,,,283.0,211.0,,,,,,,,,
USC00043491,1909,6,12,,,-9999.0,,,278.0,211.0,,,,,,,,,
USC00043491,1909,6,13,,,-9999.0,,,272.0,178.0,,,,,,,,,
USC00043491,1909,6,14,,,-9999.0,,,278.0,183.0,,,,,,,,,
USC00043491,1909,6,15,,,-9999.0,,,239.0,167.0,,,,,,,,,
USC00043491,1909,6,16,,,-9999.0,,,228.0,156.0,,,,,,,,,
USC00043491,1909,6,17,,,127.0,,,211.0,111.0,,,,,,,,,
USC00043491,1909,6,18,,,-9999.0,,,206.0,72.0,,,,,,,,,
USC00043491,1909,6,19,,,30.0,,,122.0,106.0,,,,,,,,,
USC00043491,1909,6,2,,,-9999.0,,,317.0,167.0,,,,,,,,,
USC00043491,1909,6,20,,,-9999.0,,,250.0,122.0,,,,,,,,,
USC00043491,1909,6,21,,,-9999.0,,,283.0,200.0,,,,,,,,,
USC00043491,1909,6,22,,,-9999.0,,,283.0,206.0,,,,,,,,,
USC00043491,1909,6,23,,,-9999.0,,,328.0,244.0,,,,,,,,,
USC00043491,1909,6,24,,,-9999.0,,,339.0,244.0,,,,,,,,,
USC00043491,1909,6,25,,,-9999.0,,,317.0,233.0,,,,,,,,,
USC00043491,1909,6,26,,,-9999.0,,,272.0,206.0,,,,,,,,,
USC00043491,1909,6,27,,,-9999.0,,,283.0,200.0,,,,,,,,,
USC00043491,1909,6,28,,,-9999.0,,,261.0,178.0,,,,,,,,,
USC00043491,1909,6,29,,,-9999.0,,,267.0,194.0,,,,,,,,,
USC00043491,1909,6,3,,,-9999.0,,,306.0,178.0,,,,,,,,,
USC00043491,1909,6,30,,,-9999.0,,,256.0,200.0,,,,,,,,,
USC00043491,1909,6,31,,,-9999.0,,,-9999.0,-9999.0,,,,,,,,,
USC00043491,1909,6,4,,,-9999.0,,,311.0,172.0,,,,,,,,,
USC00043491,1909,6,5,,,-9999.0,,,278.0,194.0,,,,,,,,,
USC00043491,1909,6,6,,,-9999.0,,,300.0,156.0,,,,,,,,,
USC00043491,1909,6,7,,,-9999.0,,,283.0,200.0,,,,,,,,,
USC00043491,1909,6,8,,,-9999.0,,,278.0,200.0,,,,,,,,,
USC00043491,1909,6,9,,,-9999.0,,,222.0,172.0,,,,,,,,,
USC00043491,1909,7,1,,,0.0,,,300.0,228.0,,,,,,,,,
USC00043491,1909,7,10,,,0.0,,,267.0,144.0,,,,,,,,,
USC00043491,1909,7,11,,,0.0,,,294.0,167.0,,,,,,,,,
USC00043491,1909,7,12,,,0.0,,,306.0,211.0,,,,,,,,,
USC00043491,1909,7,13,,,0.0,,,322.0,228.0,,,,,,,,,
USC00043491,1909,7,14,,,0.0,,,350.0,211.0,,,,,,,,,
USC00043491,1909,7,15,,,0.0,,,356.0,194.0,,,,,,,,,
USC00043491,1909,7,16,,,0.0,,,322.0,206.0,,,,,,,,,
USC00043491,1909,7,17,,,0.0,,,317.0,161.0,,,,,,,,,
USC00043491,1909,7,18,,,0.0,,,267.0,156.0,,,,,,,,,
USC00043491,1909,7,19,,,0.0,,,283.0,156.0,,,,,,,,,
USC00043491,1909,7,2,,,0.0,,,322.0,256.0,,,,,,,,,
USC00043491,1909,7,20,,,0.0,,,267.0,167.0,,,,,,,,,
USC00043491,1909,7,21,,,0.0,,,300.0,183.0,,,,,,,,,
USC00043491,1909,7,22,,,0.0,,,317.0,172.0,,,,,,,,,
USC00043491,1909,7,23,,,0.0,,,328.0,200.0,,,,,,,,,
USC00043491,1909,7,24,,,0.0,,,339.0,211.0,,,,,,,,,
USC00043491,1909,7,25,,,0.0,,,356.0,222.0,,,,,,,,,
USC00043491,1909,7,26,,,0.0,,,283.0,106.0,,,,,,,,,
USC00043491,1909,7,27,,,0.0,,,233.0,111.0,,,,,,,,,
USC00043491,1909,7,28,,,0.0,,,256.0,156.0,,,,,,,,,
USC00043491,1909,7,29,,,0.0,,,294.0,161.0,,,,,,,,,
USC00043491,1909,7,3,,,0.0,,,344.0,250.0,,,,,,,,,
USC00043491,1909,7,30,,,0.0,,,278.0,167.0,,,,,,,,,
USC00043491,1909,7,31,,,0.0,,,306.0,189.0,,,,,,,,,
USC00043491,1909,7,4,,,0.0,,,294.0,133.0,,,,,,,,,
USC00043491,1909,7,5,,,0.0,,,239.0,61.0,,,,,,,,,
USC00043491,1909,7,6,,,0.0,,,183.0,72.0,,,,,,,,,
USC00043491,1909,7,7,,,0.0,,,228.0,133.0,,,,,,,,,
USC00043491,1909,7,8,,,0.0,,,267.0,128.0,,,,,,,,,
USC00043491,1909,7,9,,,0.0,,,272.0,156.0,,,,,,,,,
USC00043491,1909,8,1,,,0.0,,,300.0,167.0,,,,,,,,,
USC00043491,1909,8,10,,,0.0,,,289.0,206.0,,,,,,,,,
USC00043491,1909,8,11,,,0.0,,,311.0,183.0,,,,,,,,,
USC00043491,1909,8,12,,,0.0,,,278.0,156.0,,,,,,,,,
USC00043491,1909,8,13,,,0.0,,,306.0,172.0,,,,,,,,,
USC00043491,1909,8,14,,,0.0,,,283.0,156.0,,,,,,,,,
USC00043491,1909,8,15,,,0.0,,,294.0,172.0,,,,,,,,,
USC00043491,1909,8,16,,,0.0,,,311.0,183.0,,,,,,,,,
USC00043491,1909,8,17,,,0.0,,,322.0,200.0,,,,,,,,,
USC00043491,1909,8,18,,,0.0,,,306.0,183.0,,,,,,,,,
USC00043491,1909,8,19,,,0.0,,,333.0,194.0,,,,,,,,,
USC00043491,1909,8,2,,,0.0,,,278.0,139.0,,,,,,,,,
USC00043491,1909,8,20,,,0.0,,,328.0,200.0,,,,,,,,,
USC00043491,1909,8,21,,,0.0,,,339.0,156.0,,,,,,,,,
USC00043491,1909,8,22,,,0.0,,,322.0,183.0,,,,,,,,,
USC00043491,1909,8,23,,,0.0,,,294.0,144.0,,,,,,,,,
USC00043491,1909,8,24,,,0.0,,,294.0,161.0,,,,,,,,,
USC00043491,1909,8,25,,,0.0,,,311.0,178.0,,,,,,,,,
USC00043491,1909,8,26,,,0.0,,,339.0,189.0,,,,,,,,,
USC00043491,1909,8,27,,,0.0,,,344.0,206.0,,,,,,,,,
USC00043491,1909,8,28,,,0.0,,,356.0,189.0,,,,,,,,,
USC00043491,1909,8,29,,,0.0,,,344.0,206.0,,,,,,,,,
USC00043491,1909,8,3,,,0.0,,,311.0,178.0,,,,,,,,,
USC00043491,1909,8,30,,,0.0,,,356.0,200.0,,,,,,,,,
USC00043491,1909,8,31,,,0.0,,,344.0,183.0,,,,,,,,,
USC00043491,1909,8,4,,,0.0,,,322.0,194.0,,,,,,,,,
USC00043491,1909,8,5,,,0.0,,,328.0,178.0,,,,,,,,,
USC00043491,1909,8,6,,,0.0,,,333.0,189.0,,,,,,,,,
USC00043491,1909,8,7,,,0.0,,,317.0,167.0,,,,,,,,,
USC00043491,1909,8,8,,,0.0,,,294.0,178.0,,,,,,,,,
USC00043491,1909,8,9,,,0.0,,,306.0,189.0,,,,,,,,,
USC00043491,1909,9,1,,,0.0,,,333.0,167.0,,,,,,,,-9999.0,
USC00043491,1909,9,10,,,0.0,,,322.0,167.0,,,,,,,,-9999.0,
USC00043491,1909,9,11,,,0.0,,,278.0,156.0,,,,,,,,-9999.0,
USC00043491,1909,9,12,,,0.0,,,289.0,139.0,,,,,,,,-9999.0,
USC00043491,1909,9,13,,,0.0,,,306.0,178.0,,,,,,,,-9999.0,
USC00043491,1909,9,14,,,0.0,,,311.0,161.0,,,,,,,,-9999.0,
USC00043491,1909,9,15,,,0.0,,,322.0,178.0,,,,,,,,-9999.0,
USC00043491,1909,9,16,,,0.0,,,333.0,194.0,,,,,,,,-9999.0,
USC00043491,1909,9,17,,,0.0,,,317.0,172.0,,,,,,,,-9999.0,
USC00043491,1909,9,18,,,0.0,,,294.0,150.0,,,,,,,,-9999.0,
USC00043491,1909,9,19,,,0.0,,,283.0,-9999.0,,,,,,,,-9999.0,
USC00043491,1909,9,2,,,0.0,,,322.0,156.0,,,,,,,,-9999.0,
USC00043491,1909,9,20,,,0.0,,,278.0,128.0,,,,,,,,-9999.0,
USC00043491,1909,9,21,,,0.0,,,267.0,117.0,,,,,,,,-9999.0,
USC00043491,1909,9,22,,,0.0,,,261.0,128.0,,,,,,,,-9999.0,
USC00043491,1909,9,23,,,0.0,,,283.0,156.0,,,,,,,,-9999.0,
USC00043491,1909,9,24,,,0.0,,,272.0,111.0,,,,,,,,-9999.0,
USC00043491,1909,9,25,,,0.0,,,283.0,50.0,,,,,,,,-9999.0,
USC00043491,1909,9,26,,,0.0,,,144.0,78.0,,,,,,,,-9999.0,
USC00043491,1909,9,27,,,13.0,,,183.0,100.0,,,,,,,,-9999.0,
USC00043491,1909,9,28,,,51.0,,,233.0,39.0,,,,,,,,-9999.0,
USC00043491,1909,9,29,,,64.0,,,133.0,33.0,,,,,,,,1.0,
USC00043491,1909,9,3,,,0.0,,,333.0,183.0,,,,,,,,-9999.0,
USC00043491,1909,9,30,,,8.0,,,156.0,56.0,,,,,,,,-9999.0,
USC00043491,1909,9,31,,,-9999.0,,,-9999.0,-9999.0,,,,,,,,-9999.0,
USC00043491,1909,9,4,,,0.0,,,350.0,156.0,,,,,,,,-9999.0,
USC00043491,1909,9,5,,,0.0,,,317.0,189.0,,,,,,,,-9999.0,
USC00043491,1909,9,6,,,0.0,,,311.0,172.0,,,,,,,,-9999.0,
USC00043491,1909,9,7,,,0.0,,,294.0,156.0,,,,,,,,-9999.0,
USC00043491,1909,9,8,,,0.0,,,283.0,167.0,,,,,,,,-9999.0,
USC00043491,1909,9,9,,,0.0,,,311.0,172.0,,,,,,,,-9999.0,
USC00043491,1909,10,1,,,0.0,,,156.0,44.0,,-9999.0,,,,,,-9999.0,
USC00043491,1909,10,10,,,0.0,,,-9999.0,183.0,,-9999.0,,,,,,-9999.0,
USC00043491,1909,10,11,,,0.0,,,267.0,156.0,,-9999.0,,,,,,-9999.0,
USC00043491,1909,10,12,,,0.0,,,239.0,156.0,,-9999.0,,,,,,-9999.0,
USC00043491,1909,10,13,,,0.0,,,267.0,156.0,,-9999.0,,,,,,-9999.0,
USC00043491,1909,10,14,,,0.0,,,267.0,167.0,,-9999.0,,,,,,-9999.0,
USC00043491,1909,10,15,,,0.0,,,272.0,172.0,,-9999.0,,,,,,-9999.0,
USC00043491,1909,10,16,,,0.0,,,261.0,183.0,,-9999.0,,,,,,-9999.0,
USC00043491,1909,10,17,,,0.0,,,194.0,128.0,,-9999.0,,,,,,-9999.0,
USC00043491,1909,10,18,,,0.0,,,217.0,117.0,,-9999.0,,,,,,-9999.0,
USC00043491,1909,10,19,,,64.0,,,172.0,128.0,,-9999.0,,,,,,1.0,
USC00043491,1909,10,2,,,127.0,,,89.0,22.0,,-9999.0,,,,,,-9999.0,
USC00043491,1909,10,20,,,216.0,,,128.0,72.0,,-9999.0,,,,,,-9999.0,
USC00043491,1909,10,21,,,127.0,,,178.0,72.0,,-9999.0,,,,,,-9999.0,
USC00043491,1909,10,22,,,0.0,,,167.0,106.0,,-9999.0,,,,,,-9999.0,
USC00043491,1909,10,23,,,0.0,,,128.0,33.0,,-9999.0,,,,,,-9999.0,
USC00043491,1909,10,24,,,0.0,,,267.0,128.0,,-9999.0,,,,,,-9999.0,
USC00043491,1909,10,25,,,0.0,,,267.0,139.0,,-9999.0,,,,,,-9999.0,
USC00043491,1909,10,26,,,0.0,,,294.0,133.0,,-9999.0,,,,,,-9999.0,
USC00043491,1909,10,27,,,0.0,,,261.0,117.0,,-9999.0,,,,,,-9999.0,
USC00043491,1909,10,28,,,203.0,,,217.0,83.0,,-9999.0,,,,,,1.0,
USC00043491,1909,10,29,,,178.0,,,94.0,22.0,,1.0,,,,,,-9999.0,
USC00043491,1909,10,3,,,5.0,,,128.0,17.0,,-9999.0,,,,,,-9999.0,
USC00043491,1909,10,30,,,203.0,,,83.0,11.0,,-9999.0,,,,,,-9999.0,
USC00043491,1909,10,31,,,0.0,,,111.0,22.0,,-9999.0,,,,,,-9999.0,
USC00043491,1909,10,4,,,76.0,,,133.0,28.0,,-9999.0,,,,,,-9999.0,
USC00043491,1909,10,5,,,18.0,,,150.0,61.0,,-9999.0,,,,,,-9999.0,
USC00043491,1909,10,6,,,0.0,,,133.0,44.0,,-9999.0,,,,,,-9999.0,
USC00043491,1909,10,7,,,0.0,,,117.0,56.0,,-9999.0,,,,,,-9999.0,
USC00043491,1909,10,8,,,0.0,,,206.0,83.0,,-9999.0,,,,,,-9999.0,
USC00043491,1909,10,9,,,0.0,,,206.0,122.0,,-9999.0,,,,,,-9999.0,
USC00043491,1909,11,1,,,0.0,0.0,-9999.0,144.0,78.0,,-9999.0,,,,,,-9999.0,-9999.0
USC00043491,1909,11,10,,,254.0,0.0,-9999.0,72.0,22.0,,-9999.0,,,,,,-9999.0,-9999.0
USC00043491,1909,11,11,,,152.0,0.0,-9999.0,61.0,17.0,,-9999.0,,,,,,-9999.0,-9999.0
USC00043491,1909,11,12,,,0.0,0.0,-9999.0,78.0,17.0,,-9999.0,,,,,,-9999.0,-9999.0
USC00043491,1909,11,13,,,0.0,0.0,-9999.0,122.0,22.0,,-9999.0,,,,,,-9999.0,-9999.0
USC00043491,1909,11,14,,,76.0,76.0,76.0,72.0,-6.0,,-9999.0,,,,,,-9999.0,1.0
USC00043491,1909,11,15,,,0.0,0.0,-9999.0,67.0,-11.0,,-9999.0,,,,,,-9999.0,-9999.0
USC00043491,1909,11,16,,,0.0,0.0,-9999.0,89.0,-6.0,,-9999.0,,,,,,-9999.0,-9999.0
USC00043491,1909,11,17,,,0.0,0.0,-9999.0,128.0,22.0,,-9999.0,,,,,,-9999.0,-9999.0
USC00043491,1909,11,18,,,0.0,0.0,-9999.0,178.0,72.0,,-9999.0,,,,,,-9999.0,-9999.0
USC00043491,1909,11,19,,,152.0,0.0,-9999.0,167.0,67.0,,-9999.0,,,,,,1.0,-9999.0
USC00043491,1909,11,2,,,0.0,0.0,-9999.0,200.0,100.0,,-9999.0,,,,,,-9999.0,-9999.0
USC00043491,1909,11,20,,,500.0,0.0,-9999.0,100.0,72.0,,-9999.0,,,,,,1.0,-9999.0
USC00043491,1909,11,21,,,523.0,0.0,-9999.0,133.0,67.0,,1.0,,,,,,-9999.0,-9999.0
USC00043491,1909,11,22,,,229.0,0.0,-9999.0,128.0,78.0,,-9999.0,,,,,,1.0,-9999.0
USC00043491,1909,11,23,,,25.0,0.0,-9999.0,122.0,89.0,,-9999.0,,,,,,-9999.0,-9999.0
USC00043491,1909,11,24,,,152.0,0.0,-9999.0,117.0,89.0,,-9999.0,,,,,,1.0,-9999.0
USC00043491,1909,11,25,,,254.0,0.0,-9999.0,111.0,56.0,,-9999.0,,,,,,-9999.0,-9999.0
USC00043491,1909,11,26,,,0.0,0.0,-9999.0,72.0,6.0,,-9999.0,,,,,,-9999.0,-9999.0
USC00043491,1909,11,27,,,0.0,0.0,-9999.0,67.0,0.0,,-9999.0,,,,,,-9999.0,-9999.0
USC00043491,1909,11,28,,,0.0,0.0,-9999.0,156.0,0.0,,-9999.0,,,,,,-9999.0,-9999.0
USC00043491,1909,11,29,,,0.0,0.0,-9999.0,150.0,61.0,,-9999.0,,,,,,-9999.0,-9999.0
USC00043491,1909,11,3,,,0.0,0.0,-9999.0,222.0,111.0,,-9999.0,,,,,,-9999.0,-9999.0
USC00043491,1909,11,30,,,406.0,0.0,-9999.0,94.0,67.0,,-9999.0,,,,,,1.0,-9999.0
USC00043491,1909,11,31,,,-9999.0,-9999.0,-9999.0,-9999.0,-9999.0,,-9999.0,,,,,,-9999.0,-9999.0
USC00043491,1909,11,4,,,0.0,0.0,-9999.0,222.0,106.0,,-9999.0,,,,,,-9999.0,-9999.0
USC00043491,1909,11,5,,,0.0,0.0,-9999.0,211.0,72.0,,-9999.0,,,,,,-9999.0,-9999.0
USC00043491,1909,11,6,,,102.0,0.0,-9999.0,139.0,56.0,,-9999.0,,,,,,-9999.0,-9999.0
USC00043491,1909,11,7,,,0.0,0.0,-9999.0,128.0,50.0,,-9999.0,,,,,,-9999.0,-9999.0
USC00043491,1909,11,8,,,0.0,0.0,-9999.0,128.0,44.0,,-9999.0,,,,,,-9999.0,-9999.0
USC00043491,1909,11,9,,,432.0,0.0,-9999.0,100.0,22.0,,-9999.0,,,,,,1.0,-9999.0
USC00043491,1909,12,1,,,0.0,0.0,,94.0,6.0,,,,,,,,-9999.0,-9999.0
USC00043491,1909,12,10,,,0.0,0.0,,56.0,0.0,,,,,,,,-9999.0,-9999.0
USC00043491,1909,12,11,,,0.0,0.0,,100.0,0.0,,,,,,,,-9999.0,-9999.0
USC00043491,1909,12,12,,,0.0,0.0,,89.0,22.0,,,,,,,,-9999.0,-9999.0
USC00043491,1909,12,13,,,0.0,0.0,,111.0,33.0,,,,,,,,-9999.0,-9999.0
USC00043491,1909,12,14,,,0.0,0.0,,111.0,33.0,,,,,,,,-9999.0,-9999.0
USC00043491,1909,12,15,,,0.0,0.0,,139.0,56.0,,,,,,,,-9999.0,-9999.0
USC00043491,1909,12,16,,,0.0,0.0,,133.0,56.0,,,,,,,,-9999.0,-9999.0
USC00043491,1909,12,17,,,0.0,0.0,,167.0,56.0,,,,,,,,-9999.0,-9999.0
USC00043491,1909,12,18,,,0.0,0.0,,100.0,6.0,,,,,,,,-9999.0,-9999.0
USC00043491,1909,12,19,,,0.0,0.0,,100.0,0.0,,,,,,,,-9999.0,-9999.0
USC00043491,1909,12,2,,,0.0,0.0,,122.0,44.0,,,,,,,,-9999.0,-9999.0
USC00043491,1909,12,20,,,0.0,0.0,,44.0,-11.0,,,,,,,,-9999.0,1.0
USC00043491,1909,12,21,,,0.0,0.0,,33.0,-22.0,,,,,,,,-9999.0,-9999.0
USC00043491,1909,12,22,,,51.0,51.0,,17.0,-11.0,,,,,,,,-9999.0,-9999.0
USC00043491,1909,12,23,,,0.0,0.0,,56.0,-22.0,,,,,,,,-9999.0,-9999.0
USC00043491,1909,12,24,,,0.0,0.0,,44.0,-22.0,,,,,,,,-9999.0,-9999.0
USC00043491,1909,12,25,,,0.0,0.0,,89.0,6.0,,,,,,,,-9999.0,-9999.0
USC00043491,1909,12,26,,,0.0,0.0,,44.0,6.0,,,,,,,,-9999.0,-9999.0
USC00043491,1909,12,27,,,0.0,0.0,,56.0,6.0,,,,,,,,-9999.0,-9999.0
USC00043491,1909,12,28,,,0.0,0.0,,150.0,33.0,,,,,,,,-9999.0,-9999.0
USC00043491,1909,12,29,,,0.0,0.0,,200.0,39.0,,,,,,,,-9999.0,-9999.0
USC00043491,1909,12,3,,,0.0,0.0,,89.0,-22.0,,,,,,,,-9999.0,-9999.0
USC00043491,1909,12,30,,,38.0,0.0,,172.0,44.0,,,,,,,,-9999.0,-9999.0
USC00043491,1909,12,31,,,521.0,0.0,,106.0,33.0,,,,,,,,1.0,-9999.0
USC00043491,1909,12,4,,,0.0,0.0,,56.0,-44.0,,,,,,,,-9999.0,-9999.0
USC00043491,1909,12,5,,,254.0,254.0,,17.0,-56.0,,,,,,,,-9999.0,-9999.0
USC00043491,1909,12,6,,,152.0,0.0,,33.0,-39.0,,,,,,,,-9999.0,-9999.0
USC00043491,1909,12,7,,,203.0,0.0,,67.0,33.0,,,,,,,,-9999.0,-9999.0
USC00043491,1909,12,8,,,508.0,0.0,,67.0,17.0,,,,,,,,-9999.0,-9999.0
USC00043491,1909,12,9,,,0.0,0.0,,33.0,6.0,,,,,,,,-9999.0,-9999.0
USC00043491,1910,1,1,,,254.0,203.0,203.0,89.0,6.0,,,,,,,,-9999.0,-9999.0
USC00043491,1910,1,10,,,51.0,51.0,102.0,22.0,-22.0,,,,,,,,-9999.0,-9999.0
USC00043491,1910,1,11,,,0.0,0.0,76.0,56.0,-22.0,,,,,,,,-9999.0,-9999.0
USC00043491,1910,1,12,,,0.0,0.0,51.0,50.0,-17.0,,,,,,,,-9999.0,-9999.0
USC00043491,1910,1,13,,,0.0,0.0,51.0,89.0,-17.0,,,,,,,,-9999.0,-9999.0
USC00043491,1910,1,14,,,127.0,127.0,152.0,89.0,-11.0,,,,,,,,-9999.0,-9999.0
USC00043491,1910,1,15,,,470.0,51.0,127.0,89.0,-22.0,,,,,,,,-9999.0,-9999.0
USC00043491,1910,1,16,,,203.0,203.0,305.0,39.0,0.0,,,,,,,,-9999.0,1.0
USC00043491,1910,1,17,,,127.0,127.0,457.0,33.0,-28.0,,,,,,,,-9999.0,-9999.0
USC00043491,1910,1,18,,,0.0,0.0,406.0,72.0,-44.0,,,,,,,,-9999.0,-9999.0
USC00043491,1910,1,19,,,0.0,0.0,330.0,94.0,-22.0,,,,,,,,-9999.0,-9999.0
USC00043491,1910,1,2,,,76.0,76.0,279.0,-6.0,-50.0,,,,,,,,-9999.0,-9999.0
USC00043491,1910,1,20,,,0.0,0.0,254.0,117.0,6.0,,,,,,,,-9999.0,-9999.0
USC00043491,1910,1,21,,,0.0,0.0,178.0,111.0,89.0,,,,,,,,-9999.0,-9999.0
USC00043491,1910,1,22,,,0.0,0.0,102.0,111.0,89.0,,,,,,,,1.0,-9999.0
USC00043491,1910,1,23,,,0.0,0.0,0.0,139.0,44.0,,,,,,,,-9999.0,1.0
USC00043491,1910,1,24,,,432.0,0.0,-9999.0,89.0,0.0,,,,,,,,1.0,-9999.0
USC00043491,1910,1,25,,,152.0,0.0,152.0,0.0,-28.0,,,,,,,,-9999.0,-9999.0
USC00043491,1910,1,26,,,0.0,0.0,102.0,17.0,-22.0,,,,,,,,-9999.0,-9999.0
USC00043491,1910,1,27,,,0.0,0.0,51.0,56.0,11.0,,,,,,,,-9999.0,-9999.0
USC00043491,1910,1,28,,,0.0,0.0,0.0,144.0,17.0,,,,,,,,-9999.0,-9999.0
USC00043491,1910,1,29,,,0.0,0.0,-9999.0,144.0,61.0,,,,,,,,-9999.0,-9999.0
USC00043491,1910,1,3,,,0.0,0.0,279.0,17.0,-83.0,,,,,,,,-9999.0,-9999.0
USC00043491,1910,1,30,,,0.0,0.0,0.0,156.0,56.0,,,,,,,,-9999.0,-9999.0
USC00043491,1910,1,31,,,0.0,0.0,-9999.0,172.0,61.0,,,,,,,,-9999.0,-9999.0
USC00043491,1910,1,4,,,0.0,0.0,254.0,-6.0,-111.0,,,,,,,,-9999.0,-9999.0
USC00043491,1910,1,5,,,0.0,0.0,203.0,33.0,-78.0,,,,,,,,-9999.0,-9999.0
USC00043491,1910,1,6,,,0.0,0.0,152.0,61.0,-50.0,,,,,,,,-9999.0,-9999.0
USC00043491,1910,1,7,,,0.0,0.0,76.0,44.0,-17.0,,,,,,,,-9999.0,-9999.0
USC00043491,1910,1,8,,,0.0,0.0,51.0,33.0,6.0,,,,,,,,-9999.0,-9999.0
USC00043491,1910,1,9,,,25.0,25.0,51.0,44.0,-11.0,,,,,,,,-9999.0,1.0
USC00043491,1910,2,1,,,127.0,0.0,-9999.0,128.0,-44.0,,-9999.0,,,,,,-9999.0,-9999.0
USC00043491,1910,2,10,,,0.0,0.0,-9999.0,72.0,0.0,,-9999.0,,,,,,-9999.0,-9999.0
USC00043491,1910,2,11,,,0.0,0.0,-9999.0,100.0,72.0,,-9999.0,,,,,,-9999.0,-9999.0
USC00043491,1910,2,12,,,0.0,0.0,-9999.0,144.0,89.0,,-9999.0,,,,,,-9999.0,-9999.0
USC00043491,1910,2,13,,,122.0,0.0,-9999.0,172.0,6.0,,-9999.0,,,,,,-9999.0,-9999.0
USC00043491,1910,2,14,,,0.0,0.0,-9999.0,44.0,-33.0,,-9999.0,,,,,,-9999.0,-9999.0
USC00043491,1910,2,15,,,0.0,0.0,-9999.0,89.0,-33.0,,-9999.0,,,,,,-9999.0,-9999.0
USC00043491,1910,2,16,,,0.0,0.0,-9999.0,72.0,-28.0,,-9999.0,,,,,,-9999.0,-9999.0
USC00043491,1910,2,17,,,0.0,0.0,-9999.0,100.0,-6.0,,-9999.0,,,,,,-9999.0,-9999.0
USC00043491,1910,2,18,,,0.0,0.0,-9999.0,100.0,11.0,,-9999.0,,,,,,1.0,-9999.0
USC00043491,1910,2,19,,,521.0,0.0,-9999.0,89.0,6.0,,-9999.0,,,,,,-9999.0,-9999.0
USC00043491,1910,2,2,,,0.0,0.0,-9999.0,6.0,-56.0,,-9999.0,,,,,,-9999.0,-9999.0
USC00043491,1910,2,20,,,0.0,0.0,-9999.0,72.0,17.0,,-9999.0,,,,,,-9999.0,-9999.0
USC00043491,1910,2,21,,,10.0,0.0,-9999.0,72.0,6.0,,-9999.0,,,,,,-9999.0,-9999.0
USC00043491,1910,2,22,,,102.0,0.0,-9999.0,83.0,17.0,,-9999.0,,,,,,-9999.0,1.0
USC00043491,1910,2,23,,,203.0,0.0,-9999.0,67.0,0.0,,-9999.0,,,,,,-9999.0,-9999.0
USC00043491,1910,2,24,,,0.0,0.0,-9999.0,100.0,44.0,,-9999.0,,,,,,-9999.0,-9999.0
USC00043491,1910,2,25,,,279.0,0.0,-9999.0,89.0,44.0,,-9999.0,,,,,,-9999.0,-9999.0
USC00043491,1910,2,26,,,0.0,0.0,-9999.0,100.0,39.0,,-9999.0,,,,,,-9999.0,-9999.0
USC00043491,1910,2,27,,,25.0,0.0,-9999.0,144.0,-22.0,,1.0,,,,,,-9999.0,-9999.0
USC00043491,1910,2,28,,,0.0,0.0,-9999.0,156.0,78.0,,-9999.0,,,,,,-9999.0,-9999.0
USC00043491,1910,2,29,,,-9999.0,-9999.0,-9999.0,-9999.0,-9999.0,,-9999.0,,,,,,-9999.0,-9999.0
USC00043491,1910,2,3,,,0.0,0.0,-9999.0,72.0,-11.0,,-9999.0,,,,,,-9999.0,-9999.0
USC00043491,1910,2,30,,,-9999.0,-9999.0,-9999.0,-9999.0,-9999.0,,-9999.0,,,,,,-9999.0,-9999.0
USC00043491,1910,2,31,,,-9999.0,-9999.0,-9999.0,-9999.0,-9999.0,,-9999.0,,,,,,-9999.0,-9999.0
USC00043491,1910,2,4,,,0.0,0.0,-9999.0,133.0,-22.0,,-9999.0,,,,,,-9999.0,-9999.0
USC00043491,1910,2,5,,,0.0,0.0,-9999.0,161.0,6.0,,-9999.0,,,,,,-9999.0,-9999.0
USC00043491,1910,2,6,,,0.0,0.0,-9999.0,144.0,11.0,,-9999.0,,,,,,-9999.0,-9999.0
USC00043491,1910,2,7,,,51.0,76.0,76.0,133.0,0.0,,-9999.0,,,,,,-9999.0,1.0
USC00043491,1910,2,8,,,25.0,0.0,51.0,83.0,0.0,,-9999.0,,,,,,-9999.0,-9999.0
USC00043491,1910,2,9,,,102.0,25.0,51.0,161.0,0.0,,-9999.0,,,,,,-9999.0,1.0
USC00043491,1910,3,1,,,-9999.0,0.0,,211.0,89.0,,-9999.0,,,,,,-9999.0,-9999.0
USC00043491,1910,3,10,,,-9999.0,0.0,,222.0,111.0,,-9999.0,,,,,,-9999.0,-9999.0
USC00043491,1910,3,11,,,-9999.0,0.0,,228.0,117.0,,-9999.0,,,,,,-9999.0,-9999.0
USC00043491,1910,3,12,,,-9999.0,0.0,,228.0,100.0,,-9999.0,,,,,,-9999.0,-9999.0
USC00043491,1910,3,13,,,-9999.0,0.0,,250.0,94.0,,-9999.0,,,,,,-9999.0,-9999.0
USC00043491,1910,3,14,,,-9999.0,0.0,,161.0,61.0,,-9999.0,,,,,,-9999.0,-9999.0
USC00043491,1910,3,15,,,0.0,0.0,,111.0,44.0,,-9999.0,,,,,,-9999.0,-9999.0
USC00043491,1910,3,16,,,-9999.0,0.0,,156.0,61.0,,-9999.0,,,,,,-9999.0,-9999.0
USC00043491,1910,3,17,,,0.0,0.0,,183.0,89.0,,-9999.0,,,,,,-9999.0,-9999.0
USC00043491,1910,3,18,,,-9999.0,0.0,,200.0,100.0,,-9999.0,,,,,,-9999.0,-9999.0
USC00043491,1910,3,19,,,229.0,0.0,,144.0,61.0,,1.0,,,,,,-9999.0,-9999.0
USC00043491,1910,3,2,,,-9999.0,0.0,,222.0,100.0,,-9999.0,,,,,,-9999.0,-9999.0
USC00043491,1910,3,20,,,495.0,0.0,,128.0,17.0,,-9999.0,,,,,,1.0,-9999.0
USC00043491,1910,3,21,,,343.0,0.0,,83.0,28.0,,-9999.0,,,,,,-9999.0,-9999.0
USC00043491,1910,3,22,,,152.0,0.0,,117.0,6.0,,-9999.0,,,,,,-9999.0,-9999.0
USC00043491,1910,3,23,,,356.0,0.0,,72.0,0.0,,-9999.0,,,,,,-9999.0,1.0
USC00043491,1910,3,24,,,38.0,0.0,,61.0,0.0,,-9999.0,,,,,,-9999.0,-9999.0
USC00043491,1910,3,25,,,-9999.0,0.0,,128.0,6.0,,-9999.0,,,,,,-9999.0,-9999.0
USC00043491,1910,3,26,,,51.0,0.0,,89.0,11.0,,-9999.0,,,,,,1.0,-9999.0
USC00043491,1910,3,27,,,0.0,0.0,,61.0,6.0,,-9999.0,,,,,,1.0,-9999.0
USC00043491,1910,3,28,,,0.0,0.0,,83.0,6.0,,-9999.0,,,,,,-9999.0,-9999.0
USC00043491,1910,3,29,,,-9999.0,0.0,,128.0,44.0,,-9999.0,,,,,,-9999.0,-9999.0
USC00043491,1910,3,3,,,-9999.0,0.0,,211.0,94.0,,-9999.0,,,,,,-9999.0,-9999.0
USC00043491,1910,3,30,,,-9999.0,0.0,,228.0,61.0,,-9999.0,,,,,,-9999.0,-9999.0
USC00043491,1910,3,31,,,-9999.0,0.0,,211.0,89.0,,-9999.0,,,,,,-9999.0,-9999.0
USC00043491,1910,3,4,,,-9999.0,0.0,,217.0,89.0,,-9999.0,,,,,,-9999.0,-9999.0
USC00043491,1910,3,5,,,-9999.0,0.0,,194.0,89.0,,-9999.0,,,,,,-9999.0,-9999.0
USC00043491,1910,3,6,,,-9999.0,0.0,,200.0,72.0,,-9999.0,,,,,,-9999.0,-9999.0
USC00043491,1910,3,7,,,-9999.0,0.0,,211.0,83.0,,-9999.0,,,,,,-9999.0,-9999.0
USC00043491,1910,3,8,,,-9999.0,0.0,,217.0,78.0,,-9999.0,,,,,,-9999.0,-9999.0
USC00043491,1910,3,9,,,-9999.0,0.0,,211.0,94.0,,-9999.0,,,,,,-9999.0,-9999.0
USC00043491,1910,4,1,,,0.0,0.0,,217.0,83.0,,,,,,,,-9999.0,
USC00043491,1910,4,10,,,216.0,0.0,,206.0,11.0,,,,,,,,-9999.0,
USC00043491,1910,4,11,,,30.0,0.0,,139.0,6.0,,,,,,,,-9999.0,
USC00043491,1910,4,12,,,0.0,0.0,,178.0,67.0,,,,,,,,-9999.0,
USC00043491,1910,4,13,,,0.0,0.0,,206.0,72.0,,,,,,,,-9999.0,
USC00043491,1910,4,14,,,0.0,0.0,,228.0,117.0,,,,,,,,-9999.0,
USC00043491,1910,4,15,,,0.0,0.0,,233.0,106.0,,,,,,,,-9999.0,
USC00043491,1910,4,16,,,0.0,0.0,,244.0,100.0,,,,,,,,-9999.0,
USC00043491,1910,4,17,,,0.0,0.0,,256.0,117.0,,,,,,,,-9999.0,
USC00043491,1910,4,18,,,0.0,0.0,,267.0,94.0,,,,,,,,-9999.0,
USC00043491,1910,4,19,,,0.0,0.0,,272.0,100.0,,,,,,,,-9999.0,
USC00043491,1910,4,2,,,0.0,0.0,,183.0,56.0,,,,,,,,-9999.0,
USC00043491,1910,4,20,,,0.0,0.0,,200.0,44.0,,,,,,,,-9999.0,
USC00043491,1910,4,21,,,0.0,0.0,,183.0,72.0,,,,,,,,-9999.0,
USC00043491,1910,4,22,,,0.0,0.0,,256.0,100.0,,,,,,,,-9999.0,
USC00043491,1910,4,23,,,0.0,0.0,,261.0,94.0,,,,,,,,-9999.0,
USC00043491,1910,4,24,,,0.0,0.0,,294.0,183.0,,,,,,,,-9999.0,
USC00043491,1910,4,25,,,0.0,0.0,,311.0,139.0,,,,,,,,-9999.0,
USC00043491,1910,4,26,,,0.0,0.0,,211.0,94.0,,,,,,,,-9999.0,
USC00043491,1910,4,27,,,0.0,0.0,,172.0,89.0,,,,,,,,-9999.0,
USC00043491,1910,4,28,,,229.0,0.0,,172.0,33.0,,,,,,,,-9999.0,
USC00043491,1910,4,29,,,0.0,0.0,,144.0,33.0,,,,,,,,-9999.0,
USC00043491,1910,4,3,,,0.0,0.0,,194.0,33.0,,,,,,,,-9999.0,
USC00043491,1910,4,30,,,0.0,0.0,,172.0,56.0,,,,,,,,1.0,
USC00043491,1910,4,31,,,-9999.0,-9999.0,,-9999.0,-9999.0,,,,,,,,-9999.0,
USC00043491,1910,4,4,,,0.0,0.0,,206.0,56.0,,,,,,,,-9999.0,
USC00043491,1910,4,5,,,0.0,0.0,,194.0,72.0,,,,,,,,-9999.0,
USC00043491,1910,4,6,,,0.0,0.0,,200.0,72.0,,,,,,,,-9999.0,
USC00043491,1910,4,7,,,0.0,0.0,,172.0,61.0,,,,,,,,-9999.0,
USC00043491,1910,4,8,,,0.0,0.0,,194.0,83.0,,,,,,,,-9999.0,
USC00043491,1910,4,9,,,0.0,0.0,,211.0,83.0,,,,,,,,-9999.0,
USC00043491,1910,5,1,,,51.0,,,172.0,39.0,,,,,,,,,
USC00043491,1910,5,10,,,51.0,,,250.0,50.0,,,,,,,,,
USC00043491,1910,5,11,,,0.0,,,239.0,83.0,,,,,,,,,
USC00043491,1910,5,12,,,0.0,,,256.0,106.0,,,,,,,,,
USC00043491,1910,5,13,,,0.0,,,256.0,133.0,,,,,,,,,
USC00043491,1910,5,14,,,0.0,,,278.0,144.0,,,,,,,,,
USC00043491,1910,5,15,,,0.0,,,294.0,161.0,,,,,,,,,
USC00043491,1910,5,16,,,0.0,,,267.0,117.0,,,,,,,,,
USC00043491,1910,5,17,,,0.0,,,256.0,150.0,,,,,,,,,
USC00043491,1910,5,18,,,0.0,,,267.0,150.0,,,,,,,,,
USC00043491,1910,5,19,,,0.0,,,250.0,133.0,,,,,,,,,
USC00043491,1910,5,2,,,0.0,,,167.0,33.0,,,,,,,,,
USC00043491,1910,5,20,,,0.0,,,250.0,89.0,,,,,,,,,
USC00043491,1910,5,21,,,0.0,,,217.0,89.0,,,,,,,,,
USC00043491,1910,5,22,,,0.0,,,222.0,111.0,,,,,,,,,
USC00043491,1910,5,23,,,0.0,,,256.0,139.0,,,,,,,,,
USC00043491,1910,5,24,,,0.0,,,283.0,117.0,,,,,,,,,
USC00043491,1910,5,25,,,0.0,,,211.0,94.0,,,,,,,,,
USC00043491,1910,5,26,,,0.0,,,217.0,94.0,,,,,,,,,
USC00043491,1910,5,27,,,0.0,,,244.0,117.0,,,,,,,,,
USC00043491,1910,5,28,,,0.0,,,239.0,139.0,,,,,,,,,
USC00043491,1910,5,29,,,0.0,,,294.0,172.0,,,,,,,,,
USC00043491,1910,5,3,,,0.0,,,178.0,44.0,,,,,,,,,
USC00043491,1910,5,30,,,0.0,,,339.0,228.0,,,,,,,,,
USC00043491,1910,5,31,,,0.0,,,356.0,228.0,,,,,,,,,
USC00043491,1910,5,4,,,0.0,,,94.0,0.0,,,,,,,,,
USC00043491,1910,5,5,,,0.0,,,194.0,33.0,,,,,,,,,
USC00043491,1910,5,6,,,0.0,,,200.0,94.0,,,,,,,,,
USC00043491,1910,5,7,,,0.0,,,233.0,117.0,,,,,,,,,
USC00043491,1910,5,8,,,0.0,,,250.0,167.0,,,,,,,,,
USC00043491,1910,5,9,,,0.0,,,244.0,100.0,,,,,,,,,
USC00043491,1910,6,1,,,0.0,,,350.0,200.0,,,,,,,,,
USC00043491,1910,6,10,,,0.0,,,317.0,194.0,,,,,,,,,
USC00043491,1910,6,11,,,0.0,,,283.0,106.0,,,,,,,,,
USC00043491,1910,6,12,,,0.0,,,239.0,111.0,,,,,,,,,
USC00043491,1910,6,13,,,0.0,,,267.0,139.0,,,,,,,,,
USC00043491,1910,6,14,,,191.0,,,244.0,67.0,,,,,,,,,
USC00043491,1910,6,15,,,0.0,,,167.0,78.0,,,,,,,,,
USC00043491,1910,6,16,,,0.0,,,228.0,117.0,,,,,,,,,
USC00043491,1910,6,17,,,0.0,,,239.0,111.0,,,,,,,,,
USC00043491,1910,6,18,,,0.0,,,239.0,89.0,,,,,,,,,
USC00043491,1910,6,19,,,0.0,,,239.0,78.0,,,,,,,,,
USC00043491,1910,6,2,,,0.0,,,322.0,172.0,,,,,,,,,
USC00043491,1910,6,20,,,0.0,,,217.0,72.0,,,,,,,,,
USC00043491,1910,6,21,,,0.0,,,200.0,78.0,,,,,,,,,
USC00043491,1910,6,22,,,0.0,,,217.0,89.0,,,,,,,,,
USC00043491,1910,6,23,,,0.0,,,217.0,117.0,,,,,,,,,
USC00043491,1910,6,24,,,0.0,,,261.0,150.0,,,,,,,,,
USC00043491,1910,6,25,,,0.0,,,328.0,189.0,,,,,,,,,
USC00043491,1910,6,26,,,0.0,,,350.0,211.0,,,,,,,,,
USC00043491,1910,6,27,,,0.0,,,350.0,217.0,,,,,,,,,
USC00043491,1910,6,28,,,0.0,,,272.0,133.0,,,,,,,,,
USC00043491,1910,6,29,,,0.0,,,233.0,139.0,,,,,,,,,
USC00043491,1910,6,3,,,0.0,,,278.0,139.0,,,,,,,,,
USC00043491,1910,6,30,,,0.0,,,250.0,89.0,,,,,,,,,
USC00043491,1910,6,31,,,-9999.0,,,-9999.0,-9999.0,,,,,,,,,
USC00043491,1910,6,4,,,0.0,,,278.0,139.0,,,,,,,,,
USC00043491,1910,6,5,,,0.0,,,272.0,89.0,,,,,,,,,
USC00043491,1910,6,6,,,0.0,,,217.0,94.0,,,,,,,,,
USC00043491,1910,6,7,,,0.0,,,239.0,111.0,,,,,,,,,
USC00043491,1910,6,8,,,0.0,,,239.0,117.0,,,,,,,,,
USC00043491,1910,6,9,,,0.0,,,283.0,150.0,,,,,,,,,
USC00043491,1910,7,1,,,0.0,,,233.0,117.0,,,,,,,,,
USC00043491,1910,7,10,,,0.0,,,367.0,233.0,,,,,,,,,
USC00043491,1910,7,11,,,0.0,,,344.0,256.0,,,,,,,,,
USC00043491,1910,7,12,,,0.0,,,367.0,206.0,,,,,,,,,
USC00043491,1910,7,13,,,0.0,,,344.0,211.0,,,,,,,,,
USC00043491,1910,7,14,,,0.0,,,339.0,200.0,,,,,,,,,
USC00043491,1910,7,15,,,0.0,,,317.0,150.0,,,,,,,,,
USC00043491,1910,7,16,,,0.0,,,300.0,178.0,,,,,,,,,
USC00043491,1910,7,17,,,0.0,,,328.0,194.0,,,,,,,,,
USC00043491,1910,7,18,,,0.0,,,344.0,200.0,,,,,,,,,
USC00043491,1910,7,19,,,0.0,,,350.0,228.0,,,,,,,,,
USC00043491,1910,7,2,,,0.0,,,256.0,122.0,,,,,,,,,
USC00043491,1910,7,20,,,0.0,,,361.0,222.0,,,,,,,,,
USC00043491,1910,7,21,,,0.0,,,367.0,228.0,,,,,,,,,
USC00043491,1910,7,22,,,0.0,,,361.0,194.0,,,,,,,,,
USC00043491,1910,7,23,,,0.0,,,344.0,178.0,,,,,,,,,
USC00043491,1910,7,24,,,0.0,,,333.0,189.0,,,,,,,,,
USC00043491,1910,7,25,,,0.0,,,306.0,161.0,,,,,,,,,
USC00043491,1910,7,26,,,0.0,,,311.0,183.0,,,,,,,,,
USC00043491,1910,7,27,,,0.0,,,-9999.0,-9999.0,,,,,,,,,
USC00043491,1910,7,28,,,0.0,,,322.0,183.0,,,,,,,,,
USC00043491,1910,7,29,,,0.0,,,311.0,200.0,,,,,,,,,
USC00043491,1910,7,3,,,0.0,,,244.0,83.0,,,,,,,,,
USC00043491,1910,7,30,,,0.0,,,317.0,194.0,,,,,,,,,
USC00043491,1910,7,31,,,0.0,,,317.0,183.0,,,,,,,,,
USC00043491,1910,7,4,,,0.0,,,194.0,78.0,,,,,,,,,
USC00043491,1910,7,5,,,0.0,,,233.0,122.0,,,,,,,,,
USC00043491,1910,7,6,,,0.0,,,289.0,161.0,,,,,,,,,
USC00043491,1910,7,7,,,0.0,,,322.0,183.0,,,,,,,,,
USC00043491,1910,7,8,,,0.0,,,339.0,194.0,,,,,,,,,
USC00043491,1910,7,9,,,0.0,,,367.0,256.0,,,,,,,,,
USC00043491,1910,8,1,,,0.0,,,322.0,178.0,,,,,,,,,
USC00043491,1910,8,10,,,0.0,,,322.0,200.0,,,,,,,,,
USC00043491,1910,8,11,,,0.0,,,322.0,178.0,,,,,,,,,
USC00043491,1910,8,12,,,0.0,,,300.0,150.0,,,,,,,,,
USC00043491,1910,8,13,,,0.0,,,294.0,156.0,,,,,,,,,
USC00043491,1910,8,14,,,0.0,,,300.0,144.0,,,,,,,,,
USC00043491,1910,8,15,,,0.0,,,306.0,156.0,,,,,,,,,
USC00043491,1910,8,16,,,0.0,,,306.0,183.0,,,,,,,,,
USC00043491,1910,8,17,,,0.0,,,317.0,172.0,,,,,,,,,
USC00043491,1910,8,18,,,0.0,,,306.0,183.0,,,,,,,,,
USC00043491,1910,8,19,,,0.0,,,322.0,194.0,,,,,,,,,
USC00043491,1910,8,2,,,0.0,,,322.0,183.0,,,,,,,,,
USC00043491,1910,8,20,,,0.0,,,322.0,200.0,,,,,,,,,
USC00043491,1910,8,21,,,0.0,,,350.0,183.0,,,,,,,,,
USC00043491,1910,8,22,,,0.0,,,339.0,194.0,,,,,,,,,
USC00043491,1910,8,23,,,0.0,,,344.0,200.0,,,,,,,,,
USC00043491,1910,8,24,,,0.0,,,350.0,211.0,,,,,,,,,
USC00043491,1910,8,25,,,0.0,,,344.0,206.0,,,,,,,,,
USC00043491,1910,8,26,,,0.0,,,339.0,194.0,,,,,,,,,
USC00043491,1910,8,27,,,0.0,,,339.0,172.0,,,,,,,,,
USC00043491,1910,8,28,,,0.0,,,306.0,156.0,,,,,,,,,
USC00043491,1910,8,29,,,0.0,,,300.0,150.0,,,,,,,,,
USC00043491,1910,8,3,,,0.0,,,328.0,189.0,,,,,,,,,
USC00043491,1910,8,30,,,0.0,,,294.0,167.0,,,,,,,,,
USC00043491,1910,8,31,,,0.0,,,317.0,178.0,,,,,,,,,
USC00043491,1910,8,4,,,0.0,,,333.0,194.0,,,,,,,,,
USC00043491,1910,8,5,,,0.0,,,328.0,183.0,,,,,,,,,
USC00043491,1910,8,6,,,0.0,,,339.0,261.0,,,,,,,,,
USC00043491,1910,8,7,,,0.0,,,328.0,200.0,,,,,,,,,
USC00043491,1910,8,8,,,0.0,,,322.0,200.0,,,,,,,,,
USC00043491,1910,8,9,,,0.0,,,306.0,194.0,,,,,,,,,
USC00043491,1910,9,1,,,0.0,,,306.0,167.0,,,,,,,,-9999.0,
USC00043491,1910,9,10,,,0.0,,,317.0,161.0,,,,,,,,-9999.0,
USC00043491,1910,9,11,,,0.0,,,-9999.0,-9999.0,,,,,,,,-9999.0,
USC00043491,1910,9,12,,,0.0,,,-9999.0,-9999.0,,,,,,,,-9999.0,
USC00043491,1910,9,13,,,0.0,,,206.0,-9999.0,,,,,,,,-9999.0,
USC00043491,1910,9,14,,,0.0,,,211.0,100.0,,,,,,,,-9999.0,
USC00043491,1910,9,15,,,292.0,,,200.0,139.0,,,,,,,,1.0,
USC00043491,1910,9,16,,,318.0,,,172.0,100.0,,,,,,,,-9999.0,
USC00043491,1910,9,17,,,0.0,,,239.0,111.0,,,,,,,,-9999.0,
USC00043491,1910,9,18,,,0.0,,,233.0,106.0,,,,,,,,-9999.0,
USC00043491,1910,9,19,,,0.0,,,239.0,100.0,,,,,,,,-9999.0,
USC00043491,1910,9,2,,,0.0,,,311.0,172.0,,,,,,,,-9999.0,
USC00043491,1910,9,20,,,0.0,,,211.0,100.0,,,,,,,,-9999.0,
USC00043491,1910,9,21,,,0.0,,,233.0,128.0,,,,,,,,-9999.0,
USC00043491,1910,9,22,,,0.0,,,256.0,144.0,,,,,,,,-9999.0,
USC00043491,1910,9,23,,,0.0,,,261.0,156.0,,,,,,,,-9999.0,
USC00043491,1910,9,24,,,0.0,,,267.0,156.0,,,,,,,,-9999.0,
USC00043491,1910,9,25,,,0.0,,,272.0,144.0,,,,,,,,-9999.0,
USC00043491,1910,9,26,,,0.0,,,278.0,150.0,,,,,,,,-9999.0,
USC00043491,1910,9,27,,,0.0,,,261.0,150.0,,,,,,,,-9999.0,
USC00043491,1910,9,28,,,0.0,,,261.0,128.0,,,,,,,,-9999.0,
USC00043491,1910,9,29,,,0.0,,,256.0,128.0,,,,,,,,-9999.0,
USC00043491,1910,9,3,,,0.0,,,289.0,144.0,,,,,,,,-9999.0,
USC00043491,1910,9,30,,,0.0,,,278.0,156.0,,,,,,,,-9999.0,
USC00043491,1910,9,31,,,-9999.0,,,-9999.0,-9999.0,,,,,,,,-9999.0,
USC00043491,1910,9,4,,,0.0,,,267.0,156.0,,,,,,,,-9999.0,
USC00043491,1910,9,5,,,0.0,,,283.0,161.0,,,,,,,,-9999.0,
USC00043491,1910,9,6,,,0.0,,,306.0,167.0,,,,,,,,-9999.0,
USC00043491,1910,9,7,,,0.0,,,283.0,167.0,,,,,,,,-9999.0,
USC00043491,1910,9,8,,,0.0,,,267.0,128.0,,,,,,,,-9999.0,
USC00043491,1910,9,9,,,0.0,,,278.0,156.0,,,,,,,,-9999.0,
USC00043491,1910,10,1,,,0.0,,,289.0,122.0,,,,,,,,-9999.0,
USC00043491,1910,10,10,,,0.0,,,294.0,83.0,,,,,,,,-9999.0,
USC00043491,1910,10,11,,,152.0,,,244.0,44.0,,,,,,,,1.0,
USC00043491,1910,10,12,,,0.0,,,89.0,17.0,,,,,,,,1.0,
USC00043491,1910,10,13,,,254.0,,,89.0,-22.0,,,,,,,,1.0,
USC00043491,1910,10,14,,,38.0,,,61.0,22.0,,,,,,,,-9999.0,
USC00043491,1910,10,15,,,0.0,,,156.0,56.0,,,,,,,,-9999.0,
USC00043491,1910,10,16,,,0.0,,,200.0,133.0,,,,,,,,-9999.0,
USC00043491,1910,10,17,,,0.0,,,172.0,139.0,,,,,,,,-9999.0,
USC00043491,1910,10,18,,,0.0,,,194.0,133.0,,,,,,,,-9999.0,
USC00043491,1910,10,19,,,0.0,,,306.0,117.0,,,,,,,,-9999.0,
USC00043491,1910,10,2,,,0.0,,,339.0,100.0,,,,,,,,-9999.0,
USC00043491,1910,10,20,,,0.0,,,311.0,128.0,,,,,,,,-9999.0,
USC00043491,1910,10,21,,,0.0,,,233.0,122.0,,,,,,,,-9999.0,
USC00043491,1910,10,22,,,0.0,,,283.0,117.0,,,,,,,,-9999.0,
USC00043491,1910,10,23,,,0.0,,,233.0,111.0,,,,,,,,-9999.0,
USC00043491,1910,10,24,,,0.0,,,256.0,139.0,,,,,,,,-9999.0,
USC00043491,1910,10,25,,,0.0,,,256.0,144.0,,,,,,,,-9999.0,
USC00043491,1910,10,26,,,0.0,,,278.0,139.0,,,,,,,,-9999.0,
USC00043491,1910,10,27,,,0.0,,,256.0,139.0,,,,,,,,-9999.0,
USC00043491,1910,10,28,,,0.0,,,256.0,144.0,,,,,,,,-9999.0,
USC00043491,1910,10,29,,,0.0,,,261.0,139.0,,,,,,,,-9999.0,
USC00043491,1910,10,3,,,0.0,,,256.0,94.0,,,,,,,,-9999.0,
USC00043491,1910,10,30,,,0.0,,,267.0,111.0,,,,,,,,-9999.0,
USC00043491,1910,10,31,,,0.0,,,256.0,89.0,,,,,,,,-9999.0,
USC00043491,1910,10,4,,,0.0,,,211.0,83.0,,,,,,,,-9999.0,
USC00043491,1910,10,5,,,0.0,,,194.0,117.0,,,,,,,,-9999.0,
USC00043491,1910,10,6,,,0.0,,,206.0,156.0,,,,,,,,-9999.0,
USC00043491,1910,10,7,,,0.0,,,294.0,178.0,,,,,,,,-9999.0,
USC00043491,1910,10,8,,,0.0,,,317.0,194.0,,,,,,,,-9999.0,
USC00043491,1910,10,9,,,0.0,,,306.0,128.0,,,,,,,,-9999.0,
USC00043491,1910,11,1,,,0.0,,,233.0,100.0,,,,,,,,-9999.0,
USC00043491,1910,11,10,,,0.0,,,183.0,89.0,,,,,,,,-9999.0,
USC00043491,1910,11,11,,,25.0,,,156.0,94.0,,,,,,,,1.0,
USC00043491,1910,11,12,,,127.0,,,100.0,17.0,,,,,,,,-9999.0,
USC00043491,1910,11,13,,,0.0,,,122.0,17.0,,,,,,,,-9999.0,
USC00043491,1910,11,14,,,0.0,,,183.0,72.0,,,,,,,,-9999.0,
USC00043491,1910,11,15,,,0.0,,,144.0,33.0,,,,,,,,-9999.0,
USC00043491,1910,11,16,,,0.0,,,150.0,11.0,,,,,,,,-9999.0,
USC00043491,1910,11,17,,,0.0,,,150.0,44.0,,,,,,,,-9999.0,
USC00043491,1910,11,18,,,203.0,,,128.0,17.0,,,,,,,,1.0,
USC00043491,1910,11,19,,,0.0,,,72.0,11.0,,,,,,,,-9999.0,
USC00043491,1910,11,2,,,0.0,,,233.0,117.0,,,,,,,,-9999.0,
USC00043491,1910,11,20,,,0.0,,,100.0,22.0,,,,,,,,-9999.0,
USC00043491,1910,11,21,,,0.0,,,139.0,11.0,,,,,,,,-9999.0,
USC00043491,1910,11,22,,,0.0,,,150.0,44.0,,,,,,,,-9999.0,
USC00043491,1910,11,23,,,38.0,,,128.0,89.0,,,,,,,,-9999.0,
USC00043491,1910,11,24,,,0.0,,,133.0,83.0,,,,,,,,-9999.0,
USC00043491,1910,11,25,,,330.0,,,83.0,17.0,,,,,,,,-9999.0,
USC00043491,1910,11,26,,,0.0,,,72.0,-22.0,,,,,,,,-9999.0,
USC00043491,1910,11,27,,,0.0,,,78.0,0.0,,,,,,,,-9999.0,
USC00043491,1910,11,28,,,0.0,,,94.0,11.0,,,,,,,,-9999.0,
USC00043491,1910,11,29,,,0.0,,,122.0,11.0,,,,,,,,-9999.0,
USC00043491,1910,11,3,,,0.0,,,222.0,89.0,,,,,,,,-9999.0,
USC00043491,1910,11,30,,,0.0,,,194.0,61.0,,,,,,,,-9999.0,
USC00043491,1910,11,31,,,-9999.0,,,-9999.0,-9999.0,,,,,,,,-9999.0,
USC00043491,1910,11,4,,,0.0,,,200.0,61.0,,,,,,,,-9999.0,
USC00043491,1910,11,5,,,0.0,,,183.0,67.0,,,,,,,,-9999.0,
USC00043491,1910,11,6,,,0.0,,,189.0,83.0,,,,,,,,-9999.0,
USC00043491,1910,11,7,,,0.0,,,194.0,78.0,,,,,,,,-9999.0,
USC00043491,1910,11,8,,,0.0,,,194.0,72.0,,,,,,,,1.0,
USC00043491,1910,11,9,,,203.0,,,139.0,56.0,,,,,,,,-9999.0,
USC00043491,1910,12,1,,,0.0,,,183.0,44.0,,,,,,,,-9999.0,
USC00043491,1910,12,10,,,25.0,,,156.0,122.0,,,,,,,,-9999.0,
USC00043491,1910,12,11,,,559.0,,,156.0,128.0,,,,,,,,-9999.0,
USC00043491,1910,12,12,,,0.0,,,128.0,56.0,,,,,,,,-9999.0,
USC00043491,1910,12,13,,,0.0,,,178.0,72.0,,,,,,,,-9999.0,
USC00043491,1910,12,14,,,0.0,,,183.0,56.0,,,,,,,,-9999.0,
USC00043491,1910,12,15,,,0.0,,,178.0,61.0,,,,,,,,-9999.0,
USC00043491,1910,12,16,,,0.0,,,178.0,56.0,,,,,,,,-9999.0,
USC00043491,1910,12,17,,,0.0,,,106.0,11.0,,,,,,,,-9999.0,
USC00043491,1910,12,18,,,0.0,,,100.0,22.0,,,,,,,,-9999.0,
USC00043491,1910,12,19,,,0.0,,,256.0,144.0,,,,,,,,-9999.0,
USC00043491,1910,12,2,,,0.0,,,200.0,83.0,,,,,,,,-9999.0,
USC00043491,1910,12,20,,,0.0,,,183.0,17.0,,,,,,,,-9999.0,
USC00043491,1910,12,21,,,0.0,,,94.0,-11.0,,,,,,,,-9999.0,
USC00043491,1910,12,22,,,0.0,,,106.0,-6.0,,,,,,,,-9999.0,
USC00043491,1910,12,23,,,0.0,,,128.0,17.0,,,,,,,,-9999.0,
USC00043491,1910,12,24,,,0.0,,,156.0,44.0,,,,,,,,-9999.0,
USC00043491,1910,12,25,,,0.0,,,111.0,17.0,,,,,,,,-9999.0,
USC00043491,1910,12,26,,,0.0,,,100.0,11.0,,,,,,,,-9999.0,
USC00043491,1910,12,27,,,0.0,,,67.0,-56.0,,,,,,,,-9999.0,
USC00043491,1910,12,28,,,0.0,,,100.0,0.0,,,,,,,,-9999.0,
USC00043491,1910,12,29,,,0.0,,,139.0,17.0,,,,,,,,-9999.0,
USC00043491,1910,12,3,,,381.0,,,122.0,67.0,,,,,,,,1.0,
USC00043491,1910,12,30,,,0.0,,,89.0,11.0,,,,,,,,-9999.0,
USC00043491,1910,12,31,,,0.0,,,83.0,-28.0,,,,,,,,-9999.0,
USC00043491,1910,12,4,,,305.0,,,67.0,22.0,,,,,,,,-9999.0,
USC00043491,1910,12,5,,,0.0,,,144.0,33.0,,,,,,,,-9999.0,
USC00043491,1910,12,6,,,38.0,,,156.0,61.0,,,,,,,,-9999.0,
USC00043491,1910,12,7,,,0.0,,,100.0,61.0,,,,,,,,-9999.0,
USC00043491,1910,12,8,,,0.0,,,128.0,72.0,,,,,,,,-9999.0,
USC00043491,1910,12,9,,,0.0,,,117.0,72.0,,,,,,,,-9999.0,
USC00043491,1911,1,1,,,0.0,0.0,-9999.0,83.0,-22.0,,,,,,,,-9999.0,-9999.0
USC00043491,1911,1,10,,,274.0,51.0,25.0,56.0,-22.0,,,,,,,,-9999.0,-9999.0
USC00043491,1911,1,11,,,51.0,51.0,51.0,17.0,-22.0,,,,,,,,-9999.0,1.0
USC00043491,1911,1,12,,,457.0,457.0,406.0,17.0,-11.0,,,,,,,,-9999.0,1.0
USC00043491,1911,1,13,,,470.0,102.0,229.0,39.0,-11.0,,,,,,,,-9999.0,-9999.0
USC00043491,1911,1,14,,,483.0,254.0,279.0,39.0,-6.0,,,,,,,,1.0,-9999.0
USC00043491,1911,1,15,,,470.0,51.0,254.0,33.0,-6.0,,,,,,,,-9999.0,-9999.0
USC00043491,1911,1,16,,,0.0,0.0,254.0,28.0,-17.0,,,,,,,,-9999.0,-9999.0
USC00043491,1911,1,17,,,0.0,0.0,203.0,33.0,-11.0,,,,,,,,-9999.0,-9999.0
USC00043491,1911,1,18,,,0.0,0.0,203.0,83.0,-6.0,,,,,,,,-9999.0,-9999.0
USC00043491,1911,1,19,,,0.0,0.0,178.0,94.0,6.0,,,,,,,,-9999.0,-9999.0
USC00043491,1911,1,2,,,0.0,0.0,-9999.0,100.0,-11.0,,,,,,,,-9999.0,-9999.0
USC00043491,1911,1,20,,,610.0,0.0,152.0,61.0,6.0,,,,,,,,1.0,-9999.0
USC00043491,1911,1,21,,,356.0,0.0,102.0,67.0,6.0,,,,,,,,-9999.0,-9999.0
USC00043491,1911,1,22,,,0.0,0.0,102.0,122.0,-6.0,,,,,,,,-9999.0,-9999.0
USC00043491,1911,1,23,,,0.0,0.0,76.0,94.0,0.0,,,,,,,,-9999.0,-9999.0
USC00043491,1911,1,24,,,508.0,0.0,51.0,89.0,17.0,,,,,,,,1.0,-9999.0
USC00043491,1911,1,25,,,559.0,0.0,25.0,67.0,17.0,,,,,,,,-9999.0,-9999.0
USC00043491,1911,1,26,,,102.0,102.0,51.0,44.0,0.0,,,,,,,,-9999.0,-9999.0
USC00043491,1911,1,27,,,89.0,25.0,25.0,28.0,-6.0,,,,,,,,-9999.0,-9999.0
USC00043491,1911,1,28,,,102.0,127.0,51.0,50.0,0.0,,,,,,,,-9999.0,-9999.0
USC00043491,1911,1,29,,,305.0,0.0,-9999.0,100.0,6.0,,,,,,,,1.0,-9999.0
USC00043491,1911,1,3,,,0.0,0.0,-9999.0,133.0,22.0,,,,,,,,-9999.0,-9999.0
USC00043491,1911,1,30,,,572.0,0.0,-9999.0,100.0,61.0,,,,,,,,1.0,-9999.0
USC00043491,1911,1,31,,,559.0,0.0,-9999.0,61.0,11.0,,,,,,,,1.0,-9999.0
USC00043491,1911,1,4,,,0.0,0.0,-9999.0,156.0,89.0,,,,,,,,-9999.0,-9999.0
USC00043491,1911,1,5,,,0.0,0.0,-9999.0,194.0,72.0,,,,,,,,-9999.0,-9999.0
USC00043491,1911,1,6,,,0.0,0.0,-9999.0,211.0,67.0,,,,,,,,-9999.0,-9999.0
USC00043491,1911,1,7,,,0.0,0.0,-9999.0,228.0,61.0,,,,,,,,-9999.0,-9999.0
USC00043491,1911,1,8,,,0.0,0.0,-9999.0,178.0,56.0,,,,,,,,-9999.0,-9999.0
USC00043491,1911,1,9,,,0.0,0.0,-9999.0,161.0,11.0,,,,,,,,1.0,-9999.0
USC00043491,1911,2,1,,,178.0,0.0,-9999.0,78.0,11.0,,,,,,,,-9999.0,-9999.0
USC00043491,1911,2,10,,,-9999.0,0.0,-9999.0,117.0,17.0,,,,,,,,-9999.0,-9999.0
USC00043491,1911,2,11,,,406.0,279.0,254.0,33.0,-11.0,,,,,,,,-9999.0,1.0
USC00043491,1911,2,12,,,51.0,51.0,279.0,28.0,-33.0,,,,,,,,-9999.0,-9999.0
USC00043491,1911,2,13,,,445.0,51.0,229.0,44.0,-11.0,,,,,,,,-9999.0,1.0
USC00043491,1911,2,14,,,51.0,51.0,279.0,72.0,-50.0,,,,,,,,-9999.0,-9999.0
USC00043491,1911,2,15,,,0.0,0.0,279.0,72.0,-67.0,,,,,,,,-9999.0,-9999.0
USC00043491,1911,2,16,,,-9999.0,0.0,-9999.0,128.0,-50.0,,,,,,,,-9999.0,-9999.0
USC00043491,1911,2,17,,,-9999.0,0.0,-9999.0,144.0,6.0,,,,,,,,-9999.0,-9999.0
USC00043491,1911,2,18,,,-9999.0,0.0,-9999.0,156.0,56.0,,,,,,,,-9999.0,-9999.0
USC00043491,1911,2,19,,,-9999.0,0.0,-9999.0,144.0,17.0,,,,,,,,-9999.0,-9999.0
USC00043491,1911,2,2,,,76.0,0.0,-9999.0,100.0,22.0,,,,,,,,1.0,-9999.0
USC00043491,1911,2,20,,,-9999.0,0.0,-9999.0,100.0,33.0,,,,,,,,-9999.0,-9999.0
USC00043491,1911,2,21,,,-9999.0,0.0,-9999.0,144.0,-22.0,,,,,,,,-9999.0,-9999.0
USC00043491,1911,2,22,,,-9999.0,0.0,-9999.0,206.0,17.0,,,,,,,,-9999.0,-9999.0
USC00043491,1911,2,23,,,0.0,0.0,-9999.0,156.0,22.0,,,,,,,,-9999.0,-9999.0
USC00043491,1911,2,24,,,-9999.0,0.0,-9999.0,144.0,-22.0,,,,,,,,-9999.0,-9999.0
USC00043491,1911,2,25,,,-9999.0,0.0,-9999.0,128.0,39.0,,,,,,,,-9999.0,-9999.0
USC00043491,1911,2,26,,,-9999.0,0.0,-9999.0,144.0,-78.0,,,,,,,,-9999.0,-9999.0
USC00043491,1911,2,27,,,0.0,0.0,-9999.0,50.0,-33.0,,,,,,,,-9999.0,-9999.0
USC00043491,1911,2,28,,,25.0,25.0,25.0,61.0,6.0,,,,,,,,-9999.0,-9999.0
USC00043491,1911,2,29,,,-9999.0,-9999.0,-9999.0,-9999.0,-9999.0,,,,,,,,-9999.0,-9999.0
USC00043491,1911,2,3,,,76.0,0.0,-9999.0,94.0,39.0,,,,,,,,-9999.0,-9999.0
USC00043491,1911,2,30,,,-9999.0,-9999.0,-9999.0,-9999.0,-9999.0,,,,,,,,-9999.0,-9999.0
USC00043491,1911,2,31,,,-9999.0,-9999.0,-9999.0,-9999.0,-9999.0,,,,,,,,-9999.0,-9999.0
USC00043491,1911,2,4,,,102.0,0.0,-9999.0,144.0,28.0,,,,,,,,1.0,-9999.0
USC00043491,1911,2,5,,,188.0,0.0,-9999.0,94.0,11.0,,,,,,,,1.0,-9999.0
USC00043491,1911,2,6,,,180.0,0.0,-9999.0,72.0,-6.0,,,,,,,,-9999.0,-9999.0
USC00043491,1911,2,7,,,-9999.0,0.0,-9999.0,44.0,-11.0,,,,,,,,-9999.0,-9999.0
USC00043491,1911,2,8,,,-9999.0,0.0,-9999.0,122.0,0.0,,,,,,,,-9999.0,-9999.0
USC00043491,1911,2,9,,,-9999.0,0.0,-9999.0,122.0,6.0,,,,,,,,-9999.0,-9999.0
USC00043491,1911,3,1,,,152.0,152.0,152.0,117.0,83.0,,,,,,,,,
USC00043491,1911,3,10,,,178.0,0.0,-9999.0,128.0,33.0,,,,,,,,,
USC00043491,1911,3,11,,,0.0,0.0,-9999.0,56.0,33.0,,,,,,,,,
USC00043491,1911,3,12,,,0.0,0.0,-9999.0,122.0,28.0,,,,,,,,,
USC00043491,1911,3,13,,,0.0,0.0,-9999.0,217.0,72.0,,,,,,,,,
USC00043491,1911,3,14,,,0.0,0.0,-9999.0,256.0,72.0,,,,,,,,,
USC00043491,1911,3,15,,,0.0,0.0,-9999.0,244.0,106.0,,,,,,,,,
USC00043491,1911,3,16,,,0.0,0.0,-9999.0,256.0,83.0,,,,,,,,,
USC00043491,1911,3,17,,,0.0,0.0,-9999.0,222.0,83.0,,,,,,,,,
USC00043491,1911,3,18,,,0.0,0.0,-9999.0,244.0,100.0,,,,,,,,,
USC00043491,1911,3,19,,,0.0,0.0,-9999.0,267.0,89.0,,,,,,,,,
USC00043491,1911,3,2,,,76.0,76.0,102.0,83.0,-22.0,,,,,,,,,
USC00043491,1911,3,20,,,0.0,0.0,-9999.0,250.0,100.0,,,,,,,,,
USC00043491,1911,3,21,,,0.0,0.0,-9999.0,217.0,56.0,,,,,,,,,
USC00043491,1911,3,22,,,0.0,0.0,-9999.0,211.0,61.0,,,,,,,,,
USC00043491,1911,3,23,,,0.0,0.0,-9999.0,167.0,56.0,,,,,,,,,
USC00043491,1911,3,24,,,25.0,0.0,-9999.0,200.0,72.0,,,,,,,,,
USC00043491,1911,3,25,,,0.0,0.0,-9999.0,256.0,72.0,,,,,,,,,
USC00043491,1911,3,26,,,0.0,0.0,-9999.0,228.0,78.0,,,,,,,,,
USC00043491,1911,3,27,,,0.0,0.0,-9999.0,172.0,106.0,,,,,,,,,
USC00043491,1911,3,28,,,0.0,0.0,-9999.0,267.0,139.0,,,,,,,,,
USC00043491,1911,3,29,,,0.0,0.0,-9999.0,256.0,156.0,,,,,,,,,
USC00043491,1911,3,3,,,508.0,0.0,-9999.0,100.0,72.0,,,,,,,,,
USC00043491,1911,3,30,,,0.0,0.0,-9999.0,267.0,128.0,,,,,,,,,
USC00043491,1911,3,31,,,0.0,0.0,-9999.0,261.0,94.0,,,,,,,,,
USC00043491,1911,3,4,,,508.0,0.0,-9999.0,122.0,17.0,,,,,,,,,
USC00043491,1911,3,5,,,305.0,0.0,-9999.0,128.0,33.0,,,,,,,,,
USC00043491,1911,3,6,,,254.0,0.0,-9999.0,133.0,56.0,,,,,,,,,
USC00043491,1911,3,7,,,508.0,178.0,178.0,128.0,17.0,,,,,,,,,
USC00043491,1911,3,8,,,508.0,0.0,25.0,78.0,44.0,,,,,,,,,
USC00043491,1911,3,9,,,0.0,0.0,-9999.0,72.0,44.0,,,,,,,,,
USC00043491,1911,4,1,,,0.0,,,211.0,72.0,,-9999.0,,,,,,-9999.0,
USC00043491,1911,4,10,,,127.0,,,89.0,0.0,,-9999.0,,,,,,-9999.0,
USC00043491,1911,4,11,,,51.0,,,83.0,6.0,,-9999.0,,,,,,1.0,
USC00043491,1911,4,12,,,13.0,,,56.0,-39.0,,-9999.0,,,,,,-9999.0,
USC00043491,1911,4,13,,,0.0,,,89.0,-11.0,,-9999.0,,,,,,-9999.0,
USC00043491,1911,4,14,,,0.0,,,128.0,11.0,,-9999.0,,,,,,-9999.0,
USC00043491,1911,4,15,,,0.0,,,167.0,44.0,,-9999.0,,,,,,-9999.0,
USC00043491,1911,4,16,,,0.0,,,189.0,61.0,,-9999.0,,,,,,-9999.0,
USC00043491,1911,4,17,,,0.0,,,211.0,89.0,,-9999.0,,,,,,-9999.0,
USC00043491,1911,4,18,,,0.0,,,156.0,117.0,,-9999.0,,,,,,-9999.0,
USC00043491,1911,4,19,,,0.0,,,222.0,89.0,,-9999.0,,,,,,-9999.0,
USC00043491,1911,4,2,,,0.0,,,239.0,83.0,,-9999.0,,,,,,-9999.0,
USC00043491,1911,4,20,,,0.0,,,172.0,50.0,,-9999.0,,,,,,-9999.0,
USC00043491,1911,4,21,,,0.0,,,156.0,67.0,,-9999.0,,,,,,-9999.0,
USC00043491,1911,4,22,,,0.0,,,183.0,67.0,,-9999.0,,,,,,-9999.0,
USC00043491,1911,4,23,,,0.0,,,217.0,83.0,,-9999.0,,,,,,-9999.0,
USC00043491,1911,4,24,,,0.0,,,233.0,89.0,,-9999.0,,,,,,-9999.0,
USC00043491,1911,4,25,,,0.0,,,239.0,111.0,,-9999.0,,,,,,-9999.0,
USC00043491,1911,4,26,,,0.0,,,217.0,44.0,,-9999.0,,,,,,-9999.0,
USC00043491,1911,4,27,,,25.0,,,83.0,17.0,,1.0,,,,,,-9999.0,
USC00043491,1911,4,28,,,0.0,,,67.0,6.0,,1.0,,,,,,-9999.0,
USC00043491,1911,4,29,,,0.0,,,106.0,28.0,,-9999.0,,,,,,-9999.0,
USC00043491,1911,4,3,,,0.0,,,111.0,72.0,,-9999.0,,,,,,-9999.0,
USC00043491,1911,4,30,,,0.0,,,156.0,33.0,,-9999.0,,,,,,-9999.0,
USC00043491,1911,4,31,,,-9999.0,,,-9999.0,-9999.0,,-9999.0,,,,,,-9999.0,
USC00043491,1911,4,4,,,0.0,,,183.0,44.0,,-9999.0,,,,,,-9999.0,
USC00043491,1911,4,5,,,5.0,,,111.0,28.0,,-9999.0,,,,,,1.0,
USC00043491,1911,4,6,,,356.0,,,139.0,56.0,,-9999.0,,,,,,1.0,
USC00043491,1911,4,7,,,25.0,,,133.0,39.0,,-9999.0,,,,,,-9999.0,
USC00043491,1911,4,8,,,0.0,,,156.0,44.0,,-9999.0,,,,,,-9999.0,
USC00043491,1911,4,9,,,178.0,,,150.0,39.0,,-9999.0,,,,,,1.0,
USC00043491,1911,5,1,,,0.0,,,167.0,56.0,,,,,,,,-9999.0,
USC00043491,1911,5,10,,,0.0,,,161.0,33.0,,,,,,,,-9999.0,
USC00043491,1911,5,11,,,0.0,,,167.0,72.0,,,,,,,,-9999.0,
USC00043491,1911,5,12,,,0.0,,,222.0,89.0,,,,,,,,-9999.0,
USC00043491,1911,5,13,,,0.0,,,206.0,56.0,,,,,,,,-9999.0,
USC00043491,1911,5,14,,,0.0,,,150.0,67.0,,,,,,,,-9999.0,
USC00043491,1911,5,15,,,0.0,,,172.0,56.0,,,,,,,,-9999.0,
USC00043491,1911,5,16,,,25.0,,,161.0,28.0,,,,,,,,1.0,
USC00043491,1911,5,17,,,13.0,,,94.0,28.0,,,,,,,,-9999.0,
USC00043491,1911,5,18,,,165.0,,,111.0,50.0,,,,,,,,1.0,
USC00043491,1911,5,19,,,13.0,,,150.0,44.0,,,,,,,,-9999.0,
USC00043491,1911,5,2,,,0.0,,,156.0,56.0,,,,,,,,-9999.0,
USC00043491,1911,5,20,,,0.0,,,228.0,100.0,,,,,,,,-9999.0,
USC00043491,1911,5,21,,,0.0,,,256.0,128.0,,,,,,,,-9999.0,
USC00043491,1911,5,22,,,0.0,,,261.0,128.0,,,,,,,,-9999.0,
USC00043491,1911,5,23,,,0.0,,,261.0,111.0,,,,,,,,-9999.0,
USC00043491,1911,5,24,,,0.0,,,367.0,6.0,,,,,,,,-9999.0,
USC00043491,1911,5,25,,,0.0,,,194.0,22.0,,,,,,,,-9999.0,
USC00043491,1911,5,26,,,0.0,,,194.0,44.0,,,,,,,,-9999.0,
USC00043491,1911,5,27,,,0.0,,,183.0,72.0,,,,,,,,-9999.0,
USC00043491,1911,5,28,,,0.0,,,222.0,100.0,,,,,,,,-9999.0,
USC00043491,1911,5,29,,,0.0,,,233.0,128.0,,,,,,,,-9999.0,
USC00043491,1911,5,3,,,0.0,,,167.0,56.0,,,,,,,,-9999.0,
USC00043491,1911,5,30,,,0.0,,,211.0,72.0,,,,,,,,-9999.0,
USC00043491,1911,5,31,,,25.0,,,167.0,67.0,,,,,,,,-9999.0,
USC00043491,1911,5,4,,,0.0,,,217.0,83.0,,,,,,,,-9999.0,
USC00043491,1911,5,5,,,102.0,,,217.0,22.0,,,,,,,,1.0,
USC00043491,1911,5,6,,,127.0,,,94.0,0.0,,,,,,,,-9999.0,
USC00043491,1911,5,7,,,0.0,,,161.0,44.0,,,,,,,,-9999.0,
USC00043491,1911,5,8,,,0.0,,,156.0,33.0,,,,,,,,-9999.0,
USC00043491,1911,5,9,,,0.0,,,139.0,22.0,,,,,,,,-9999.0,
USC00043491,1911,6,1,,,0.0,,,167.0,83.0,,,,,,,,,
USC00043491,1911,6,10,,,0.0,,,261.0,128.0,,,,,,,,,
USC00043491,1911,6,11,,,0.0,,,289.0,178.0,,,,,,,,,
USC00043491,1911,6,12,,,0.0,,,328.0,194.0,,,,,,,,,
USC00043491,1911,6,13,,,0.0,,,317.0,178.0,,,,,,,,,
USC00043491,1911,6,14,,,0.0,,,294.0,156.0,,,,,,,,,
USC00043491,1911,6,15,,,0.0,,,267.0,156.0,,,,,,,,,
USC00043491,1911,6,16,,,0.0,,,272.0,133.0,,,,,,,,,
USC00043491,1911,6,17,,,0.0,,,283.0,156.0,,,,,,,,,
USC00043491,1911,6,18,,,0.0,,,306.0,167.0,,,,,,,,,
USC00043491,1911,6,19,,,0.0,,,317.0,183.0,,,,,,,,,
USC00043491,1911,6,2,,,0.0,,,211.0,100.0,,,,,,,,,
USC00043491,1911,6,20,,,0.0,,,322.0,167.0,,,,,,,,,
USC00043491,1911,6,21,,,0.0,,,272.0,122.0,,,,,,,,,
USC00043491,1911,6,22,,,0.0,,,222.0,94.0,,,,,,,,,
USC00043491,1911,6,23,,,0.0,,,239.0,72.0,,,,,,,,,
USC00043491,1911,6,24,,,0.0,,,217.0,67.0,,,,,,,,,
USC00043491,1911,6,25,,,0.0,,,217.0,94.0,,,,,,,,,
USC00043491,1911,6,26,,,0.0,,,267.0,156.0,,,,,,,,,
USC00043491,1911,6,27,,,25.0,,,278.0,133.0,,,,,,,,,
USC00043491,1911,6,28,,,0.0,,,267.0,133.0,,,,,,,,,
USC00043491,1911,6,29,,,0.0,,,272.0,100.0,,,,,,,,,
USC00043491,1911,6,3,,,0.0,,,244.0,139.0,,,,,,,,,
USC00043491,1911,6,30,,,0.0,,,256.0,106.0,,,,,,,,,
USC00043491,1911,6,31,,,-9999.0,,,-9999.0,-9999.0,,,,,,,,,
USC00043491,1911,6,4,,,0.0,,,256.0,117.0,,,,,,,,,
USC00043491,1911,6,5,,,0.0,,,256.0,111.0,,,,,,,,,
USC00043491,1911,6,6,,,0.0,,,272.0,150.0,,,,,,,,,
USC00043491,1911,6,7,,,114.0,,,206.0,89.0,,,,,,,,,
USC00043491,1911,6,8,,,0.0,,,222.0,100.0,,,,,,,,,
USC00043491,1911,6,9,,,0.0,,,233.0,106.0,,,,,,,,,
USC00043491,1911,7,1,,,0.0,,,256.0,128.0,,,,,,,,,
USC00043491,1911,7,10,,,0.0,,,333.0,183.0,,,,,,,,,
USC00043491,1911,7,11,,,0.0,,,333.0,183.0,,,,,,,,,
USC00043491,1911,7,12,,,0.0,,,300.0,183.0,,,,,,,,,
USC00043491,1911,7,13,,,0.0,,,300.0,178.0,,,,,,,,,
USC00043491,1911,7,14,,,0.0,,,322.0,183.0,,,,,,,,,
USC00043491,1911,7,15,,,0.0,,,350.0,206.0,,,,,,,,,
USC00043491,1911,7,16,,,0.0,,,372.0,244.0,,,,,,,,,
USC00043491,1911,7,17,,,0.0,,,378.0,256.0,,,,,,,,,
USC00043491,1911,7,18,,,0.0,,,356.0,244.0,,,,,,,,,
USC00043491,1911,7,19,,,0.0,,,328.0,200.0,,,,,,,,,
USC00043491,1911,7,2,,,0.0,,,306.0,150.0,,,,,,,,,
USC00043491,1911,7,20,,,0.0,,,322.0,178.0,,,,,,,,,
USC00043491,1911,7,21,,,0.0,,,317.0,167.0,,,,,,,,,
USC00043491,1911,7,22,,,0.0,,,300.0,167.0,,,,,,,,,
USC00043491,1911,7,23,,,0.0,,,300.0,172.0,,,,,,,,,
USC00043491,1911,7,24,,,0.0,,,311.0,194.0,,,,,,,,,
USC00043491,1911,7,25,,,0.0,,,311.0,183.0,,,,,,,,,
USC00043491,1911,7,26,,,0.0,,,339.0,206.0,,,,,,,,,
USC00043491,1911,7,27,,,0.0,,,339.0,194.0,,,,,,,,,
USC00043491,1911,7,28,,,0.0,,,328.0,183.0,,,,,,,,,
USC00043491,1911,7,29,,,0.0,,,311.0,183.0,,,,,,,,,
USC00043491,1911,7,3,,,0.0,,,311.0,183.0,,,,,,,,,
USC00043491,1911,7,30,,,0.0,,,322.0,189.0,,,,,,,,,
USC00043491,1911,7,31,,,0.0,,,339.0,189.0,,,,,,,,,
USC00043491,1911,7,4,,,0.0,,,317.0,194.0,,,,,,,,,
USC00043491,1911,7,5,,,0.0,,,322.0,189.0,,,,,,,,,
USC00043491,1911,7,6,,,0.0,,,333.0,189.0,,,,,,,,,
USC00043491,1911,7,7,,,0.0,,,361.0,167.0,,,,,,,,,
USC00043491,1911,7,8,,,0.0,,,322.0,167.0,,,,,,,,,
USC00043491,1911,7,9,,,0.0,,,322.0,167.0,,,,,,,,,
USC00043491,1911,8,1,,,0.0,,,339.0,200.0,,,,,,,,,
USC00043491,1911,8,10,,,0.0,,,289.0,150.0,,,,,,,,,
USC00043491,1911,8,11,,,0.0,,,294.0,156.0,,,,,,,,,
USC00043491,1911,8,12,,,0.0,,,272.0,128.0,,,,,,,,,
USC00043491,1911,8,13,,,0.0,,,306.0,150.0,,,,,,,,,
USC00043491,1911,8,14,,,0.0,,,278.0,128.0,,,,,,,,,
USC00043491,1911,8,15,,,0.0,,,272.0,139.0,,,,,,,,,
USC00043491,1911,8,16,,,0.0,,,278.0,150.0,,,,,,,,,
USC00043491,1911,8,17,,,0.0,,,289.0,161.0,,,,,,,,,
USC00043491,1911,8,18,,,0.0,,,294.0,144.0,,,,,,,,,
USC00043491,1911,8,19,,,0.0,,,306.0,144.0,,,,,,,,,
USC00043491,1911,8,2,,,0.0,,,317.0,172.0,,,,,,,,,
USC00043491,1911,8,20,,,0.0,,,289.0,150.0,,,,,,,,,
USC00043491,1911,8,21,,,0.0,,,311.0,161.0,,,,,,,,,
USC00043491,1911,8,22,,,0.0,,,311.0,161.0,,,,,,,,,
USC00043491,1911,8,23,,,0.0,,,311.0,167.0,,,,,,,,,
USC00043491,1911,8,24,,,0.0,,,311.0,161.0,,,,,,,,,
USC00043491,1911,8,25,,,0.0,,,317.0,183.0,,,,,,,,,
USC00043491,1911,8,26,,,0.0,,,322.0,156.0,,,,,,,,,
USC00043491,1911,8,27,,,0.0,,,300.0,167.0,,,,,,,,,
USC00043491,1911,8,28,,,0.0,,,289.0,172.0,,,,,,,,,
USC00043491,1911,8,29,,,0.0,,,300.0,167.0,,,,,,,,,
USC00043491,1911,8,3,,,0.0,,,317.0,167.0,,,,,,,,,
USC00043491,1911,8,30,,,0.0,,,306.0,183.0,,,,,,,,,
USC00043491,1911,8,31,,,0.0,,,328.0,183.0,,,,,,,,,
USC00043491,1911,8,4,,,0.0,,,317.0,167.0,,,,,,,,,
USC00043491,1911,8,5,,,0.0,,,294.0,156.0,,,,,,,,,
USC00043491,1911,8,6,,,0.0,,,294.0,150.0,,,,,,,,,
USC00043491,1911,8,7,,,0.0,,,294.0,167.0,,,,,,,,,
USC00043491,1911,8,8,,,0.0,,,317.0,156.0,,,,,,,,,
USC00043491,1911,8,9,,,0.0,,,311.0,150.0,,,,,,,,,
USC00043491,1911,9,1,,,0.0,,,317.0,156.0,,,,,,,,,
USC00043491,1911,9,10,,,0.0,,,267.0,111.0,,,,,,,,,
USC00043491,1911,9,11,,,0.0,,,244.0,94.0,,,,,,,,,
USC00043491,1911,9,12,,,0.0,,,217.0,78.0,,,,,,,,,
USC00043491,1911,9,13,,,0.0,,,211.0,78.0,,,,,,,,,
USC00043491,1911,9,14,,,0.0,,,256.0,122.0,,,,,,,,,
USC00043491,1911,9,15,,,0.0,,,261.0,122.0,,,,,,,,,
USC00043491,1911,9,16,,,0.0,,,267.0,122.0,,,,,,,,,
USC00043491,1911,9,17,,,0.0,,,261.0,133.0,,,,,,,,,
USC00043491,1911,9,18,,,0.0,,,261.0,139.0,,,,,,,,,
USC00043491,1911,9,19,,,0.0,,,261.0,128.0,,,,,,,,,
USC00043491,1911,9,2,,,0.0,,,300.0,156.0,,,,,,,,,
USC00043491,1911,9,20,,,0.0,,,267.0,156.0,,,,,,,,,
USC00043491,1911,9,21,,,0.0,,,294.0,139.0,,,,,,,,,
USC00043491,1911,9,22,,,0.0,,,244.0,128.0,,,,,,,,,
USC00043491,1911,9,23,,,0.0,,,217.0,122.0,,,,,,,,,
USC00043491,1911,9,24,,,0.0,,,233.0,117.0,,,,,,,,,
USC00043491,1911,9,25,,,0.0,,,244.0,78.0,,,,,,,,,
USC00043491,1911,9,26,,,38.0,,,161.0,50.0,,,,,,,,,
USC00043491,1911,9,27,,,0.0,,,178.0,56.0,,,,,,,,,
USC00043491,1911,9,28,,,0.0,,,200.0,122.0,,,,,,,,,
USC00043491,1911,9,29,,,0.0,,,239.0,94.0,,,,,,,,,
USC00043491,1911,9,3,,,0.0,,,267.0,144.0,,,,,,,,,
USC00043491,1911,9,30,,,0.0,,,217.0,122.0,,,,,,,,,
USC00043491,1911,9,31,,,-9999.0,,,-9999.0,-9999.0,,,,,,,,,
USC00043491,1911,9,4,,,0.0,,,261.0,117.0,,,,,,,,,
USC00043491,1911,9,5,,,0.0,,,211.0,67.0,,,,,,,,,
USC00043491,1911,9,6,,,0.0,,,200.0,100.0,,,,,,,,,
USC00043491,1911,9,7,,,0.0,,,239.0,122.0,,,,,,,,,
USC00043491,1911,9,8,,,0.0,,,267.0,133.0,,,,,,,,,
USC00043491,1911,9,9,,,0.0,,,256.0,122.0,,,,,,,,,
USC00043491,1911,10,1,,,0.0,,,239.0,50.0,,,,,,,,-9999.0,
USC00043491,1911,10,10,,,0.0,,,128.0,28.0,,,,,,,,-9999.0,
USC00043491,1911,10,11,,,0.0,,,178.0,67.0,,,,,,,,-9999.0,
USC00043491,1911,10,12,,,0.0,,,211.0,83.0,,,,,,,,-9999.0,
USC00043491,1911,10,13,,,0.0,,,244.0,100.0,,,,,,,,-9999.0,
USC00043491,1911,10,14,,,0.0,,,217.0,89.0,,,,,,,,-9999.0,
USC00043491,1911,10,15,,,0.0,,,228.0,100.0,,,,,,,,-9999.0,
USC00043491,1911,10,16,,,0.0,,,283.0,150.0,,,,,,,,-9999.0,
USC00043491,1911,10,17,,,0.0,,,294.0,156.0,,,,,,,,-9999.0,
USC00043491,1911,10,18,,,0.0,,,267.0,144.0,,,,,,,,-9999.0,
USC00043491,1911,10,19,,,0.0,,,294.0,133.0,,,,,,,,-9999.0,
USC00043491,1911,10,2,,,13.0,,,133.0,22.0,,,,,,,,-9999.0,
USC00043491,1911,10,20,,,0.0,,,261.0,139.0,,,,,,,,-9999.0,
USC00043491,1911,10,21,,,0.0,,,250.0,128.0,,,,,,,,-9999.0,
USC00043491,1911,10,22,,,0.0,,,239.0,128.0,,,,,,,,-9999.0,
USC00043491,1911,10,23,,,0.0,,,233.0,133.0,,,,,,,,-9999.0,
USC00043491,1911,10,24,,,0.0,,,228.0,128.0,,,,,,,,-9999.0,
USC00043491,1911,10,25,,,0.0,,,211.0,106.0,,,,,,,,-9999.0,
USC00043491,1911,10,26,,,0.0,,,211.0,83.0,,,,,,,,1.0,
USC00043491,1911,10,27,,,132.0,,,111.0,39.0,,,,,,,,-9999.0,
USC00043491,1911,10,28,,,0.0,,,172.0,67.0,,,,,,,,-9999.0,
USC00043491,1911,10,29,,,0.0,,,183.0,61.0,,,,,,,,-9999.0,
USC00043491,1911,10,3,,,0.0,,,161.0,56.0,,,,,,,,-9999.0,
USC00043491,1911,10,30,,,0.0,,,183.0,89.0,,,,,,,,-9999.0,
USC00043491,1911,10,31,,,0.0,,,178.0,56.0,,,,,,,,-9999.0,
USC00043491,1911,10,4,,,13.0,,,167.0,78.0,,,,,,,,1.0,
USC00043491,1911,10,5,,,38.0,,,122.0,44.0,,,,,,,,-9999.0,
USC00043491,1911,10,6,,,0.0,,,194.0,72.0,,,,,,,,-9999.0,
USC00043491,1911,10,7,,,0.0,,,233.0,122.0,,,,,,,,-9999.0,
USC00043491,1911,10,8,,,0.0,,,267.0,133.0,,,,,,,,-9999.0,
USC00043491,1911,10,9,,,127.0,,,211.0,28.0,,,,,,,,-9999.0,
USC00043491,1911,11,1,,,0.0,,,172.0,100.0,,,,,,,,-9999.0,
USC00043491,1911,11,10,,,483.0,,,78.0,44.0,,,,,,,,-9999.0,
USC00043491,1911,11,11,,,25.0,,,56.0,-44.0,,,,,,,,-9999.0,
USC00043491,1911,11,12,,,0.0,,,83.0,-11.0,,,,,,,,-9999.0,
USC00043491,1911,11,13,,,0.0,,,133.0,44.0,,,,,,,,-9999.0,
USC00043491,1911,11,14,,,0.0,,,83.0,28.0,,,,,,,,-9999.0,
USC00043491,1911,11,15,,,13.0,,,150.0,44.0,,,,,,,,1.0,
USC00043491,1911,11,16,,,279.0,,,67.0,-6.0,,,,,,,,-9999.0,
USC00043491,1911,11,17,,,0.0,,,133.0,50.0,,,,,,,,-9999.0,
USC00043491,1911,11,18,,,0.0,,,161.0,44.0,,,,,,,,-9999.0,
USC00043491,1911,11,19,,,0.0,,,206.0,72.0,,,,,,,,-9999.0,
USC00043491,1911,11,2,,,0.0,,,239.0,94.0,,,,,,,,-9999.0,
USC00043491,1911,11,20,,,0.0,,,211.0,89.0,,,,,,,,-9999.0,
USC00043491,1911,11,21,,,0.0,,,189.0,33.0,,,,,,,,-9999.0,
USC00043491,1911,11,22,,,0.0,,,156.0,56.0,,,,,,,,-9999.0,
USC00043491,1911,11,23,,,0.0,,,194.0,33.0,,,,,,,,-9999.0,
USC00043491,1911,11,24,,,0.0,,,172.0,56.0,,,,,,,,-9999.0,
USC00043491,1911,11,25,,,0.0,,,200.0,78.0,,,,,,,,-9999.0,
USC00043491,1911,11,26,,,0.0,,,200.0,83.0,,,,,,,,-9999.0,
USC00043491,1911,11,27,,,0.0,,,228.0,89.0,,,,,,,,-9999.0,
USC00043491,1911,11,28,,,0.0,,,211.0,72.0,,,,,,,,-9999.0,
USC00043491,1911,11,29,,,0.0,,,194.0,50.0,,,,,,,,-9999.0,
USC00043491,1911,11,3,,,0.0,,,211.0,128.0,,,,,,,,-9999.0,
USC00043491,1911,11,30,,,0.0,,,178.0,83.0,,,,,,,,-9999.0,
USC00043491,1911,11,31,,,-9999.0,,,-9999.0,-9999.0,,,,,,,,-9999.0,
USC00043491,1911,11,4,,,0.0,,,228.0,78.0,,,,,,,,-9999.0,
USC00043491,1911,11,5,,,0.0,,,194.0,78.0,,,,,,,,-9999.0,
USC00043491,1911,11,6,,,0.0,,,200.0,94.0,,,,,,,,-9999.0,
USC00043491,1911,11,7,,,0.0,,,206.0,83.0,,,,,,,,-9999.0,
USC00043491,1911,11,8,,,0.0,,,172.0,44.0,,,,,,,,-9999.0,
USC00043491,1911,11,9,,,102.0,,,122.0,50.0,,,,,,,,1.0,
USC00043491,1911,12,1,,,0.0,0.0,-9999.0,211.0,72.0,,,,,,,,-9999.0,-9999.0
USC00043491,1911,12,10,,,0.0,0.0,-9999.0,222.0,17.0,,,,,,,,-9999.0,-9999.0
USC00043491,1911,12,11,,,0.0,0.0,-9999.0,272.0,44.0,,,,,,,,-9999.0,-9999.0
USC00043491,1911,12,12,,,0.0,0.0,-9999.0,267.0,22.0,,,,,,,,-9999.0,-9999.0
USC00043491,1911,12,13,,,0.0,0.0,-9999.0,233.0,39.0,,,,,,,,-9999.0,-9999.0
USC00043491,1911,12,14,,,0.0,0.0,-9999.0,183.0,33.0,,,,,,,,-9999.0,-9999.0
USC00043491,1911,12,15,,,0.0,0.0,-9999.0,194.0,33.0,,,,,,,,-9999.0,-9999.0
USC00043491,1911,12,16,,,0.0,0.0,-9999.0,239.0,44.0,,,,,,,,-9999.0,-9999.0
USC00043491,1911,12,17,,,25.0,25.0,25.0,83.0,-22.0,,,,,,,,-9999.0,-9999.0
USC00043491,1911,12,18,,,0.0,0.0,-9999.0,94.0,-17.0,,,,,,,,-9999.0,-9999.0
USC00043491,1911,12,19,,,0.0,0.0,-9999.0,172.0,-6.0,,,,,,,,-9999.0,-9999.0
USC00043491,1911,12,2,,,0.0,0.0,-9999.0,211.0,83.0,,,,,,,,-9999.0,-9999.0
USC00043491,1911,12,20,,,0.0,0.0,-9999.0,83.0,-11.0,,,,,,,,-9999.0,-9999.0
USC00043491,1911,12,21,,,0.0,0.0,-9999.0,56.0,-33.0,,,,,,,,-9999.0,-9999.0
USC00043491,1911,12,22,,,0.0,0.0,-9999.0,100.0,17.0,,,,,,,,-9999.0,-9999.0
USC00043491,1911,12,23,,,0.0,0.0,-9999.0,150.0,0.0,,,,,,,,1.0,-9999.0
USC00043491,1911,12,24,,,38.0,0.0,-9999.0,44.0,-39.0,,,,,,,,-9999.0,-9999.0
USC00043491,1911,12,25,,,0.0,0.0,-9999.0,44.0,-56.0,,,,,,,,-9999.0,-9999.0
USC00043491,1911,12,26,,,0.0,0.0,-9999.0,72.0,28.0,,,,,,,,-9999.0,-9999.0
USC00043491,1911,12,27,,,0.0,0.0,-9999.0,100.0,-11.0,,,,,,,,-9999.0,-9999.0
USC00043491,1911,12,28,,,203.0,203.0,203.0,39.0,-28.0,,,,,,,,-9999.0,1.0
USC00043491,1911,12,29,,,51.0,51.0,254.0,33.0,-56.0,,,,,,,,-9999.0,-9999.0
USC00043491,1911,12,3,,,0.0,0.0,-9999.0,217.0,89.0,,,,,,,,-9999.0,-9999.0
USC00043491,1911,12,30,,,0.0,0.0,254.0,11.0,-61.0,,,,,,,,-9999.0,-9999.0
USC00043491,1911,12,31,,,152.0,152.0,406.0,39.0,-11.0,,,,,,,,-9999.0,1.0
USC00043491,1911,12,4,,,0.0,0.0,-9999.0,161.0,33.0,,,,,,,,-9999.0,-9999.0
USC00043491,1911,12,5,,,0.0,0.0,-9999.0,100.0,28.0,,,,,,,,-9999.0,-9999.0
USC00043491,1911,12,6,,,102.0,0.0,-9999.0,117.0,22.0,,,,,,,,-9999.0,-9999.0
USC00043491,1911,12,7,,,0.0,0.0,-9999.0,78.0,17.0,,,,,,,,-9999.0,-9999.0
USC00043491,1911,12,8,,,0.0,0.0,-9999.0,222.0,56.0,,,,,,,,-9999.0,-9999.0
USC00043491,1911,12,9,,,0.0,0.0,-9999.0,222.0,22.0,,,,,,,,-9999.0,-9999.0
USC00043491,1912,1,1,,,152.0,152.0,457.0,6.0,-22.0,,,,,,,,-9999.0,1.0
USC00043491,1912,1,10,,,305.0,0.0,-9999.0,67.0,33.0,,,,,,,,1.0,-9999.0
USC00043491,1912,1,11,,,135.0,0.0,-9999.0,72.0,28.0,,,,,,,,-9999.0,-9999.0
USC00043491,1912,1,12,,,0.0,0.0,0.0,94.0,28.0,,,,,,,,-9999.0,-9999.0
USC00043491,1912,1,13,,,0.0,0.0,-9999.0,122.0,44.0,,,,,,,,-9999.0,-9999.0
USC00043491,1912,1,14,,,0.0,0.0,-9999.0,200.0,67.0,,,,,,,,-9999.0,-9999.0
USC00043491,1912,1,15,,,0.0,0.0,-9999.0,178.0,111.0,,,,,,,,-9999.0,-9999.0
USC00043491,1912,1,16,,,127.0,0.0,-9999.0,167.0,17.0,,,,,,,,1.0,-9999.0
USC00043491,1912,1,17,,,76.0,0.0,-9999.0,61.0,-11.0,,,,,,,,-9999.0,-9999.0
USC00043491,1912,1,18,,,13.0,0.0,-9999.0,100.0,17.0,,,,,,,,1.0,-9999.0
USC00043491,1912,1,19,,,152.0,0.0,-9999.0,50.0,17.0,,,,,,,,-9999.0,-9999.0
USC00043491,1912,1,2,,,0.0,0.0,406.0,33.0,-17.0,,,,,,,,-9999.0,-9999.0
USC00043491,1912,1,20,,,0.0,0.0,-9999.0,106.0,44.0,,,,,,,,-9999.0,-9999.0
USC00043491,1912,1,21,,,0.0,0.0,-9999.0,156.0,61.0,,,,,,,,-9999.0,-9999.0
USC00043491,1912,1,22,,,0.0,0.0,-9999.0,161.0,28.0,,,,,,,,-9999.0,-9999.0
USC00043491,1912,1,23,,,0.0,0.0,-9999.0,111.0,17.0,,,,,,,,-9999.0,-9999.0
USC00043491,1912,1,24,,,0.0,0.0,-9999.0,100.0,39.0,,,,,,,,-9999.0,-9999.0
USC00043491,1912,1,25,,,0.0,0.0,-9999.0,106.0,72.0,,,,,,,,-9999.0,-9999.0
USC00043491,1912,1,26,,,330.0,0.0,-9999.0,94.0,28.0,,,,,,,,-9999.0,-9999.0
USC00043491,1912,1,27,,,203.0,102.0,51.0,50.0,-6.0,,,,,,,,-9999.0,-9999.0
USC00043491,1912,1,28,,,0.0,0.0,25.0,89.0,6.0,,,,,,,,-9999.0,-9999.0
USC00043491,1912,1,29,,,0.0,0.0,-9999.0,128.0,22.0,,,,,,,,-9999.0,-9999.0
USC00043491,1912,1,3,,,0.0,0.0,356.0,78.0,-44.0,,,,,,,,-9999.0,-9999.0
USC00043491,1912,1,30,,,0.0,0.0,-9999.0,167.0,67.0,,,,,,,,-9999.0,-9999.0
USC00043491,1912,1,31,,,0.0,0.0,-9999.0,172.0,72.0,,,,,,,,-9999.0,-9999.0
USC00043491,1912,1,4,,,0.0,0.0,305.0,100.0,-11.0,,,,,,,,-9999.0,-9999.0
USC00043491,1912,1,5,,,0.0,0.0,254.0,150.0,39.0,,,,,,,,-9999.0,-9999.0
USC00043491,1912,1,6,,,0.0,0.0,203.0,106.0,28.0,,,,,,,,-9999.0,-9999.0
USC00043491,1912,1,7,,,51.0,0.0,102.0,133.0,33.0,,,,,,,,1.0,-9999.0
USC00043491,1912,1,8,,,102.0,0.0,51.0,56.0,0.0,,,,,,,,-9999.0,-9999.0
USC00043491,1912,1,9,,,127.0,0.0,-9999.0,67.0,17.0,,,,,,,,1.0,-9999.0
USC00043491,1912,2,1,,,0.0,,,183.0,83.0,,,,,,,,,
USC00043491,1912,2,10,,,0.0,,,111.0,44.0,,,,,,,,,
USC00043491,1912,2,11,,,25.0,,,144.0,17.0,,,,,,,,,
USC00043491,1912,2,12,,,0.0,,,133.0,44.0,,,,,,,,,
USC00043491,1912,2,13,,,0.0,,,122.0,33.0,,,,,,,,,
USC00043491,1912,2,14,,,76.0,,,111.0,44.0,,,,,,,,,
USC00043491,1912,2,15,,,0.0,,,117.0,22.0,,,,,,,,,
USC00043491,1912,2,16,,,0.0,,,139.0,44.0,,,,,,,,,
USC00043491,1912,2,17,,,0.0,,,150.0,44.0,,,,,,,,,
USC00043491,1912,2,18,,,64.0,,,94.0,56.0,,,,,,,,,
USC00043491,1912,2,19,,,0.0,,,111.0,22.0,,,,,,,,,
USC00043491,1912,2,2,,,0.0,,,200.0,72.0,,,,,,,,,
USC00043491,1912,2,20,,,0.0,,,161.0,33.0,,,,,,,,,
USC00043491,1912,2,21,,,0.0,,,144.0,11.0,,,,,,,,,
USC00043491,1912,2,22,,,0.0,,,111.0,33.0,,,,,,,,,
USC00043491,1912,2,23,,,0.0,,,128.0,-6.0,,,,,,,,,
USC00043491,1912,2,24,,,0.0,,,94.0,-22.0,,,,,,,,,
USC00043491,1912,2,25,,,0.0,,,78.0,-33.0,,,,,,,,,
USC00043491,1912,2,26,,,0.0,,,117.0,-11.0,,,,,,,,,
USC00043491,1912,2,27,,,0.0,,,111.0,33.0,,,,,,,,,
USC00043491,1912,2,28,,,0.0,,,156.0,67.0,,,,,,,,,
USC00043491,1912,2,29,,,0.0,,,178.0,67.0,,,,,,,,,
USC00043491,1912,2,3,,,0.0,,,189.0,67.0,,,,,,,,,
USC00043491,1912,2,30,,,-9999.0,,,-9999.0,-9999.0,,,,,,,,,
USC00043491,1912,2,31,,,-9999.0,,,-9999.0,-9999.0,,,,,,,,,
USC00043491,1912,2,4,,,0.0,,,183.0,61.0,,,,,,,,,
USC00043491,1912,2,5,,,0.0,,,178.0,83.0,,,,,,,,,
USC00043491,1912,2,6,,,0.0,,,206.0,67.0,,,,,,,,,
USC00043491,1912,2,7,,,0.0,,,161.0,17.0,,,,,,,,,
USC00043491,1912,2,8,,,51.0,,,89.0,33.0,,,,,,,,,
USC00043491,1912,2,9,,,0.0,,,156.0,56.0,,,,,,,,,
USC00043491,1912,3,1,,,89.0,0.0,-9999.0,189.0,44.0,,,,,,,,-9999.0,-9999.0
USC00043491,1912,3,10,,,0.0,0.0,-9999.0,128.0,11.0,,,,,,,,-9999.0,-9999.0
USC00043491,1912,3,11,,,0.0,0.0,-9999.0,100.0,6.0,,,,,,,,-9999.0,-9999.0
USC00043491,1912,3,12,,,25.0,0.0,-9999.0,83.0,28.0,,,,,,,,1.0,-9999.0
USC00043491,1912,3,13,,,152.0,152.0,76.0,56.0,-11.0,,,,,,,,-9999.0,1.0
USC00043491,1912,3,14,,,292.0,51.0,25.0,39.0,-17.0,,,,,,,,-9999.0,-9999.0
USC00043491,1912,3,15,,,0.0,0.0,0.0,72.0,17.0,,,,,,,,-9999.0,-9999.0
USC00043491,1912,3,16,,,127.0,203.0,102.0,33.0,-11.0,,,,,,,,-9999.0,-9999.0
USC00043491,1912,3,17,,,0.0,0.0,-9999.0,67.0,17.0,,,,,,,,-9999.0,-9999.0
USC00043491,1912,3,18,,,0.0,0.0,-9999.0,122.0,33.0,,,,,,,,-9999.0,-9999.0
USC00043491,1912,3,19,,,0.0,0.0,-9999.0,161.0,39.0,,,,,,,,-9999.0,-9999.0
USC00043491,1912,3,2,,,51.0,25.0,0.0,67.0,22.0,,,,,,,,-9999.0,-9999.0
USC00043491,1912,3,20,,,0.0,0.0,-9999.0,144.0,17.0,,,,,,,,-9999.0,-9999.0
USC00043491,1912,3,21,,,0.0,0.0,-9999.0,100.0,0.0,,,,,,,,-9999.0,-9999.0
USC00043491,1912,3,22,,,0.0,0.0,-9999.0,128.0,22.0,,,,,,,,-9999.0,-9999.0
USC00043491,1912,3,23,,,0.0,0.0,-9999.0,178.0,33.0,,,,,,,,-9999.0,-9999.0
USC00043491,1912,3,24,,,0.0,0.0,-9999.0,161.0,56.0,,,,,,,,-9999.0,-9999.0
USC00043491,1912,3,25,,,0.0,0.0,-9999.0,128.0,22.0,,,,,,,,-9999.0,-9999.0
USC00043491,1912,3,26,,,0.0,0.0,-9999.0,150.0,28.0,,,,,,,,-9999.0,-9999.0
USC00043491,1912,3,27,,,0.0,0.0,-9999.0,128.0,44.0,,,,,,,,-9999.0,-9999.0
USC00043491,1912,3,28,,,0.0,0.0,-9999.0,128.0,17.0,,,,,,,,-9999.0,-9999.0
USC00043491,1912,3,29,,,64.0,0.0,-9999.0,161.0,-6.0,,,,,,,,-9999.0,-9999.0
USC00043491,1912,3,3,,,0.0,0.0,-9999.0,28.0,-6.0,,,,,,,,1.0,-9999.0
USC00043491,1912,3,30,,,0.0,0.0,-9999.0,106.0,17.0,,,,,,,,-9999.0,-9999.0
USC00043491,1912,3,31,,,0.0,0.0,-9999.0,172.0,6.0,,,,,,,,-9999.0,-9999.0
USC00043491,1912,3,4,,,25.0,0.0,-9999.0,94.0,17.0,,,,,,,,-9999.0,-9999.0
USC00043491,1912,3,5,,,254.0,0.0,-9999.0,78.0,33.0,,,,,,,,1.0,-9999.0
USC00043491,1912,3,6,,,419.0,0.0,-9999.0,94.0,11.0,,,,,,,,1.0,-9999.0
USC00043491,1912,3,7,,,165.0,0.0,-9999.0,50.0,-22.0,,,,,,,,-9999.0,-9999.0
USC00043491,1912,3,8,,,-9999.0,0.0,-9999.0,78.0,-6.0,,,,,,,,-9999.0,-9999.0
USC00043491,1912,3,9,,,0.0,0.0,-9999.0,50.0,-11.0,,,,,,,,-9999.0,-9999.0
USC00043491,1912,4,1,,,0.0,-9999.0,-9999.0,178.0,39.0,,,,,,,,-9999.0,-9999.0
USC00043491,1912,4,10,,,127.0,51.0,25.0,83.0,-11.0,,,,,,,,-9999.0,1.0
USC00043491,1912,4,11,,,203.0,203.0,102.0,28.0,-11.0,,,,,,,,-9999.0,-9999.0
USC00043491,1912,4,12,,,102.0,102.0,127.0,56.0,-22.0,,,,,,,,-9999.0,1.0
USC00043491,1912,4,13,,,127.0,-9999.0,51.0,56.0,-11.0,,,,,,,,-9999.0,-9999.0
USC00043491,1912,4,14,,,0.0,-9999.0,-9999.0,78.0,6.0,,,,,,,,-9999.0,-9999.0
USC00043491,1912,4,15,,,0.0,-9999.0,-9999.0,139.0,28.0,,,,,,,,-9999.0,-9999.0
USC00043491,1912,4,16,,,0.0,-9999.0,-9999.0,156.0,56.0,,,,,,,,-9999.0,-9999.0
USC00043491,1912,4,17,,,0.0,-9999.0,-9999.0,161.0,50.0,,,,,,,,-9999.0,-9999.0
USC00043491,1912,4,18,,,0.0,-9999.0,-9999.0,156.0,22.0,,,,,,,,-9999.0,-9999.0
USC00043491,1912,4,19,,,0.0,-9999.0,-9999.0,100.0,-6.0,,,,,,,,-9999.0,-9999.0
USC00043491,1912,4,2,,,0.0,-9999.0,-9999.0,183.0,61.0,,,,,,,,-9999.0,-9999.0
USC00043491,1912,4,20,,,0.0,-9999.0,-9999.0,94.0,0.0,,,,,,,,-9999.0,-9999.0
USC00043491,1912,4,21,,,0.0,0.0,-9999.0,100.0,-6.0,,,,,,,,-9999.0,-9999.0
USC00043491,1912,4,22,,,0.0,-9999.0,-9999.0,111.0,11.0,,,,,,,,-9999.0,-9999.0
USC00043491,1912,4,23,,,0.0,-9999.0,-9999.0,150.0,33.0,,,,,,,,-9999.0,-9999.0
USC00043491,1912,4,24,,,64.0,-9999.0,-9999.0,161.0,28.0,,,,,,,,-9999.0,-9999.0
USC00043491,1912,4,25,,,165.0,-9999.0,-9999.0,89.0,6.0,,,,,,,,-9999.0,-9999.0
USC00043491,1912,4,26,,,64.0,51.0,25.0,128.0,-6.0,,,,,,,,1.0,-9999.0
USC00043491,1912,4,27,,,25.0,-9999.0,-9999.0,128.0,17.0,,,,,,,,-9999.0,-9999.0
USC00043491,1912,4,28,,,0.0,-9999.0,-9999.0,156.0,44.0,,,,,,,,-9999.0,-9999.0
USC00043491,1912,4,29,,,419.0,-9999.0,-9999.0,117.0,33.0,,,,,,,,1.0,-9999.0
USC00043491,1912,4,3,,,0.0,-9999.0,-9999.0,178.0,44.0,,,,,,,,-9999.0,-9999.0
USC00043491,1912,4,30,,,254.0,-9999.0,-9999.0,67.0,6.0,,,,,,,,-9999.0,-9999.0
USC00043491,1912,4,31,,,-9999.0,-9999.0,-9999.0,-9999.0,-9999.0,,,,,,,,-9999.0,-9999.0
USC00043491,1912,4,4,,,0.0,-9999.0,-9999.0,156.0,44.0,,,,,,,,-9999.0,-9999.0
USC00043491,1912,4,5,,,0.0,-9999.0,-9999.0,139.0,28.0,,,,,,,,-9999.0,-9999.0
USC00043491,1912,4,6,,,0.0,-9999.0,-9999.0,183.0,44.0,,,,,,,,-9999.0,-9999.0
USC00043491,1912,4,7,,,0.0,-9999.0,-9999.0,183.0,44.0,,,,,,,,-9999.0,-9999.0
USC00043491,1912,4,8,,,0.0,-9999.0,-9999.0,161.0,44.0,,,,,,,,-9999.0,-9999.0
USC00043491,1912,4,9,,,0.0,-9999.0,-9999.0,183.0,67.0,,,,,,,,-9999.0,-9999.0
USC00043491,1912,5,1,,,165.0,,,133.0,17.0,,,,,,,,-9999.0,
USC00043491,1912,5,10,,,0.0,,,194.0,117.0,,,,,,,,-9999.0,
USC00043491,1912,5,11,,,0.0,,,211.0,128.0,,,,,,,,-9999.0,
USC00043491,1912,5,12,,,0.0,,,256.0,139.0,,,,,,,,-9999.0,
USC00043491,1912,5,13,,,0.0,,,283.0,156.0,,,,,,,,-9999.0,
USC00043491,1912,5,14,,,0.0,,,278.0,128.0,,,,,,,,-9999.0,
USC00043491,1912,5,15,,,0.0,,,283.0,100.0,,,,,,,,-9999.0,
USC00043491,1912,5,16,,,0.0,,,211.0,89.0,,,,,,,,-9999.0,
USC00043491,1912,5,17,,,0.0,,,222.0,117.0,,,,,,,,-9999.0,
USC00043491,1912,5,18,,,0.0,,,250.0,122.0,,,,,,,,-9999.0,
USC00043491,1912,5,19,,,0.0,,,256.0,111.0,,,,,,,,-9999.0,
USC00043491,1912,5,2,,,64.0,,,89.0,-6.0,,,,,,,,-9999.0,
USC00043491,1912,5,20,,,183.0,,,189.0,50.0,,,,,,,,1.0,
USC00043491,1912,5,21,,,287.0,,,100.0,33.0,,,,,,,,-9999.0,
USC00043491,1912,5,22,,,254.0,,,67.0,22.0,,,,,,,,-9999.0,
USC00043491,1912,5,23,,,38.0,,,100.0,33.0,,,,,,,,-9999.0,
USC00043491,1912,5,24,,,0.0,,,178.0,61.0,,,,,,,,-9999.0,
USC00043491,1912,5,25,,,76.0,,,167.0,61.0,,,,,,,,1.0,
USC00043491,1912,5,26,,,191.0,,,117.0,61.0,,,,,,,,-9999.0,
USC00043491,1912,5,27,,,0.0,,,106.0,83.0,,,,,,,,-9999.0,
USC00043491,1912,5,28,,,0.0,,,211.0,117.0,,,,,,,,-9999.0,
USC00043491,1912,5,29,,,0.0,,,267.0,139.0,,,,,,,,-9999.0,
USC00043491,1912,5,3,,,0.0,,,139.0,44.0,,,,,,,,-9999.0,
USC00043491,1912,5,30,,,89.0,,,233.0,83.0,,,,,,,,-9999.0,
USC00043491,1912,5,31,,,0.0,,,244.0,133.0,,,,,,,,-9999.0,
USC00043491,1912,5,4,,,0.0,,,194.0,72.0,,,,,,,,-9999.0,
USC00043491,1912,5,5,,,0.0,,,183.0,67.0,,,,,,,,-9999.0,
USC00043491,1912,5,6,,,0.0,,,194.0,83.0,,,,,,,,-9999.0,
USC00043491,1912,5,7,,,0.0,,,222.0,111.0,,,,,,,,-9999.0,
USC00043491,1912,5,8,,,127.0,,,194.0,72.0,,,,,,,,-9999.0,
USC00043491,1912,5,9,,,0.0,,,194.0,83.0,,,,,,,,-9999.0,
USC00043491,1912,6,1,,,0.0,,,289.0,172.0,,,,,,,,-9999.0,
USC00043491,1912,6,10,,,0.0,,,233.0,122.0,,,,,,,,-9999.0,
USC00043491,1912,6,11,,,0.0,,,256.0,128.0,,,,,,,,-9999.0,
USC00043491,1912,6,12,,,0.0,,,256.0,117.0,,,,,,,,1.0,
USC00043491,1912,6,13,,,165.0,,,133.0,89.0,,,,,,,,-9999.0,
USC00043491,1912,6,14,,,0.0,,,189.0,100.0,,,,,,,,-9999.0,
USC00043491,1912,6,15,,,0.0,,,200.0,94.0,,,,,,,,-9999.0,
USC00043491,1912,6,16,,,0.0,,,222.0,117.0,,,,,,,,-9999.0,
USC00043491,1912,6,17,,,0.0,,,267.0,150.0,,,,,,,,-9999.0,
USC00043491,1912,6,18,,,0.0,,,300.0,172.0,,,,,,,,-9999.0,
USC00043491,1912,6,19,,,0.0,,,317.0,189.0,,,,,,,,-9999.0,
USC00043491,1912,6,2,,,0.0,,,311.0,183.0,,,,,,,,-9999.0,
USC00043491,1912,6,20,,,0.0,,,317.0,100.0,,,,,,,,-9999.0,
USC00043491,1912,6,21,,,0.0,,,183.0,50.0,,,,,,,,-9999.0,
USC00043491,1912,6,22,,,0.0,,,161.0,61.0,,,,,,,,-9999.0,
USC00043491,1912,6,23,,,102.0,,,161.0,44.0,,,,,,,,-9999.0,
USC00043491,1912,6,24,,,25.0,,,144.0,72.0,,,,,,,,-9999.0,
USC00043491,1912,6,25,,,0.0,,,211.0,89.0,,,,,,,,-9999.0,
USC00043491,1912,6,26,,,0.0,,,217.0,72.0,,,,,,,,-9999.0,
USC00043491,1912,6,27,,,0.0,,,206.0,89.0,,,,,,,,-9999.0,
USC00043491,1912,6,28,,,0.0,,,256.0,128.0,,,,,,,,-9999.0,
USC00043491,1912,6,29,,,0.0,,,272.0,139.0,,,,,,,,-9999.0,
USC00043491,1912,6,3,,,0.0,,,328.0,206.0,,,,,,,,-9999.0,
USC00043491,1912,6,30,,,0.0,,,256.0,94.0,,,,,,,,-9999.0,
USC00043491,1912,6,31,,,-9999.0,,,-9999.0,-9999.0,,,,,,,,-9999.0,
USC00043491,1912,6,4,,,0.0,,,339.0,200.0,,,,,,,,-9999.0,
USC00043491,1912,6,5,,,0.0,,,350.0,206.0,,,,,,,,-9999.0,
USC00043491,1912,6,6,,,0.0,,,317.0,189.0,,,,,,,,-9999.0,
USC00043491,1912,6,7,,,0.0,,,272.0,172.0,,,,,,,,-9999.0,
USC00043491,1912,6,8,,,0.0,,,256.0,106.0,,,,,,,,-9999.0,
USC00043491,1912,6,9,,,0.0,,,256.0,117.0,,,,,,,,-9999.0,
USC00043491,1912,7,1,,,0.0,,,217.0,106.0,,,,,,,,-9999.0,
USC00043491,1912,7,10,,,0.0,,,356.0,172.0,,,,,,,,-9999.0,
USC00043491,1912,7,11,,,0.0,,,317.0,172.0,,,,,,,,-9999.0,
USC00043491,1912,7,12,,,0.0,,,294.0,178.0,,,,,,,,-9999.0,
USC00043491,1912,7,13,,,0.0,,,306.0,167.0,,,,,,,,-9999.0,
USC00043491,1912,7,14,,,0.0,,,294.0,167.0,,,,,,,,-9999.0,
USC00043491,1912,7,15,,,0.0,,,306.0,183.0,,,,,,,,-9999.0,
USC00043491,1912,7,16,,,0.0,,,339.0,194.0,,,,,,,,-9999.0,
USC00043491,1912,7,17,,,0.0,,,356.0,189.0,,,,,,,,1.0,
USC00043491,1912,7,18,,,0.0,,,333.0,183.0,,,,,,,,-9999.0,
USC00043491,1912,7,19,,,0.0,,,317.0,183.0,,,,,,,,-9999.0,
USC00043491,1912,7,2,,,0.0,,,228.0,111.0,,,,,,,,-9999.0,
USC00043491,1912,7,20,,,0.0,,,311.0,167.0,,,,,,,,-9999.0,
USC00043491,1912,7,21,,,0.0,,,294.0,122.0,,,,,,,,-9999.0,
USC00043491,1912,7,22,,,0.0,,,267.0,117.0,,,,,,,,-9999.0,
USC00043491,1912,7,23,,,0.0,,,261.0,144.0,,,,,,,,-9999.0,
USC00043491,1912,7,24,,,0.0,,,267.0,122.0,,,,,,,,-9999.0,
USC00043491,1912,7,25,,,0.0,,,267.0,139.0,,,,,,,,-9999.0,
USC00043491,1912,7,26,,,0.0,,,272.0,139.0,,,,,,,,-9999.0,
USC00043491,1912,7,27,,,0.0,,,294.0,161.0,,,,,,,,-9999.0,
USC00043491,1912,7,28,,,0.0,,,311.0,183.0,,,,,,,,-9999.0,
USC00043491,1912,7,29,,,0.0,,,328.0,194.0,,,,,,,,-9999.0,
USC00043491,1912,7,3,,,0.0,,,233.0,111.0,,,,,,,,-9999.0,
USC00043491,1912,7,30,,,0.0,,,311.0,178.0,,,,,,,,-9999.0,
USC00043491,1912,7,31,,,0.0,,,300.0,117.0,,,,,,,,-9999.0,
USC00043491,1912,7,4,,,0.0,,,250.0,128.0,,,,,,,,-9999.0,
USC00043491,1912,7,5,,,0.0,,,267.0,156.0,,,,,,,,-9999.0,
USC00043491,1912,7,6,,,0.0,,,294.0,144.0,,,,,,,,-9999.0,
USC00043491,1912,7,7,,,0.0,,,294.0,161.0,,,,,,,,-9999.0,
USC00043491,1912,7,8,,,0.0,,,300.0,167.0,,,,,,,,-9999.0,
USC00043491,1912,7,9,,,0.0,,,328.0,178.0,,,,,,,,-9999.0,
USC00043491,1912,8,1,,,0.0,,,250.0,128.0,,,,,,,,,
USC00043491,1912,8,10,,,0.0,,,289.0,150.0,,,,,,,,,
USC00043491,1912,8,11,,,0.0,,,306.0,156.0,,,,,,,,,
USC00043491,1912,8,12,,,0.0,,,317.0,183.0,,,,,,,,,
USC00043491,1912,8,13,,,0.0,,,317.0,178.0,,,,,,,,,
USC00043491,1912,8,14,,,0.0,,,294.0,150.0,,,,,,,,,
USC00043491,1912,8,15,,,0.0,,,283.0,133.0,,,,,,,,,
USC00043491,1912,8,16,,,0.0,,,244.0,117.0,,,,,,,,,
USC00043491,1912,8,17,,,0.0,,,256.0,128.0,,,,,,,,,
USC00043491,1912,8,18,,,0.0,,,250.0,128.0,,,,,,,,,
USC00043491,1912,8,19,,,0.0,,,300.0,139.0,,,,,,,,,
USC00043491,1912,8,2,,,0.0,,,261.0,133.0,,,,,,,,,
USC00043491,1912,8,20,,,0.0,,,294.0,111.0,,,,,,,,,
USC00043491,1912,8,21,,,0.0,,,300.0,167.0,,,,,,,,,
USC00043491,1912,8,22,,,0.0,,,300.0,161.0,,,,,,,,,
USC00043491,1912,8,23,,,0.0,,,311.0,156.0,,,,,,,,,
USC00043491,1912,8,24,,,0.0,,,328.0,172.0,,,,,,,,,
USC00043491,1912,8,25,,,0.0,,,322.0,172.0,,,,,,,,,
USC00043491,1912,8,26,,,0.0,,,328.0,150.0,,,,,,,,,
USC00043491,1912,8,27,,,0.0,,,272.0,122.0,,,,,,,,,
USC00043491,1912,8,28,,,0.0,,,256.0,117.0,,,,,,,,,
USC00043491,1912,8,29,,,0.0,,,261.0,94.0,,,,,,,,,
USC00043491,1912,8,3,,,0.0,,,261.0,139.0,,,,,,,,,
USC00043491,1912,8,30,,,0.0,,,211.0,83.0,,,,,,,,,
USC00043491,1912,8,31,,,0.0,,,261.0,133.0,,,,,,,,,
USC00043491,1912,8,4,,,0.0,,,289.0,150.0,,,,,,,,,
USC00043491,1912,8,5,,,0.0,,,317.0,172.0,,,,,,,,,
USC00043491,1912,8,6,,,0.0,,,328.0,172.0,,,,,,,,,
USC00043491,1912,8,7,,,0.0,,,339.0,183.0,,,,,,,,,
USC00043491,1912,8,8,,,0.0,,,350.0,167.0,,,,,,,,,
USC00043491,1912,8,9,,,0.0,,,294.0,139.0,,,,,,,,,
USC00043491,1912,9,1,,,0.0,,,267.0,128.0,,,,,,,,,
USC00043491,1912,9,10,,,0.0,,,267.0,117.0,,,,,,,,,
USC00043491,1912,9,11,,,0.0,,,261.0,144.0,,,,,,,,,
USC00043491,1912,9,12,,,0.0,,,283.0,156.0,,,,,,,,,
USC00043491,1912,9,13,,,0.0,,,294.0,172.0,,,,,,,,,
USC00043491,1912,9,14,,,0.0,,,300.0,156.0,,,,,,,,,
USC00043491,1912,9,15,,,0.0,,,272.0,156.0,,,,,,,,,
USC00043491,1912,9,16,,,0.0,,,256.0,100.0,,,,,,,,,
USC00043491,1912,9,17,,,0.0,,,228.0,111.0,,,,,,,,,
USC00043491,1912,9,18,,,0.0,,,306.0,156.0,,,,,,,,,
USC00043491,1912,9,19,,,0.0,,,344.0,183.0,,,,,,,,,
USC00043491,1912,9,2,,,0.0,,,233.0,72.0,,,,,,,,,
USC00043491,1912,9,20,,,0.0,,,311.0,189.0,,,,,,,,,
USC00043491,1912,9,21,,,0.0,,,294.0,156.0,,,,,,,,,
USC00043491,1912,9,22,,,0.0,,,300.0,161.0,,,,,,,,,
USC00043491,1912,9,23,,,0.0,,,294.0,156.0,,,,,,,,,
USC00043491,1912,9,24,,,0.0,,,267.0,144.0,,,,,,,,,
USC00043491,1912,9,25,,,0.0,,,267.0,156.0,,,,,,,,,
USC00043491,1912,9,26,,,0.0,,,289.0,167.0,,,,,,,,,
USC00043491,1912,9,27,,,0.0,,,294.0,172.0,,,,,,,,,
USC00043491,1912,9,28,,,0.0,,,289.0,128.0,,,,,,,,,
USC00043491,1912,9,29,,,0.0,,,239.0,128.0,,,,,,,,,
USC00043491,1912,9,3,,,254.0,,,172.0,61.0,,,,,,,,,
USC00043491,1912,9,30,,,0.0,,,239.0,128.0,,,,,,,,,
USC00043491,1912,9,31,,,-9999.0,,,-9999.0,-9999.0,,,,,,,,,
USC00043491,1912,9,4,,,51.0,,,144.0,56.0,,,,,,,,,
USC00043491,1912,9,5,,,0.0,,,150.0,72.0,,,,,,,,,
USC00043491,1912,9,6,,,13.0,,,161.0,67.0,,,,,,,,,
USC00043491,1912,9,7,,,432.0,,,128.0,72.0,,,,,,,,,
USC00043491,1912,9,8,,,0.0,,,167.0,72.0,,,,,,,,,
USC00043491,1912,9,9,,,0.0,,,172.0,78.0,,,,,,,,,
USC00043491,1912,10,1,,,0.0,,,256.0,94.0,,,,,,,,,
USC00043491,1912,10,10,,,0.0,,,172.0,50.0,,,,,,,,,
USC00043491,1912,10,11,,,0.0,,,200.0,72.0,,,,,,,,,
USC00043491,1912,10,12,,,0.0,,,222.0,100.0,,,,,,,,,
USC00043491,1912,10,13,,,0.0,,,256.0,128.0,,,,,,,,,
USC00043491,1912,10,14,,,0.0,,,261.0,128.0,,,,,,,,,
USC00043491,1912,10,15,,,0.0,,,261.0,133.0,,,,,,,,,
USC00043491,1912,10,16,,,0.0,,,256.0,133.0,,,,,,,,,
USC00043491,1912,10,17,,,0.0,,,250.0,128.0,,,,,,,,,
USC00043491,1912,10,18,,,0.0,,,256.0,128.0,,,,,,,,,
USC00043491,1912,10,19,,,0.0,,,250.0,94.0,,,,,,,,,
USC00043491,1912,10,2,,,0.0,,,200.0,144.0,,,,,,,,,
USC00043491,1912,10,20,,,13.0,,,139.0,17.0,,,,,,,,,
USC00043491,1912,10,21,,,0.0,,,156.0,44.0,,,,,,,,,
USC00043491,1912,10,22,,,0.0,,,183.0,61.0,,,,,,,,,
USC00043491,1912,10,23,,,432.0,,,106.0,17.0,,,,,,,,,
USC00043491,1912,10,24,,,0.0,,,122.0,22.0,,,,,,,,,
USC00043491,1912,10,25,,,0.0,,,156.0,56.0,,,,,,,,,
USC00043491,1912,10,26,,,89.0,,,94.0,50.0,,,,,,,,,
USC00043491,1912,10,27,,,13.0,,,122.0,28.0,,,,,,,,,
USC00043491,1912,10,28,,,140.0,,,94.0,17.0,,,,,,,,,
USC00043491,1912,10,29,,,127.0,,,100.0,33.0,,,,,,,,,
USC00043491,1912,10,3,,,0.0,,,283.0,111.0,,,,,,,,,
USC00043491,1912,10,30,,,0.0,,,100.0,11.0,,,,,,,,,
USC00043491,1912,10,31,,,0.0,,,106.0,17.0,,,,,,,,,
USC00043491,1912,10,4,,,0.0,,,256.0,72.0,,,,,,,,,
USC00043491,1912,10,5,,,0.0,,,133.0,50.0,,,,,,,,,
USC00043491,1912,10,6,,,0.0,,,144.0,56.0,,,,,,,,,
USC00043491,1912,10,7,,,0.0,,,150.0,67.0,,,,,,,,,
USC00043491,1912,10,8,,,0.0,,,144.0,78.0,,,,,,,,,
USC00043491,1912,10,9,,,0.0,,,183.0,61.0,,,,,,,,,
USC00043491,1912,11,1,,,0.0,,,156.0,67.0,,,,,,,,-9999.0,
USC00043491,1912,11,10,,,508.0,,,100.0,33.0,,,,,,,,-9999.0,
USC00043491,1912,11,11,,,64.0,,,67.0,6.0,,,,,,,,-9999.0,
USC00043491,1912,11,12,,,0.0,,,144.0,56.0,,,,,,,,-9999.0,
USC00043491,1912,11,13,,,0.0,,,78.0,44.0,,,,,,,,-9999.0,
USC00043491,1912,11,14,,,0.0,,,172.0,61.0,,,,,,,,-9999.0,
USC00043491,1912,11,15,,,0.0,,,128.0,72.0,,,,,,,,-9999.0,
USC00043491,1912,11,16,,,0.0,,,172.0,78.0,,,,,,,,-9999.0,
USC00043491,1912,11,17,,,0.0,,,194.0,72.0,,,,,,,,-9999.0,
USC00043491,1912,11,18,,,0.0,,,194.0,83.0,,,,,,,,-9999.0,
USC00043491,1912,11,19,,,0.0,,,206.0,72.0,,,,,,,,-9999.0,
USC00043491,1912,11,2,,,0.0,,,156.0,56.0,,,,,,,,-9999.0,
USC00043491,1912,11,20,,,229.0,,,117.0,11.0,,,,,,,,-9999.0,
USC00043491,1912,11,21,,,0.0,,,156.0,72.0,,,,,,,,-9999.0,
USC00043491,1912,11,22,,,0.0,,,206.0,83.0,,,,,,,,-9999.0,
USC00043491,1912,11,23,,,0.0,,,217.0,72.0,,,,,,,,-9999.0,
USC00043491,1912,11,24,,,0.0,,,167.0,83.0,,,,,,,,-9999.0,
USC00043491,1912,11,25,,,0.0,,,256.0,100.0,,,,,,,,-9999.0,
USC00043491,1912,11,26,,,0.0,,,211.0,89.0,,,,,,,,-9999.0,
USC00043491,1912,11,27,,,0.0,,,200.0,94.0,,,,,,,,-9999.0,
USC00043491,1912,11,28,,,0.0,,,211.0,89.0,,,,,,,,-9999.0,
USC00043491,1912,11,29,,,0.0,,,206.0,83.0,,,,,,,,-9999.0,
USC00043491,1912,11,3,,,0.0,,,117.0,33.0,,,,,,,,-9999.0,
USC00043491,1912,11,30,,,0.0,,,156.0,0.0,,,,,,,,-9999.0,
USC00043491,1912,11,31,,,-9999.0,,,-9999.0,-9999.0,,,,,,,,-9999.0,
USC00043491,1912,11,4,,,102.0,,,89.0,17.0,,,,,,,,-9999.0,
USC00043491,1912,11,5,,,0.0,,,106.0,17.0,,,,,,,,-9999.0,
USC00043491,1912,11,6,,,635.0,,,100.0,44.0,,,,,,,,1.0,
USC00043491,1912,11,7,,,432.0,,,111.0,61.0,,,,,,,,-9999.0,
USC00043491,1912,11,8,,,0.0,,,156.0,89.0,,,,,,,,-9999.0,
USC00043491,1912,11,9,,,0.0,,,167.0,56.0,,,,,,,,-9999.0,
USC00043491,1912,12,1,,,0.0,0.0,-9999.0,117.0,0.0,,,,,,,,-9999.0,-9999.0
USC00043491,1912,12,10,,,0.0,0.0,-9999.0,139.0,17.0,,,,,,,,-9999.0,-9999.0
USC00043491,1912,12,11,,,0.0,0.0,-9999.0,106.0,17.0,,,,,,,,-9999.0,-9999.0
USC00043491,1912,12,12,,,0.0,0.0,-9999.0,122.0,28.0,,,,,,,,-9999.0,-9999.0
USC00043491,1912,12,13,,,25.0,0.0,-9999.0,156.0,44.0,,,,,,,,-9999.0,-9999.0
USC00043491,1912,12,14,,,305.0,102.0,51.0,106.0,-6.0,,,,,,,,-9999.0,1.0
USC00043491,1912,12,15,,,216.0,102.0,51.0,0.0,0.0,,,,,,,,1.0,-9999.0
USC00043491,1912,12,16,,,229.0,0.0,-9999.0,44.0,17.0,,,,,,,,-9999.0,-9999.0
USC00043491,1912,12,17,,,0.0,0.0,-9999.0,139.0,28.0,,,,,,,,-9999.0,-9999.0
USC00043491,1912,12,18,,,0.0,0.0,-9999.0,133.0,33.0,,,,,,,,-9999.0,-9999.0
USC00043491,1912,12,19,,,0.0,0.0,-9999.0,133.0,33.0,,,,,,,,-9999.0,-9999.0
USC00043491,1912,12,2,,,0.0,0.0,-9999.0,100.0,-6.0,,,,,,,,-9999.0,-9999.0
USC00043491,1912,12,20,,,0.0,0.0,-9999.0,150.0,22.0,,,,,,,,-9999.0,-9999.0
USC00043491,1912,12,21,,,0.0,0.0,-9999.0,111.0,6.0,,,,,,,,-9999.0,-9999.0
USC00043491,1912,12,22,,,0.0,0.0,-9999.0,61.0,17.0,,,,,,,,-9999.0,-9999.0
USC00043491,1912,12,23,,,0.0,0.0,-9999.0,106.0,0.0,,,,,,,,-9999.0,-9999.0
USC00043491,1912,12,24,,,0.0,0.0,-9999.0,117.0,6.0,,,,,,,,-9999.0,-9999.0
USC00043491,1912,12,25,,,0.0,0.0,-9999.0,78.0,-22.0,,,,,,,,-9999.0,-9999.0
USC00043491,1912,12,26,,,0.0,0.0,-9999.0,100.0,0.0,,,,,,,,-9999.0,-9999.0
USC00043491,1912,12,27,,,0.0,0.0,-9999.0,128.0,6.0,,,,,,,,-9999.0,-9999.0
USC00043491,1912,12,28,,,0.0,0.0,-9999.0,122.0,17.0,,,,,,,,-9999.0,-9999.0
USC00043491,1912,12,29,,,0.0,0.0,-9999.0,111.0,6.0,,,,,,,,-9999.0,-9999.0
USC00043491,1912,12,3,,,0.0,0.0,-9999.0,117.0,11.0,,,,,,,,-9999.0,-9999.0
USC00043491,1912,12,30,,,102.0,0.0,-9999.0,89.0,0.0,,,,,,,,1.0,-9999.0
USC00043491,1912,12,31,,,25.0,0.0,-9999.0,89.0,17.0,,,,,,,,1.0,-9999.0
USC00043491,1912,12,4,,,13.0,0.0,-9999.0,133.0,-11.0,,,,,,,,-9999.0,-9999.0
USC00043491,1912,12,5,,,0.0,0.0,-9999.0,100.0,-6.0,,,,,,,,-9999.0,-9999.0
USC00043491,1912,12,6,,,0.0,0.0,-9999.0,106.0,17.0,,,,,,,,-9999.0,-9999.0
USC00043491,1912,12,7,,,0.0,0.0,-9999.0,156.0,44.0,,,,,,,,-9999.0,-9999.0
USC00043491,1912,12,8,,,0.0,0.0,-9999.0,189.0,72.0,,,,,,,,-9999.0,-9999.0
USC00043491,1912,12,9,,,0.0,0.0,-9999.0,178.0,28.0,,,,,,,,-9999.0,-9999.0
USC00043491,1913,1,1,,,203.0,0.0,-9999.0,56.0,6.0,,,,,,,,-9999.0,-9999.0
USC00043491,1913,1,10,,,0.0,0.0,203.0,6.0,-78.0,,,,,,,,-9999.0,-9999.0
USC00043491,1913,1,11,,,0.0,0.0,152.0,44.0,-67.0,,,,,,,,-9999.0,-9999.0
USC00043491,1913,1,12,,,51.0,51.0,127.0,17.0,-39.0,,,,,,,,1.0,-9999.0
USC00043491,1913,1,13,,,457.0,0.0,76.0,44.0,6.0,,,,,,,,-9999.0,-9999.0
USC00043491,1913,1,14,,,127.0,152.0,178.0,67.0,-6.0,,,,,,,,-9999.0,1.0
USC00043491,1913,1,15,,,330.0,152.0,203.0,39.0,-17.0,,,,,,,,-9999.0,1.0
USC00043491,1913,1,16,,,406.0,406.0,610.0,6.0,-17.0,,,,,,,,-9999.0,1.0
USC00043491,1913,1,17,,,152.0,152.0,813.0,0.0,-17.0,,,,,,,,-9999.0,-9999.0
USC00043491,1913,1,18,,,508.0,0.0,457.0,33.0,-6.0,,,,,,,,1.0,-9999.0
USC00043491,1913,1,19,,,330.0,0.0,356.0,33.0,-17.0,,,,,,,,-9999.0,-9999.0
USC00043491,1913,1,2,,,0.0,0.0,-9999.0,117.0,17.0,,,,,,,,-9999.0,-9999.0
USC00043491,1913,1,20,,,0.0,0.0,356.0,72.0,-22.0,,,,,,,,-9999.0,-9999.0
USC00043491,1913,1,21,,,0.0,0.0,254.0,83.0,0.0,,,,,,,,-9999.0,-9999.0
USC00043491,1913,1,22,,,76.0,76.0,305.0,78.0,-11.0,,,,,,,,-9999.0,1.0
USC00043491,1913,1,23,,,114.0,0.0,254.0,33.0,-17.0,,,,,,,,-9999.0,-9999.0
USC00043491,1913,1,24,,,0.0,0.0,203.0,111.0,6.0,,,,,,,,-9999.0,-9999.0
USC00043491,1913,1,25,,,0.0,0.0,152.0,161.0,28.0,,,,,,,,-9999.0,-9999.0
USC00043491,1913,1,26,,,0.0,0.0,102.0,161.0,44.0,,,,,,,,-9999.0,-9999.0
USC00043491,1913,1,27,,,0.0,0.0,76.0,178.0,61.0,,,,,,,,-9999.0,-9999.0
USC00043491,1913,1,28,,,0.0,0.0,51.0,178.0,61.0,,,,,,,,-9999.0,-9999.0
USC00043491,1913,1,29,,,0.0,0.0,25.0,183.0,61.0,,,,,,,,-9999.0,-9999.0
USC00043491,1913,1,3,,,0.0,0.0,-9999.0,178.0,50.0,,,,,,,,-9999.0,-9999.0
USC00043491,1913,1,30,,,0.0,0.0,-9999.0,167.0,61.0,,,,,,,,-9999.0,-9999.0
USC00043491,1913,1,31,,,0.0,0.0,-9999.0,183.0,67.0,,,,,,,,-9999.0,-9999.0
USC00043491,1913,1,4,,,0.0,0.0,-9999.0,183.0,-22.0,,,,,,,,-9999.0,-9999.0
USC00043491,1913,1,5,,,0.0,0.0,-9999.0,94.0,-100.0,,,,,,,,-9999.0,-9999.0
USC00043491,1913,1,6,,,0.0,0.0,-9999.0,11.0,-89.0,,,,,,,,-9999.0,-9999.0
USC00043491,1913,1,7,,,0.0,0.0,-9999.0,28.0,-67.0,,,,,,,,-9999.0,-9999.0
USC00043491,1913,1,8,,,0.0,0.0,0.0,22.0,-50.0,,,,,,,,-9999.0,1.0
USC00043491,1913,1,9,,,254.0,254.0,254.0,0.0,-50.0,,,,,,,,-9999.0,-9999.0
USC00043491,1913,2,1,,,0.0,0.0,-9999.0,200.0,50.0,,,,,,,,,-9999.0
USC00043491,1913,2,10,,,0.0,0.0,-9999.0,144.0,28.0,,,,,,,,,-9999.0
USC00043491,1913,2,11,,,0.0,0.0,-9999.0,144.0,33.0,,,,,,,,,-9999.0
USC00043491,1913,2,12,,,0.0,0.0,-9999.0,156.0,56.0,,,,,,,,,-9999.0
USC00043491,1913,2,13,,,0.0,0.0,-9999.0,167.0,44.0,,,,,,,,,-9999.0
USC00043491,1913,2,14,,,0.0,0.0,-9999.0,178.0,56.0,,,,,,,,,-9999.0
USC00043491,1913,2,15,,,0.0,0.0,-9999.0,200.0,72.0,,,,,,,,,-9999.0
USC00043491,1913,2,16,,,0.0,0.0,-9999.0,194.0,61.0,,,,,,,,,-9999.0
USC00043491,1913,2,17,,,0.0,0.0,-9999.0,183.0,-11.0,,,,,,,,,-9999.0
USC00043491,1913,2,18,,,0.0,0.0,-9999.0,178.0,-22.0,,,,,,,,,-9999.0
USC00043491,1913,2,19,,,0.0,0.0,-9999.0,156.0,-39.0,,,,,,,,,-9999.0
USC00043491,1913,2,2,,,0.0,0.0,-9999.0,178.0,28.0,,,,,,,,,-9999.0
USC00043491,1913,2,20,,,0.0,0.0,-9999.0,100.0,-11.0,,,,,,,,,-9999.0
USC00043491,1913,2,21,,,64.0,64.0,76.0,128.0,17.0,,,,,,,,,1.0
USC00043491,1913,2,22,,,0.0,0.0,51.0,100.0,-11.0,,,,,,,,,-9999.0
USC00043491,1913,2,23,,,0.0,0.0,25.0,117.0,0.0,,,,,,,,,-9999.0
USC00043491,1913,2,24,,,114.0,114.0,127.0,100.0,-11.0,,,,,,,,,1.0
USC00043491,1913,2,25,,,0.0,0.0,76.0,128.0,-39.0,,,,,,,,,-9999.0
USC00043491,1913,2,26,,,0.0,0.0,76.0,144.0,-39.0,,,,,,,,,-9999.0
USC00043491,1913,2,27,,,76.0,76.0,51.0,133.0,-11.0,,,,,,,,,-9999.0
USC00043491,1913,2,28,,,0.0,0.0,51.0,128.0,-78.0,,,,,,,,,-9999.0
USC00043491,1913,2,29,,,-9999.0,-9999.0,-9999.0,-9999.0,-9999.0,,,,,,,,,-9999.0
USC00043491,1913,2,3,,,0.0,0.0,-9999.0,167.0,28.0,,,,,,,,,-9999.0
USC00043491,1913,2,30,,,-9999.0,-9999.0,-9999.0,-9999.0,-9999.0,,,,,,,,,-9999.0
USC00043491,1913,2,31,,,-9999.0,-9999.0,-9999.0,-9999.0,-9999.0,,,,,,,,,-9999.0
USC00043491,1913,2,4,,,0.0,0.0,-9999.0,128.0,17.0,,,,,,,,,-9999.0
USC00043491,1913,2,5,,,0.0,0.0,-9999.0,144.0,33.0,,,,,,,,,-9999.0
USC00043491,1913,2,6,,,0.0,0.0,-9999.0,139.0,28.0,,,,,,,,,-9999.0
USC00043491,1913,2,7,,,0.0,0.0,-9999.0,161.0,44.0,,,,,,,,,-9999.0
USC00043491,1913,2,8,,,0.0,0.0,-9999.0,178.0,39.0,,,,,,,,,-9999.0
USC00043491,1913,2,9,,,0.0,0.0,-9999.0,100.0,28.0,,,,,,,,,-9999.0
USC00043491,1913,3,1,,,0.0,0.0,-9999.0,133.0,-11.0,,,,,,,,,-9999.0
USC00043491,1913,3,10,,,0.0,0.0,-9999.0,200.0,83.0,,,,,,,,,-9999.0
USC00043491,1913,3,11,,,25.0,25.0,25.0,172.0,-22.0,,,,,,,,,-9999.0
USC00043491,1913,3,12,,,0.0,0.0,0.0,78.0,33.0,,,,,,,,,-9999.0
USC00043491,1913,3,13,,,0.0,0.0,-9999.0,122.0,-28.0,,,,,,,,,-9999.0
USC00043491,1913,3,14,,,0.0,0.0,-9999.0,83.0,-11.0,,,,,,,,,-9999.0
USC00043491,1913,3,15,,,0.0,0.0,-9999.0,122.0,28.0,,,,,,,,,-9999.0
USC00043491,1913,3,16,,,0.0,0.0,-9999.0,150.0,22.0,,,,,,,,,-9999.0
USC00043491,1913,3,17,,,0.0,0.0,-9999.0,156.0,56.0,,,,,,,,,-9999.0
USC00043491,1913,3,18,,,508.0,102.0,51.0,94.0,-6.0,,,,,,,,,1.0
USC00043491,1913,3,19,,,127.0,0.0,-9999.0,61.0,17.0,,,,,,,,,-9999.0
USC00043491,1913,3,2,,,0.0,0.0,-9999.0,139.0,39.0,,,,,,,,,-9999.0
USC00043491,1913,3,20,,,38.0,0.0,-9999.0,44.0,0.0,,,,,,,,,-9999.0
USC00043491,1913,3,21,,,102.0,102.0,51.0,39.0,-11.0,,,,,,,,,1.0
USC00043491,1913,3,22,,,178.0,254.0,203.0,28.0,-11.0,,,,,,,,,1.0
USC00043491,1913,3,23,,,254.0,254.0,457.0,-11.0,-39.0,,,,,,,,,1.0
USC00043491,1913,3,24,,,152.0,152.0,559.0,6.0,-56.0,,,,,,,,,-9999.0
USC00043491,1913,3,25,,,0.0,0.0,356.0,44.0,-67.0,,,,,,,,,-9999.0
USC00043491,1913,3,26,,,0.0,0.0,203.0,89.0,-11.0,,,,,,,,,-9999.0
USC00043491,1913,3,27,,,0.0,0.0,102.0,117.0,17.0,,,,,,,,,-9999.0
USC00043491,1913,3,28,,,0.0,0.0,51.0,133.0,17.0,,,,,,,,,-9999.0
USC00043491,1913,3,29,,,0.0,0.0,-9999.0,100.0,44.0,,,,,,,,,-9999.0
USC00043491,1913,3,3,,,0.0,0.0,-9999.0,144.0,44.0,,,,,,,,,-9999.0
USC00043491,1913,3,30,,,0.0,0.0,0.0,172.0,72.0,,,,,,,,,-9999.0
USC00043491,1913,3,31,,,0.0,0.0,-9999.0,217.0,106.0,,,,,,,,,-9999.0
USC00043491,1913,3,4,,,0.0,0.0,-9999.0,161.0,61.0,,,,,,,,,-9999.0
USC00043491,1913,3,5,,,0.0,0.0,-9999.0,172.0,50.0,,,,,,,,,-9999.0
USC00043491,1913,3,6,,,0.0,0.0,-9999.0,206.0,61.0,,,,,,,,,-9999.0
USC00043491,1913,3,7,,,0.0,0.0,-9999.0,217.0,89.0,,,,,,,,,-9999.0
USC00043491,1913,3,8,,,0.0,0.0,-9999.0,233.0,83.0,,,,,,,,,-9999.0
USC00043491,1913,3,9,,,0.0,0.0,-9999.0,211.0,72.0,,,,,,,,,-9999.0
USC00043491,1913,4,1,,,0.0,0.0,-9999.0,233.0,89.0,,,,,,,,-9999.0,-9999.0
USC00043491,1913,4,10,,,0.0,0.0,-9999.0,194.0,89.0,,,,,,,,-9999.0,-9999.0
USC00043491,1913,4,11,,,0.0,0.0,-9999.0,222.0,89.0,,,,,,,,-9999.0,-9999.0
USC00043491,1913,4,12,,,0.0,0.0,-9999.0,239.0,89.0,,,,,,,,-9999.0,-9999.0
USC00043491,1913,4,13,,,140.0,0.0,-9999.0,189.0,22.0,,,,,,,,1.0,-9999.0
USC00043491,1913,4,14,,,64.0,51.0,25.0,44.0,0.0,,,,,,,,-9999.0,1.0
USC00043491,1913,4,15,,,229.0,0.0,0.0,33.0,-6.0,,,,,,,,-9999.0,-9999.0
USC00043491,1913,4,16,,,0.0,0.0,-9999.0,128.0,72.0,,,,,,,,-9999.0,-9999.0
USC00043491,1913,4,17,,,0.0,0.0,-9999.0,161.0,56.0,,,,,,,,-9999.0,-9999.0
USC00043491,1913,4,18,,,89.0,0.0,-9999.0,128.0,39.0,,,,,,,,1.0,-9999.0
USC00043491,1913,4,19,,,51.0,0.0,-9999.0,72.0,44.0,,,,,,,,-9999.0,-9999.0
USC00043491,1913,4,2,,,0.0,0.0,-9999.0,100.0,-6.0,,,,,,,,-9999.0,1.0
USC00043491,1913,4,20,,,0.0,0.0,-9999.0,183.0,72.0,,,,,,,,-9999.0,-9999.0
USC00043491,1913,4,21,,,0.0,0.0,-9999.0,172.0,56.0,,,,,,,,-9999.0,-9999.0
USC00043491,1913,4,22,,,0.0,0.0,-9999.0,200.0,89.0,,,,,,,,-9999.0,-9999.0
USC00043491,1913,4,23,,,0.0,0.0,-9999.0,233.0,89.0,,,,,,,,-9999.0,-9999.0
USC00043491,1913,4,24,,,0.0,0.0,-9999.0,250.0,139.0,,,,,,,,-9999.0,-9999.0
USC00043491,1913,4,25,,,0.0,0.0,-9999.0,244.0,117.0,,,,,,,,-9999.0,-9999.0
USC00043491,1913,4,26,,,0.0,0.0,-9999.0,250.0,128.0,,,,,,,,-9999.0,-9999.0
USC00043491,1913,4,27,,,0.0,0.0,-9999.0,244.0,56.0,,,,,,,,-9999.0,-9999.0
USC00043491,1913,4,28,,,0.0,0.0,-9999.0,139.0,11.0,,,,,,,,-9999.0,-9999.0
USC00043491,1913,4,29,,,13.0,0.0,-9999.0,139.0,0.0,,,,,,,,-9999.0,-9999.0
USC00043491,1913,4,3,,,13.0,0.0,-9999.0,89.0,28.0,,,,,,,,-9999.0,-9999.0
USC00043491,1913,4,30,,,38.0,0.0,-9999.0,94.0,-11.0,,,,,,,,-9999.0,-9999.0
USC00043491,1913,4,31,,,-9999.0,-9999.0,-9999.0,-9999.0,-9999.0,,,,,,,,-9999.0,-9999.0
USC00043491,1913,4,4,,,203.0,0.0,-9999.0,89.0,72.0,,,,,,,,-9999.0,-9999.0
USC00043491,1913,4,5,,,152.0,0.0,-9999.0,150.0,17.0,,,,,,,,1.0,-9999.0
USC00043491,1913,4,6,,,76.0,0.0,-9999.0,117.0,28.0,,,,,,,,-9999.0,-9999.0
USC00043491,1913,4,7,,,0.0,0.0,-9999.0,122.0,11.0,,,,,,,,-9999.0,-9999.0
USC00043491,1913,4,8,,,0.0,0.0,-9999.0,139.0,50.0,,,,,,,,-9999.0,-9999.0
USC00043491,1913,4,9,,,0.0,0.0,-9999.0,167.0,39.0,,,,,,,,-9999.0,-9999.0
USC00043491,1913,5,1,,,0.0,,,117.0,17.0,,-9999.0,,,,,,-9999.0,
USC00043491,1913,5,10,,,76.0,,,178.0,56.0,,-9999.0,,,,,,-9999.0,
USC00043491,1913,5,11,,,0.0,,,156.0,44.0,,-9999.0,,,,,,-9999.0,
USC00043491,1913,5,12,,,0.0,,,172.0,39.0,,-9999.0,,,,,,-9999.0,
USC00043491,1913,5,13,,,0.0,,,144.0,33.0,,-9999.0,,,,,,-9999.0,
USC00043491,1913,5,14,,,0.0,,,178.0,100.0,,-9999.0,,,,,,-9999.0,
USC00043491,1913,5,15,,,0.0,,,200.0,89.0,,-9999.0,,,,,,-9999.0,
USC00043491,1913,5,16,,,0.0,,,222.0,111.0,,-9999.0,,,,,,-9999.0,
USC00043491,1913,5,17,,,0.0,,,244.0,111.0,,-9999.0,,,,,,-9999.0,
USC00043491,1913,5,18,,,114.0,,,172.0,89.0,,1.0,,,,,,-9999.0,
USC00043491,1913,5,19,,,13.0,,,150.0,67.0,,-9999.0,,,,,,-9999.0,
USC00043491,1913,5,2,,,0.0,,,94.0,61.0,,-9999.0,,,,,,-9999.0,
USC00043491,1913,5,20,,,0.0,,,194.0,67.0,,-9999.0,,,,,,-9999.0,
USC00043491,1913,5,21,,,0.0,,,211.0,106.0,,-9999.0,,,,,,-9999.0,
USC00043491,1913,5,22,,,0.0,,,250.0,128.0,,-9999.0,,,,,,-9999.0,
USC00043491,1913,5,23,,,0.0,,,267.0,200.0,,-9999.0,,,,,,-9999.0,
USC00043491,1913,5,24,,,0.0,,,272.0,150.0,,-9999.0,,,,,,-9999.0,
USC00043491,1913,5,25,,,0.0,,,294.0,139.0,,-9999.0,,,,,,-9999.0,
USC00043491,1913,5,26,,,0.0,,,306.0,167.0,,-9999.0,,,,,,-9999.0,
USC00043491,1913,5,27,,,0.0,,,294.0,83.0,,-9999.0,,,,,,-9999.0,
USC00043491,1913,5,28,,,165.0,,,178.0,61.0,,-9999.0,,,,,,1.0,
USC00043491,1913,5,29,,,51.0,,,144.0,94.0,,-9999.0,,,,,,-9999.0,
USC00043491,1913,5,3,,,0.0,,,183.0,61.0,,-9999.0,,,,,,-9999.0,
USC00043491,1913,5,30,,,0.0,,,250.0,89.0,,-9999.0,,,,,,-9999.0,
USC00043491,1913,5,31,,,0.0,,,278.0,156.0,,-9999.0,,,,,,-9999.0,
USC00043491,1913,5,4,,,0.0,,,217.0,94.0,,-9999.0,,,,,,-9999.0,
USC00043491,1913,5,5,,,0.0,,,244.0,128.0,,-9999.0,,,,,,-9999.0,
USC00043491,1913,5,6,,,0.0,,,267.0,128.0,,-9999.0,,,,,,-9999.0,
USC00043491,1913,5,7,,,0.0,,,244.0,72.0,,-9999.0,,,,,,-9999.0,
USC00043491,1913,5,8,,,0.0,,,178.0,50.0,,1.0,,,,,,-9999.0,
USC00043491,1913,5,9,,,368.0,,,183.0,39.0,,-9999.0,,,,,,1.0,
USC00043491,1913,6,1,,,0.0,,,283.0,156.0,,,,,,,,,
USC00043491,1913,6,10,,,0.0,,,178.0,56.0,,,,,,,,,
USC00043491,1913,6,11,,,0.0,,,244.0,128.0,,,,,,,,,
USC00043491,1913,6,12,,,0.0,,,267.0,122.0,,,,,,,,,
USC00043491,1913,6,13,,,0.0,,,211.0,72.0,,,,,,,,,
USC00043491,1913,6,14,,,0.0,,,233.0,106.0,,,,,,,,,
USC00043491,1913,6,15,,,0.0,,,239.0,117.0,,,,,,,,,
USC00043491,1913,6,16,,,0.0,,,256.0,100.0,,,,,,,,,
USC00043491,1913,6,17,,,0.0,,,256.0,100.0,,,,,,,,,
USC00043491,1913,6,18,,,0.0,,,211.0,78.0,,,,,,,,,
USC00043491,1913,6,19,,,0.0,,,206.0,78.0,,,,,,,,,
USC00043491,1913,6,2,,,25.0,,,250.0,122.0,,,,,,,,,
USC00043491,1913,6,20,,,0.0,,,267.0,144.0,,,,,,,,,
USC00043491,1913,6,21,,,0.0,,,267.0,133.0,,,,,,,,,
USC00043491,1913,6,22,,,0.0,,,222.0,133.0,,,,,,,,,
USC00043491,1913,6,23,,,0.0,,,239.0,128.0,,,,,,,,,
USC00043491,1913,6,24,,,0.0,,,239.0,122.0,,,,,,,,,
USC00043491,1913,6,25,,,0.0,,,228.0,111.0,,,,,,,,,
USC00043491,1913,6,26,,,0.0,,,228.0,111.0,,,,,,,,,
USC00043491,1913,6,27,,,0.0,,,239.0,128.0,,,,,,,,,
USC00043491,1913,6,28,,,0.0,,,233.0,-9999.0,,,,,,,,,
USC00043491,1913,6,29,,,0.0,,,239.0,128.0,,,,,,,,,
USC00043491,1913,6,3,,,0.0,,,244.0,122.0,,,,,,,,,
USC00043491,1913,6,30,,,0.0,,,272.0,156.0,,,,,,,,,
USC00043491,1913,6,31,,,-9999.0,,,-9999.0,-9999.0,,,,,,,,,
USC00043491,1913,6,4,,,0.0,,,256.0,144.0,,,,,,,,,
USC00043491,1913,6,5,,,0.0,,,256.0,144.0,,,,,,,,,
USC00043491,1913,6,6,,,0.0,,,256.0,167.0,,,,,,,,,
USC00043491,1913,6,7,,,0.0,,,272.0,128.0,,,,,,,,,
USC00043491,1913,6,8,,,0.0,,,239.0,67.0,,,,,,,,,
USC00043491,1913,6,9,,,0.0,,,194.0,72.0,,,,,,,,,
USC00043491,1913,7,1,,,0.0,,,283.0,156.0,,,,,,,,,
USC00043491,1913,7,10,,,0.0,,,333.0,161.0,,,,,,,,,
USC00043491,1913,7,11,,,0.0,,,339.0,261.0,,,,,,,,,
USC00043491,1913,7,12,,,0.0,,,394.0,228.0,,,,,,,,,
USC00043491,1913,7,13,,,0.0,,,356.0,161.0,,,,,,,,,
USC00043491,1913,7,14,,,0.0,,,283.0,139.0,,,,,,,,,
USC00043491,1913,7,15,,,0.0,,,267.0,128.0,,,,,,,,,
USC00043491,1913,7,16,,,0.0,,,300.0,150.0,,,,,,,,,
USC00043491,1913,7,17,,,0.0,,,294.0,172.0,,,,,,,,,
USC00043491,1913,7,18,,,0.0,,,322.0,189.0,,,,,,,,,
USC00043491,1913,7,19,,,0.0,,,250.0,167.0,,,,,,,,,
USC00043491,1913,7,2,,,0.0,,,267.0,161.0,,,,,,,,,
USC00043491,1913,7,20,,,0.0,,,267.0,183.0,,,,,,,,,
USC00043491,1913,7,21,,,0.0,,,322.0,200.0,,,,,,,,,
USC00043491,1913,7,22,,,0.0,,,294.0,172.0,,,,,,,,,
USC00043491,1913,7,23,,,0.0,,,239.0,156.0,,,,,,,,,
USC00043491,1913,7,24,,,0.0,,,239.0,156.0,,,,,,,,,
USC00043491,1913,7,25,,,0.0,,,267.0,94.0,,,,,,,,,
USC00043491,1913,7,26,,,0.0,,,200.0,106.0,,,,,,,,,
USC00043491,1913,7,27,,,0.0,,,233.0,128.0,,,,,,,,,
USC00043491,1913,7,28,,,0.0,,,244.0,128.0,,,,,,,,,
USC00043491,1913,7,29,,,0.0,,,250.0,144.0,,,,,,,,,
USC00043491,1913,7,3,,,0.0,,,267.0,144.0,,,,,,,,,
USC00043491,1913,7,30,,,0.0,,,256.0,150.0,,,,,,,,,
USC00043491,1913,7,31,,,0.0,,,294.0,183.0,,,,,,,,,
USC00043491,1913,7,4,,,0.0,,,283.0,139.0,,,,,,,,,
USC00043491,1913,7,5,,,0.0,,,311.0,117.0,,,,,,,,,
USC00043491,1913,7,6,,,0.0,,,350.0,211.0,,,,,,,,,
USC00043491,1913,7,7,,,0.0,,,333.0,200.0,,,,,,,,,
USC00043491,1913,7,8,,,0.0,,,328.0,194.0,,,,,,,,,
USC00043491,1913,7,9,,,0.0,,,350.0,167.0,,,,,,,,,
USC00043491,1913,8,1,,,0.0,,,317.0,189.0,,,,,,,,,
USC00043491,1913,8,10,,,0.0,,,294.0,183.0,,,,,,,,,
USC00043491,1913,8,11,,,0.0,,,311.0,167.0,,,,,,,,,
USC00043491,1913,8,12,,,0.0,,,267.0,156.0,,,,,,,,,
USC00043491,1913,8,13,,,0.0,,,278.0,183.0,,,,,,,,,
USC00043491,1913,8,14,,,0.0,,,250.0,106.0,,,,,,,,,
USC00043491,1913,8,15,,,0.0,,,289.0,133.0,,,,,,,,,
USC00043491,1913,8,16,,,0.0,,,267.0,111.0,,,,,,,,,
USC00043491,1913,8,17,,,0.0,,,256.0,100.0,,,,,,,,,
USC00043491,1913,8,18,,,0.0,,,289.0,111.0,,,,,,,,,
USC00043491,1913,8,19,,,0.0,,,300.0,161.0,,,,,,,,,
USC00043491,1913,8,2,,,0.0,,,267.0,200.0,,,,,,,,,
USC00043491,1913,8,20,,,0.0,,,311.0,156.0,,,,,,,,,
USC00043491,1913,8,21,,,0.0,,,322.0,167.0,,,,,,,,,
USC00043491,1913,8,22,,,0.0,,,356.0,200.0,,,,,,,,,
USC00043491,1913,8,23,,,0.0,,,367.0,222.0,,,,,,,,,
USC00043491,1913,8,24,,,0.0,,,372.0,233.0,,,,,,,,,
USC00043491,1913,8,25,,,0.0,,,367.0,228.0,,,,,,,,,
USC00043491,1913,8,26,,,0.0,,,356.0,167.0,,,,,,,,,
USC00043491,1913,8,27,,,0.0,,,367.0,233.0,,,,,,,,,
USC00043491,1913,8,28,,,0.0,,,344.0,172.0,,,,,,,,,
USC00043491,1913,8,29,,,0.0,,,356.0,222.0,,,,,,,,,
USC00043491,1913,8,3,,,0.0,,,333.0,172.0,,,,,,,,,
USC00043491,1913,8,30,,,0.0,,,344.0,167.0,,,,,,,,,
USC00043491,1913,8,31,,,0.0,,,322.0,156.0,,,,,,,,,
USC00043491,1913,8,4,,,0.0,,,311.0,172.0,,,,,,,,,
USC00043491,1913,8,5,,,0.0,,,306.0,178.0,,,,,,,,,
USC00043491,1913,8,6,,,0.0,,,339.0,156.0,,,,,,,,,
USC00043491,1913,8,7,,,0.0,,,350.0,256.0,,,,,,,,,
USC00043491,1913,8,8,,,0.0,,,389.0,233.0,,,,,,,,,
USC00043491,1913,8,9,,,0.0,,,344.0,167.0,,,,,,,,,
USC00043491,1913,9,1,,,0.0,,,289.0,156.0,,-9999.0,,,,,,,
USC00043491,1913,9,10,,,0.0,,,294.0,122.0,,-9999.0,,,,,,,
USC00043491,1913,9,11,,,0.0,,,333.0,200.0,,-9999.0,,,,,,,
USC00043491,1913,9,12,,,0.0,,,322.0,122.0,,-9999.0,,,,,,,
USC00043491,1913,9,13,,,0.0,,,311.0,111.0,,-9999.0,,,,,,,
USC00043491,1913,9,14,,,0.0,,,267.0,83.0,,-9999.0,,,,,,,
USC00043491,1913,9,15,,,0.0,,,333.0,117.0,,-9999.0,,,,,,,
USC00043491,1913,9,16,,,0.0,,,311.0,100.0,,-9999.0,,,,,,,
USC00043491,1913,9,17,,,0.0,,,372.0,206.0,,-9999.0,,,,,,,
USC00043491,1913,9,18,,,0.0,,,367.0,167.0,,-9999.0,,,,,,,
USC00043491,1913,9,19,,,0.0,,,344.0,167.0,,-9999.0,,,,,,,
USC00043491,1913,9,2,,,0.0,,,256.0,100.0,,1.0,,,,,,,
USC00043491,1913,9,20,,,0.0,,,333.0,156.0,,-9999.0,,,,,,,
USC00043491,1913,9,21,,,0.0,,,344.0,161.0,,-9999.0,,,,,,,
USC00043491,1913,9,22,,,0.0,,,267.0,100.0,,-9999.0,,,,,,,
USC00043491,1913,9,23,,,0.0,,,278.0,89.0,,-9999.0,,,,,,,
USC00043491,1913,9,24,,,0.0,,,233.0,67.0,,-9999.0,,,,,,,
USC00043491,1913,9,25,,,0.0,,,228.0,56.0,,-9999.0,,,,,,,
USC00043491,1913,9,26,,,0.0,,,211.0,44.0,,-9999.0,,,,,,,
USC00043491,1913,9,27,,,0.0,,,211.0,56.0,,-9999.0,,,,,,,
USC00043491,1913,9,28,,,0.0,,,200.0,28.0,,-9999.0,,,,,,,
USC00043491,1913,9,29,,,0.0,,,222.0,61.0,,-9999.0,,,,,,,
USC00043491,1913,9,3,,,0.0,,,200.0,111.0,,-9999.0,,,,,,,
USC00043491,1913,9,30,,,0.0,,,222.0,67.0,,-9999.0,,,,,,,
USC00043491,1913,9,31,,,-9999.0,,,-9999.0,-9999.0,,-9999.0,,,,,,,
USC00043491,1913,9,4,,,0.0,,,211.0,117.0,,-9999.0,,,,,,,
USC00043491,1913,9,5,,,0.0,,,244.0,139.0,,-9999.0,,,,,,,
USC00043491,1913,9,6,,,0.0,,,278.0,156.0,,-9999.0,,,,,,,
USC00043491,1913,9,7,,,0.0,,,322.0,200.0,,-9999.0,,,,,,,
USC00043491,1913,9,8,,,0.0,,,317.0,161.0,,-9999.0,,,,,,,
USC00043491,1913,9,9,,,0.0,,,278.0,144.0,,-9999.0,,,,,,,
USC00043491,1913,10,1,,,0.0,,,250.0,94.0,,,,,,,,,
USC00043491,1913,10,10,,,0.0,,,222.0,17.0,,,,,,,,,
USC00043491,1913,10,11,,,0.0,,,233.0,33.0,,,,,,,,,
USC00043491,1913,10,12,,,0.0,,,261.0,44.0,,,,,,,,,
USC00043491,1913,10,13,,,0.0,,,267.0,50.0,,,,,,,,,
USC00043491,1913,10,14,,,0.0,,,256.0,28.0,,,,,,,,,
USC00043491,1913,10,15,,,0.0,,,278.0,67.0,,,,,,,,,
USC00043491,1913,10,16,,,0.0,,,283.0,78.0,,,,,,,,,
USC00043491,1913,10,17,,,0.0,,,278.0,56.0,,,,,,,,,
USC00043491,1913,10,18,,,0.0,,,267.0,33.0,,,,,,,,,
USC00043491,1913,10,19,,,0.0,,,256.0,33.0,,,,,,,,,
USC00043491,1913,10,2,,,0.0,,,294.0,128.0,,,,,,,,,
USC00043491,1913,10,20,,,0.0,,,311.0,67.0,,,,,,,,,
USC00043491,1913,10,21,,,0.0,,,311.0,89.0,,,,,,,,,
USC00043491,1913,10,22,,,0.0,,,289.0,111.0,,,,,,,,,
USC00043491,1913,10,23,,,0.0,,,300.0,122.0,,,,,,,,,
USC00043491,1913,10,24,,,0.0,,,289.0,122.0,,,,,,,,,
USC00043491,1913,10,25,,,0.0,,,278.0,100.0,,,,,,,,,
USC00043491,1913,10,26,,,0.0,,,289.0,111.0,,,,,,,,,
USC00043491,1913,10,27,,,0.0,,,278.0,111.0,,,,,,,,,
USC00043491,1913,10,28,,,0.0,,,261.0,106.0,,,,,,,,,
USC00043491,1913,10,29,,,0.0,,,256.0,111.0,,,,,,,,,
USC00043491,1913,10,3,,,0.0,,,261.0,106.0,,,,,,,,,
USC00043491,1913,10,30,,,0.0,,,144.0,56.0,,,,,,,,,
USC00043491,1913,10,31,,,0.0,,,133.0,44.0,,,,,,,,,
USC00043491,1913,10,4,,,0.0,,,222.0,44.0,,,,,,,,,
USC00043491,1913,10,5,,,0.0,,,211.0,44.0,,,,,,,,,
USC00043491,1913,10,6,,,0.0,,,222.0,56.0,,,,,,,,,
USC00043491,1913,10,7,,,0.0,,,267.0,89.0,,,,,,,,,
USC00043491,1913,10,8,,,0.0,,,250.0,28.0,,,,,,,,,
USC00043491,1913,10,9,,,0.0,,,261.0,33.0,,,,,,,,,
USC00043491,1913,11,1,,,152.0,0.0,-9999.0,167.0,11.0,,-9999.0,,,,,,1.0,-9999.0
USC00043491,1913,11,10,,,-9999.0,0.0,-9999.0,211.0,44.0,,-9999.0,,,,,,1.0,-9999.0
USC00043491,1913,11,11,,,178.0,0.0,-9999.0,144.0,33.0,,-9999.0,,,,,,1.0,-9999.0
USC00043491,1913,11,12,,,234.0,0.0,-9999.0,78.0,11.0,,-9999.0,,,,,,-9999.0,-9999.0
USC00043491,1913,11,13,,,51.0,0.0,-9999.0,122.0,44.0,,-9999.0,,,,,,-9999.0,-9999.0
USC00043491,1913,11,14,,,8.0,0.0,-9999.0,94.0,39.0,,-9999.0,,,,,,-9999.0,-9999.0
USC00043491,1913,11,15,,,-9999.0,0.0,-9999.0,144.0,11.0,,-9999.0,,,,,,-9999.0,-9999.0
USC00043491,1913,11,16,,,-9999.0,0.0,-9999.0,156.0,44.0,,-9999.0,,,,,,-9999.0,-9999.0
USC00043491,1913,11,17,,,-9999.0,0.0,-9999.0,167.0,56.0,,-9999.0,,,,,,-9999.0,-9999.0
USC00043491,1913,11,18,,,-9999.0,0.0,-9999.0,156.0,44.0,,-9999.0,,,,,,-9999.0,-9999.0
USC00043491,1913,11,19,,,224.0,0.0,-9999.0,67.0,11.0,,-9999.0,,,,,,-9999.0,-9999.0
USC00043491,1913,11,2,,,386.0,0.0,-9999.0,189.0,22.0,,-9999.0,,,,,,-9999.0,-9999.0
USC00043491,1913,11,20,,,152.0,0.0,-9999.0,111.0,22.0,,-9999.0,,,,,,1.0,-9999.0
USC00043491,1913,11,21,,,97.0,0.0,-9999.0,56.0,-11.0,,-9999.0,,,,,,-9999.0,-9999.0
USC00043491,1913,11,22,,,-9999.0,0.0,-9999.0,56.0,-33.0,,-9999.0,,,,,,-9999.0,-9999.0
USC00043491,1913,11,23,,,-9999.0,0.0,-9999.0,78.0,11.0,,-9999.0,,,,,,-9999.0,-9999.0
USC00043491,1913,11,24,,,-9999.0,0.0,-9999.0,89.0,22.0,,-9999.0,,,,,,-9999.0,-9999.0
USC00043491,1913,11,25,,,193.0,0.0,-9999.0,133.0,11.0,,-9999.0,,,,,,-9999.0,-9999.0
USC00043491,1913,11,26,,,13.0,0.0,-9999.0,122.0,22.0,,-9999.0,,,,,,-9999.0,-9999.0
USC00043491,1913,11,27,,,396.0,0.0,-9999.0,100.0,33.0,,-9999.0,,,,,,1.0,-9999.0
USC00043491,1913,11,28,,,-9999.0,0.0,-9999.0,78.0,0.0,,-9999.0,,,,,,-9999.0,-9999.0
USC00043491,1913,11,29,,,13.0,13.0,25.0,100.0,0.0,,-9999.0,,,,,,-9999.0,1.0
USC00043491,1913,11,3,,,-9999.0,0.0,-9999.0,156.0,-11.0,,-9999.0,,,,,,-9999.0,-9999.0
USC00043491,1913,11,30,,,-9999.0,0.0,-9999.0,89.0,-11.0,,-9999.0,,,,,,-9999.0,-9999.0
USC00043491,1913,11,31,,,-9999.0,-9999.0,-9999.0,-9999.0,-9999.0,,-9999.0,,,,,,-9999.0,-9999.0
USC00043491,1913,11,4,,,81.0,0.0,-9999.0,189.0,0.0,,-9999.0,,,,,,1.0,-9999.0
USC00043491,1913,11,5,,,51.0,0.0,-9999.0,133.0,22.0,,1.0,,,,,,-9999.0,-9999.0
USC00043491,1913,11,6,,,160.0,0.0,-9999.0,111.0,11.0,,-9999.0,,,,,,-9999.0,-9999.0
USC00043491,1913,11,7,,,-9999.0,0.0,-9999.0,178.0,33.0,,-9999.0,,,,,,-9999.0,-9999.0
USC00043491,1913,11,8,,,-9999.0,0.0,-9999.0,200.0,67.0,,-9999.0,,,,,,-9999.0,-9999.0
USC00043491,1913,11,9,,,-9999.0,0.0,-9999.0,272.0,89.0,,-9999.0,,,,,,-9999.0,-9999.0
USC00043491,1913,12,1,,,0.0,0.0,,89.0,-22.0,,,,,,,,-9999.0,-9999.0
USC00043491,1913,12,10,,,0.0,0.0,,194.0,17.0,,,,,,,,-9999.0,-9999.0
USC00043491,1913,12,11,,,168.0,0.0,,156.0,0.0,,,,,,,,-9999.0,-9999.0
USC00043491,1913,12,12,,,0.0,0.0,,239.0,-11.0,,,,,,,,-9999.0,-9999.0
USC00043491,1913,12,13,,,203.0,0.0,,239.0,17.0,,,,,,,,1.0,-9999.0
USC00043491,1913,12,14,,,0.0,0.0,,72.0,-22.0,,,,,,,,-9999.0,-9999.0
USC00043491,1913,12,15,,,0.0,0.0,,72.0,-11.0,,,,,,,,-9999.0,-9999.0
USC00043491,1913,12,16,,,0.0,0.0,,72.0,44.0,,,,,,,,-9999.0,-9999.0
USC00043491,1913,12,17,,,0.0,0.0,,72.0,44.0,,,,,,,,-9999.0,-9999.0
USC00043491,1913,12,18,,,0.0,0.0,,44.0,-22.0,,,,,,,,-9999.0,-9999.0
USC00043491,1913,12,19,,,-9999.0,0.0,,72.0,-11.0,,,,,,,,-9999.0,1.0
USC00043491,1913,12,2,,,0.0,0.0,,139.0,6.0,,,,,,,,-9999.0,-9999.0
USC00043491,1913,12,20,,,0.0,0.0,,72.0,-11.0,,,,,,,,-9999.0,1.0
USC00043491,1913,12,21,,,279.0,0.0,,72.0,-6.0,,,,,,,,-9999.0,1.0
USC00043491,1913,12,22,,,610.0,0.0,,72.0,28.0,,,,,,,,-9999.0,1.0
USC00043491,1913,12,23,,,0.0,0.0,,67.0,11.0,,,,,,,,-9999.0,1.0
USC00043491,1913,12,24,,,279.0,0.0,,72.0,11.0,,,,,,,,1.0,-9999.0
USC00043491,1913,12,25,,,0.0,0.0,,67.0,-6.0,,,,,,,,-9999.0,-9999.0
USC00043491,1913,12,26,,,762.0,0.0,,72.0,-11.0,,,,,,,,-9999.0,-9999.0
USC00043491,1913,12,27,,,0.0,0.0,,72.0,17.0,,,,,,,,-9999.0,-9999.0
USC00043491,1913,12,28,,,0.0,0.0,,72.0,50.0,,,,,,,,-9999.0,-9999.0
USC00043491,1913,12,29,,,0.0,0.0,,72.0,44.0,,,,,,,,-9999.0,-9999.0
USC00043491,1913,12,3,,,0.0,0.0,,111.0,6.0,,,,,,,,-9999.0,-9999.0
USC00043491,1913,12,30,,,178.0,0.0,,72.0,44.0,,,,,,,,1.0,-9999.0
USC00043491,1913,12,31,,,1295.0,0.0,,72.0,50.0,,,,,,,,1.0,-9999.0
USC00043491,1913,12,4,,,0.0,0.0,,100.0,-33.0,,,,,,,,-9999.0,-9999.0
USC00043491,1913,12,5,,,0.0,0.0,,89.0,-39.0,,,,,,,,-9999.0,-9999.0
USC00043491,1913,12,6,,,0.0,0.0,,100.0,-33.0,,,,,,,,-9999.0,-9999.0
USC00043491,1913,12,7,,,0.0,0.0,,89.0,-22.0,,,,,,,,-9999.0,-9999.0
USC00043491,1913,12,8,,,0.0,0.0,,167.0,-22.0,,,,,,,,-9999.0,-9999.0
USC00043491,1913,12,9,,,0.0,0.0,,172.0,6.0,,,,,,,,-9999.0,-9999.0
USC00043491,1914,1,1,,,521.0,0.0,,89.0,11.0,,-9999.0,,,,,,1.0,-9999.0
USC00043491,1914,1,10,,,-9999.0,0.0,,50.0,-72.0,,-9999.0,,,,,,-9999.0,-9999.0
USC00043491,1914,1,11,,,-9999.0,0.0,,89.0,-44.0,,-9999.0,,,,,,-9999.0,-9999.0
USC00043491,1914,1,12,,,-9999.0,0.0,,106.0,-50.0,,-9999.0,,,,,,-9999.0,-9999.0
USC00043491,1914,1,13,,,432.0,0.0,,94.0,-50.0,,1.0,,,,,,-9999.0,-9999.0
USC00043491,1914,1,14,,,264.0,0.0,,83.0,-39.0,,-9999.0,,,,,,1.0,-9999.0
USC00043491,1914,1,15,,,356.0,102.0,,44.0,-72.0,,-9999.0,,,,,,-9999.0,-9999.0
USC00043491,1914,1,16,,,330.0,0.0,,100.0,-67.0,,-9999.0,,,,,,1.0,-9999.0
USC00043491,1914,1,17,,,279.0,0.0,,128.0,6.0,,-9999.0,,,,,,1.0,-9999.0
USC00043491,1914,1,18,,,498.0,0.0,,72.0,-22.0,,-9999.0,,,,,,1.0,-9999.0
USC00043491,1914,1,19,,,178.0,178.0,,44.0,-67.0,,-9999.0,,,,,,-9999.0,1.0
USC00043491,1914,1,2,,,787.0,0.0,,67.0,0.0,,-9999.0,,,,,,1.0,-9999.0
USC00043491,1914,1,20,,,-9999.0,0.0,,56.0,-44.0,,-9999.0,,,,,,-9999.0,-9999.0
USC00043491,1914,1,21,,,178.0,0.0,,61.0,-61.0,,-9999.0,,,,,,1.0,-9999.0
USC00043491,1914,1,22,,,813.0,0.0,,83.0,-39.0,,1.0,,,,,,-9999.0,-9999.0
USC00043491,1914,1,23,,,198.0,0.0,,94.0,6.0,,-9999.0,,,,,,-9999.0,-9999.0
USC00043491,1914,1,24,,,533.0,0.0,,50.0,-28.0,,-9999.0,,,,,,1.0,-9999.0
USC00043491,1914,1,25,,,386.0,0.0,,94.0,6.0,,-9999.0,,,,,,1.0,-9999.0
USC00043491,1914,1,26,,,516.0,0.0,,100.0,-56.0,,-9999.0,,,,,,-9999.0,-9999.0
USC00043491,1914,1,27,,,102.0,0.0,,56.0,-67.0,,-9999.0,,,,,,-9999.0,-9999.0
USC00043491,1914,1,28,,,-9999.0,0.0,,56.0,-94.0,,-9999.0,,,,,,-9999.0,-9999.0
USC00043491,1914,1,29,,,-9999.0,0.0,,50.0,-100.0,,-9999.0,,,,,,-9999.0,-9999.0
USC00043491,1914,1,3,,,244.0,0.0,,189.0,6.0,,-9999.0,,,,,,1.0,-9999.0
USC00043491,1914,1,30,,,-9999.0,0.0,,100.0,-67.0,,-9999.0,,,,,,-9999.0,-9999.0
USC00043491,1914,1,31,,,-9999.0,0.0,,161.0,28.0,,-9999.0,,,,,,-9999.0,-9999.0
USC00043491,1914,1,4,,,-9999.0,0.0,,100.0,0.0,,-9999.0,,,,,,-9999.0,-9999.0
USC00043491,1914,1,5,,,-9999.0,0.0,,161.0,6.0,,-9999.0,,,,,,-9999.0,-9999.0
USC00043491,1914,1,6,,,-9999.0,0.0,,206.0,17.0,,-9999.0,,,,,,-9999.0,-9999.0
USC00043491,1914,1,7,,,5.0,0.0,,183.0,17.0,,-9999.0,,,,,,1.0,-9999.0
USC00043491,1914,1,8,,,173.0,0.0,,50.0,-17.0,,-9999.0,,,,,,1.0,-9999.0
USC00043491,1914,1,9,,,-9999.0,0.0,,44.0,-22.0,,-9999.0,,,,,,-9999.0,-9999.0
USC00043491,1914,2,1,,,-9999.0,0.0,-9999.0,100.0,0.0,,,,,,,,-9999.0,-9999.0
USC00043491,1914,2,10,,,-9999.0,0.0,-9999.0,133.0,-11.0,,,,,,,,-9999.0,-9999.0
USC00043491,1914,2,11,,,-9999.0,0.0,-9999.0,150.0,33.0,,,,,,,,-9999.0,-9999.0
USC00043491,1914,2,12,,,-9999.0,0.0,-9999.0,144.0,11.0,,,,,,,,-9999.0,-9999.0
USC00043491,1914,2,13,,,-9999.0,0.0,-9999.0,122.0,6.0,,,,,,,,-9999.0,-9999.0
USC00043491,1914,2,14,,,-9999.0,0.0,-9999.0,206.0,22.0,,,,,,,,-9999.0,-9999.0
USC00043491,1914,2,15,,,-9999.0,0.0,-9999.0,167.0,33.0,,,,,,,,-9999.0,-9999.0
USC00043491,1914,2,16,,,-9999.0,0.0,-9999.0,161.0,39.0,,,,,,,,-9999.0,-9999.0
USC00043491,1914,2,17,,,0.0,0.0,-9999.0,144.0,11.0,,,,,,,,-9999.0,-9999.0
USC00043491,1914,2,18,,,122.0,0.0,-9999.0,122.0,33.0,,,,,,,,1.0,-9999.0
USC00043491,1914,2,19,,,635.0,0.0,-9999.0,100.0,-22.0,,,,,,,,1.0,-9999.0
USC00043491,1914,2,2,,,-9999.0,0.0,-9999.0,167.0,17.0,,,,,,,,-9999.0,-9999.0
USC00043491,1914,2,20,,,483.0,0.0,-9999.0,106.0,0.0,,,,,,,,1.0,-9999.0
USC00043491,1914,2,21,,,711.0,25.0,-9999.0,83.0,-33.0,,,,,,,,-9999.0,1.0
USC00043491,1914,2,22,,,-9999.0,0.0,-9999.0,78.0,-28.0,,,,,,,,-9999.0,-9999.0
USC00043491,1914,2,23,,,432.0,127.0,51.0,56.0,-44.0,,,,,,,,-9999.0,-9999.0
USC00043491,1914,2,24,,,-9999.0,0.0,-9999.0,167.0,11.0,,,,,,,,-9999.0,-9999.0
USC00043491,1914,2,25,,,127.0,0.0,-9999.0,111.0,11.0,,,,,,,,-9999.0,-9999.0
USC00043491,1914,2,26,,,-9999.0,0.0,-9999.0,106.0,11.0,,,,,,,,-9999.0,-9999.0
USC00043491,1914,2,27,,,-9999.0,0.0,-9999.0,144.0,22.0,,,,,,,,-9999.0,-9999.0
USC00043491,1914,2,28,,,-9999.0,0.0,-9999.0,50.0,178.0,,,,,,,,-9999.0,-9999.0
USC00043491,1914,2,29,,,-9999.0,-9999.0,-9999.0,-9999.0,-9999.0,,,,,,,,-9999.0,-9999.0
USC00043491,1914,2,3,,,-9999.0,0.0,-9999.0,167.0,-39.0,,,,,,,,-9999.0,-9999.0
USC00043491,1914,2,30,,,-9999.0,-9999.0,-9999.0,-9999.0,-9999.0,,,,,,,,-9999.0,-9999.0
USC00043491,1914,2,31,,,-9999.0,-9999.0,-9999.0,-9999.0,-9999.0,,,,,,,,-9999.0,-9999.0
USC00043491,1914,2,4,,,-9999.0,0.0,-9999.0,133.0,-33.0,,,,,,,,-9999.0,-9999.0
USC00043491,1914,2,5,,,-9999.0,0.0,-9999.0,122.0,0.0,,,,,,,,-9999.0,-9999.0
USC00043491,1914,2,6,,,-9999.0,0.0,-9999.0,100.0,-67.0,,,,,,,,-9999.0,-9999.0
USC00043491,1914,2,7,,,-9999.0,0.0,-9999.0,111.0,-56.0,,,,,,,,-9999.0,-9999.0
USC00043491,1914,2,8,,,-9999.0,0.0,-9999.0,128.0,-33.0,,,,,,,,-9999.0,-9999.0
USC00043491,1914,2,9,,,-9999.0,0.0,-9999.0,133.0,-39.0,,,,,,,,-9999.0,-9999.0
USC00043491,1914,3,1,,,0.0,0.0,-9999.0,167.0,33.0,,-9999.0,,,,,,-9999.0,
USC00043491,1914,3,10,,,0.0,0.0,-9999.0,222.0,33.0,,-9999.0,,,,,,-9999.0,
USC00043491,1914,3,11,,,0.0,0.0,-9999.0,217.0,44.0,,-9999.0,,,,,,-9999.0,
USC00043491,1914,3,12,,,0.0,0.0,-9999.0,211.0,44.0,,-9999.0,,,,,,-9999.0,
USC00043491,1914,3,13,,,0.0,0.0,-9999.0,206.0,39.0,,-9999.0,,,,,,-9999.0,
USC00043491,1914,3,14,,,0.0,0.0,-9999.0,217.0,39.0,,-9999.0,,,,,,-9999.0,
USC00043491,1914,3,15,,,0.0,0.0,-9999.0,222.0,33.0,,-9999.0,,,,,,-9999.0,
USC00043491,1914,3,16,,,0.0,0.0,-9999.0,278.0,33.0,,-9999.0,,,,,,-9999.0,
USC00043491,1914,3,17,,,0.0,0.0,-9999.0,289.0,133.0,,-9999.0,,,,,,-9999.0,
USC00043491,1914,3,18,,,0.0,0.0,-9999.0,311.0,100.0,,-9999.0,,,,,,-9999.0,
USC00043491,1914,3,19,,,0.0,0.0,-9999.0,278.0,56.0,,-9999.0,,,,,,-9999.0,
USC00043491,1914,3,2,,,51.0,0.0,-9999.0,89.0,-33.0,,-9999.0,,,,,,-9999.0,
USC00043491,1914,3,20,,,0.0,0.0,-9999.0,272.0,50.0,,-9999.0,,,,,,-9999.0,
USC00043491,1914,3,21,,,0.0,0.0,-9999.0,233.0,44.0,,-9999.0,,,,,,-9999.0,
USC00043491,1914,3,22,,,0.0,0.0,-9999.0,211.0,44.0,,1.0,,,,,,-9999.0,
USC00043491,1914,3,23,,,0.0,0.0,-9999.0,200.0,33.0,,-9999.0,,,,,,-9999.0,
USC00043491,1914,3,24,,,0.0,0.0,-9999.0,144.0,33.0,,-9999.0,,,,,,-9999.0,
USC00043491,1914,3,25,,,0.0,0.0,-9999.0,83.0,-50.0,,-9999.0,,,,,,-9999.0,
USC00043491,1914,3,26,,,0.0,0.0,-9999.0,94.0,-39.0,,-9999.0,,,,,,-9999.0,
USC00043491,1914,3,27,,,0.0,0.0,-9999.0,94.0,0.0,,-9999.0,,,,,,-9999.0,
USC00043491,1914,3,28,,,0.0,0.0,-9999.0,106.0,-6.0,,-9999.0,,,,,,1.0,
USC00043491,1914,3,29,,,152.0,152.0,127.0,150.0,-6.0,,-9999.0,,,,,,-9999.0,
USC00043491,1914,3,3,,,0.0,0.0,-9999.0,133.0,11.0,,-9999.0,,,,,,-9999.0,
USC00043491,1914,3,30,,,0.0,0.0,-9999.0,-9999.0,-9999.0,,-9999.0,,,,,,-9999.0,
USC00043491,1914,3,31,,,279.0,0.0,-9999.0,61.0,6.0,,-9999.0,,,,,,-9999.0,
USC00043491,1914,3,4,,,0.0,0.0,-9999.0,178.0,22.0,,-9999.0,,,,,,-9999.0,
USC00043491,1914,3,5,,,0.0,0.0,-9999.0,211.0,33.0,,-9999.0,,,,,,-9999.0,
USC00043491,1914,3,6,,,0.0,0.0,-9999.0,222.0,39.0,,-9999.0,,,,,,-9999.0,
USC00043491,1914,3,7,,,0.0,0.0,-9999.0,244.0,56.0,,-9999.0,,,,,,-9999.0,
USC00043491,1914,3,8,,,0.0,0.0,-9999.0,244.0,67.0,,-9999.0,,,,,,-9999.0,
USC00043491,1914,3,9,,,0.0,0.0,-9999.0,239.0,44.0,,-9999.0,,,,,,-9999.0,
USC00043491,1914,4,1,,,0.0,,,122.0,17.0,,,,,,,,-9999.0,
USC00043491,1914,4,10,,,244.0,,,106.0,50.0,,,,,,,,1.0,
USC00043491,1914,4,11,,,94.0,,,94.0,28.0,,,,,,,,-9999.0,
USC00043491,1914,4,12,,,0.0,,,122.0,50.0,,,,,,,,-9999.0,
USC00043491,1914,4,13,,,0.0,,,172.0,83.0,,,,,,,,-9999.0,
USC00043491,1914,4,14,,,0.0,,,200.0,100.0,,,,,,,,-9999.0,
USC00043491,1914,4,15,,,56.0,,,222.0,56.0,,,,,,,,-9999.0,
USC00043491,1914,4,16,,,0.0,,,100.0,0.0,,,,,,,,-9999.0,
USC00043491,1914,4,17,,,0.0,,,222.0,22.0,,,,,,,,-9999.0,
USC00043491,1914,4,18,,,0.0,,,239.0,72.0,,,,,,,,-9999.0,
USC00043491,1914,4,19,,,0.0,,,256.0,144.0,,,,,,,,-9999.0,
USC00043491,1914,4,2,,,0.0,,,133.0,11.0,,,,,,,,-9999.0,
USC00043491,1914,4,20,,,0.0,,,244.0,44.0,,,,,,,,-9999.0,
USC00043491,1914,4,21,,,51.0,,,244.0,0.0,,,,,,,,-9999.0,
USC00043491,1914,4,22,,,38.0,,,200.0,11.0,,,,,,,,-9999.0,
USC00043491,1914,4,23,,,99.0,,,117.0,17.0,,,,,,,,-9999.0,
USC00043491,1914,4,24,,,0.0,,,100.0,17.0,,,,,,,,-9999.0,
USC00043491,1914,4,25,,,0.0,,,133.0,33.0,,,,,,,,-9999.0,
USC00043491,1914,4,26,,,46.0,,,172.0,22.0,,,,,,,,-9999.0,
USC00043491,1914,4,27,,,0.0,,,117.0,28.0,,,,,,,,-9999.0,
USC00043491,1914,4,28,,,0.0,,,133.0,44.0,,,,,,,,-9999.0,
USC00043491,1914,4,29,,,5.0,,,144.0,50.0,,,,,,,,-9999.0,
USC00043491,1914,4,3,,,0.0,,,194.0,72.0,,,,,,,,-9999.0,
USC00043491,1914,4,30,,,0.0,,,206.0,83.0,,,,,,,,-9999.0,
USC00043491,1914,4,31,,,-9999.0,,,-9999.0,-9999.0,,,,,,,,-9999.0,
USC00043491,1914,4,4,,,20.0,,,206.0,94.0,,,,,,,,1.0,
USC00043491,1914,4,5,,,0.0,,,139.0,61.0,,,,,,,,-9999.0,
USC00043491,1914,4,6,,,188.0,,,144.0,67.0,,,,,,,,-9999.0,
USC00043491,1914,4,7,,,0.0,,,139.0,50.0,,,,,,,,-9999.0,
USC00043491,1914,4,8,,,0.0,,,167.0,67.0,,,,,,,,-9999.0,
USC00043491,1914,4,9,,,102.0,,,161.0,72.0,,,,,,,,1.0,
USC00043491,1914,5,1,,,0.0,,,167.0,83.0,,-9999.0,,,,,,-9999.0,
USC00043491,1914,5,10,,,0.0,,,200.0,56.0,,-9999.0,,,,,,-9999.0,
USC00043491,1914,5,11,,,0.0,,,233.0,111.0,,-9999.0,,,,,,-9999.0,
USC00043491,1914,5,12,,,0.0,,,256.0,128.0,,-9999.0,,,,,,-9999.0,
USC00043491,1914,5,13,,,0.0,,,244.0,100.0,,-9999.0,,,,,,-9999.0,
USC00043491,1914,5,14,,,0.0,,,261.0,111.0,,-9999.0,,,,,,-9999.0,
USC00043491,1914,5,15,,,0.0,,,167.0,67.0,,1.0,,,,,,-9999.0,
USC00043491,1914,5,16,,,0.0,,,172.0,61.0,,-9999.0,,,,,,-9999.0,
USC00043491,1914,5,17,,,0.0,,,222.0,78.0,,-9999.0,,,,,,-9999.0,
USC00043491,1914,5,18,,,0.0,,,244.0,111.0,,-9999.0,,,,,,-9999.0,
USC00043491,1914,5,19,,,0.0,,,256.0,100.0,,-9999.0,,,,,,-9999.0,
USC00043491,1914,5,2,,,0.0,,,217.0,78.0,,-9999.0,,,,,,-9999.0,
USC00043491,1914,5,20,,,0.0,,,250.0,94.0,,-9999.0,,,,,,-9999.0,
USC00043491,1914,5,21,,,0.0,,,267.0,122.0,,-9999.0,,,,,,-9999.0,
USC00043491,1914,5,22,,,0.0,,,106.0,83.0,,-9999.0,,,,,,-9999.0,
USC00043491,1914,5,23,,,152.0,,,178.0,67.0,,-9999.0,,,,,,1.0,
USC00043491,1914,5,24,,,203.0,,,156.0,56.0,,-9999.0,,,,,,1.0,
USC00043491,1914,5,25,,,183.0,,,100.0,56.0,,-9999.0,,,,,,-9999.0,
USC00043491,1914,5,26,,,0.0,,,156.0,56.0,,-9999.0,,,,,,-9999.0,
USC00043491,1914,5,27,,,0.0,,,222.0,89.0,,-9999.0,,,,,,-9999.0,
USC00043491,1914,5,28,,,0.0,,,222.0,89.0,,-9999.0,,,,,,-9999.0,
USC00043491,1914,5,29,,,0.0,,,256.0,111.0,,-9999.0,,,,,,-9999.0,
USC00043491,1914,5,3,,,0.0,,,228.0,106.0,,-9999.0,,,,,,-9999.0,
USC00043491,1914,5,30,,,0.0,,,289.0,144.0,,-9999.0,,,,,,-9999.0,
USC00043491,1914,5,31,,,0.0,,,311.0,167.0,,-9999.0,,,,,,-9999.0,
USC00043491,1914,5,4,,,0.0,,,211.0,111.0,,-9999.0,,,,,,-9999.0,
USC00043491,1914,5,5,,,0.0,,,244.0,111.0,,-9999.0,,,,,,-9999.0,
USC00043491,1914,5,6,,,0.0,,,222.0,100.0,,-9999.0,,,,,,-9999.0,
USC00043491,1914,5,7,,,0.0,,,244.0,89.0,,-9999.0,,,,,,-9999.0,
USC00043491,1914,5,8,,,25.0,,,211.0,72.0,,-9999.0,,,,,,1.0,
USC00043491,1914,5,9,,,0.0,,,167.0,61.0,,-9999.0,,,,,,-9999.0,
USC00043491,1914,6,1,,,0.0,,,311.0,167.0,,,,,,,,-9999.0,
USC00043491,1914,6,10,,,0.0,,,222.0,167.0,,,,,,,,-9999.0,
USC00043491,1914,6,11,,,0.0,,,239.0,183.0,,,,,,,,-9999.0,
USC00043491,1914,6,12,,,0.0,,,222.0,161.0,,,,,,,,-9999.0,
USC00043491,1914,6,13,,,0.0,,,228.0,189.0,,,,,,,,-9999.0,
USC00043491,1914,6,14,,,0.0,,,283.0,217.0,,,,,,,,-9999.0,
USC00043491,1914,6,15,,,0.0,,,294.0,222.0,,,,,,,,-9999.0,
USC00043491,1914,6,16,,,0.0,,,289.0,172.0,,,,,,,,-9999.0,
USC00043491,1914,6,17,,,0.0,,,356.0,183.0,,,,,,,,-9999.0,
USC00043491,1914,6,18,,,0.0,,,339.0,200.0,,,,,,,,-9999.0,
USC00043491,1914,6,19,,,46.0,,,306.0,139.0,,,,,,,,1.0,
USC00043491,1914,6,2,,,0.0,,,294.0,139.0,,,,,,,,-9999.0,
USC00043491,1914,6,20,,,20.0,,,206.0,122.0,,,,,,,,-9999.0,
USC00043491,1914,6,21,,,0.0,,,200.0,89.0,,,,,,,,-9999.0,
USC00043491,1914,6,22,,,0.0,,,228.0,194.0,,,,,,,,-9999.0,
USC00043491,1914,6,23,,,0.0,,,256.0,111.0,,,,,,,,-9999.0,
USC00043491,1914,6,24,,,229.0,,,228.0,100.0,,,,,,,,1.0,
USC00043491,1914,6,25,,,0.0,,,178.0,67.0,,,,,,,,-9999.0,
USC00043491,1914,6,26,,,0.0,,,194.0,111.0,,,,,,,,-9999.0,
USC00043491,1914,6,27,,,0.0,,,222.0,167.0,,,,,,,,-9999.0,
USC00043491,1914,6,28,,,0.0,,,322.0,211.0,,,,,,,,-9999.0,
USC00043491,1914,6,29,,,0.0,,,344.0,200.0,,,,,,,,-9999.0,
USC00043491,1914,6,3,,,0.0,,,289.0,128.0,,,,,,,,-9999.0,
USC00043491,1914,6,30,,,0.0,,,322.0,211.0,,,,,,,,-9999.0,
USC00043491,1914,6,31,,,-9999.0,,,-9999.0,-9999.0,,,,,,,,-9999.0,
USC00043491,1914,6,4,,,0.0,,,244.0,117.0,,,,,,,,-9999.0,
USC00043491,1914,6,5,,,0.0,,,200.0,56.0,,,,,,,,-9999.0,
USC00043491,1914,6,6,,,262.0,,,206.0,56.0,,,,,,,,-9999.0,
USC00043491,1914,6,7,,,56.0,,,200.0,117.0,,,,,,,,-9999.0,
USC00043491,1914,6,8,,,0.0,,,200.0,117.0,,,,,,,,-9999.0,
USC00043491,1914,6,9,,,0.0,,,183.0,139.0,,,,,,,,-9999.0,
USC00043491,1914,7,1,,,,,,333.0,200.0,,,,,,1.0,,,
USC00043491,1914,7,10,,,,,,267.0,156.0,,,,,,-9999.0,,,
USC00043491,1914,7,11,,,,,,278.0,150.0,,,,,,-9999.0,,,
USC00043491,1914,7,12,,,,,,300.0,122.0,,,,,,-9999.0,,,
USC00043491,1914,7,13,,,,,,256.0,128.0,,,,,,-9999.0,,,
USC00043491,1914,7,14,,,,,,289.0,144.0,,,,,,-9999.0,,,
USC00043491,1914,7,15,,,,,,306.0,172.0,,,,,,-9999.0,,,
USC00043491,1914,7,16,,,,,,356.0,211.0,,,,,,-9999.0,,,
USC00043491,1914,7,17,,,,,,350.0,183.0,,,,,,-9999.0,,,
USC00043491,1914,7,18,,,,,,322.0,156.0,,,,,,-9999.0,,,
USC00043491,1914,7,19,,,,,,333.0,161.0,,,,,,-9999.0,,,
USC00043491,1914,7,2,,,,,,311.0,200.0,,,,,,-9999.0,,,
USC00043491,1914,7,20,,,,,,311.0,167.0,,,,,,-9999.0,,,
USC00043491,1914,7,21,,,,,,272.0,189.0,,,,,,-9999.0,,,
USC00043491,1914,7,22,,,,,,289.0,156.0,,,,,,-9999.0,,,
USC00043491,1914,7,23,,,,,,244.0,167.0,,,,,,-9999.0,,,
USC00043491,1914,7,24,,,,,,311.0,189.0,,,,,,-9999.0,,,
USC00043491,1914,7,25,,,,,,311.0,178.0,,,,,,-9999.0,,,
USC00043491,1914,7,26,,,,,,322.0,167.0,,,,,,-9999.0,,,
USC00043491,1914,7,27,,,,,,322.0,167.0,,,,,,-9999.0,,,
USC00043491,1914,7,28,,,,,,306.0,161.0,,,,,,1.0,,,
USC00043491,1914,7,29,,,,,,300.0,167.0,,,,,,-9999.0,,,
USC00043491,1914,7,3,,,,,,267.0,178.0,,,,,,-9999.0,,,
USC00043491,1914,7,30,,,,,,317.0,172.0,,,,,,-9999.0,,,
USC00043491,1914,7,31,,,,,,317.0,189.0,,,,,,-9999.0,,,
USC00043491,1914,7,4,,,,,,311.0,167.0,,,,,,-9999.0,,,
USC00043491,1914,7,5,,,,,,300.0,156.0,,,,,,-9999.0,,,
USC00043491,1914,7,6,,,,,,311.0,167.0,,,,,,-9999.0,,,
USC00043491,1914,7,7,,,,,,311.0,183.0,,,,,,-9999.0,,,
USC00043491,1914,7,8,,,,,,300.0,167.0,,,,,,1.0,,,
USC00043491,1914,7,9,,,,,,256.0,144.0,,,,,,-9999.0,,,
USC00043491,1914,8,1,,,,,,339.0,206.0,,,,,,-9999.0,,,
USC00043491,1914,8,10,,,,,,333.0,178.0,,,,,,-9999.0,,,
USC00043491,1914,8,11,,,,,,328.0,194.0,,,,,,-9999.0,,,
USC00043491,1914,8,12,,,,,,344.0,206.0,,,,,,-9999.0,,,
USC00043491,1914,8,13,,,,,,356.0,217.0,,,,,,-9999.0,,,
USC00043491,1914,8,14,,,,,,350.0,217.0,,,,,,-9999.0,,,
USC00043491,1914,8,15,,,,,,350.0,183.0,,,,,,-9999.0,,,
USC00043491,1914,8,16,,,,,,344.0,156.0,,,,,,-9999.0,,,
USC00043491,1914,8,17,,,,,,356.0,178.0,,,,,,-9999.0,,,
USC00043491,1914,8,18,,,,,,333.0,178.0,,,,,,-9999.0,,,
USC00043491,1914,8,19,,,,,,289.0,144.0,,,,,,-9999.0,,,
USC00043491,1914,8,2,,,,,,356.0,156.0,,,,,,-9999.0,,,
USC00043491,1914,8,20,,,,,,267.0,139.0,,,,,,-9999.0,,,
USC00043491,1914,8,21,,,,,,233.0,128.0,,,,,,-9999.0,,,
USC00043491,1914,8,22,,,,,,300.0,156.0,,,,,,-9999.0,,,
USC00043491,1914,8,23,,,,,,289.0,167.0,,,,,,-9999.0,,,
USC00043491,1914,8,24,,,,,,311.0,167.0,,,,,,-9999.0,,,
USC00043491,1914,8,25,,,,,,311.0,156.0,,,,,,-9999.0,,,
USC00043491,1914,8,26,,,,,,311.0,161.0,,,,,,1.0,,,
USC00043491,1914,8,27,,,,,,289.0,144.0,,,,,,-9999.0,,,
USC00043491,1914,8,28,,,,,,289.0,178.0,,,,,,-9999.0,,,
USC00043491,1914,8,29,,,,,,278.0,167.0,,,,,,-9999.0,,,
USC00043491,1914,8,3,,,,,,361.0,161.0,,,,,,-9999.0,,,
USC00043491,1914,8,30,,,,,,294.0,244.0,,,,,,-9999.0,,,
USC00043491,1914,8,31,,,,,,278.0,222.0,,,,,,-9999.0,,,
USC00043491,1914,8,4,,,,,,317.0,161.0,,,,,,-9999.0,,,
USC00043491,1914,8,5,,,,,,356.0,189.0,,,,,,-9999.0,,,
USC00043491,1914,8,6,,,,,,367.0,206.0,,,,,,-9999.0,,,
USC00043491,1914,8,7,,,,,,356.0,189.0,,,,,,-9999.0,,,
USC00043491,1914,8,8,,,,,,339.0,189.0,,,,,,-9999.0,,,
USC00043491,1914,8,9,,,,,,322.0,172.0,,,,,,-9999.0,,,
USC00043491,1914,9,1,,,0.0,,,278.0,222.0,,,,,,,,,
USC00043491,1914,9,10,,,0.0,,,289.0,189.0,,,,,,,,,
USC00043491,1914,9,11,,,0.0,,,322.0,194.0,,,,,,,,,
USC00043491,1914,9,12,,,0.0,,,294.0,128.0,,,,,,,,,
USC00043491,1914,9,13,,,0.0,,,267.0,128.0,,,,,,,,,
USC00043491,1914,9,14,,,0.0,,,267.0,122.0,,,,,,,,,
USC00043491,1914,9,15,,,0.0,,,200.0,89.0,,,,,,,,,
USC00043491,1914,9,16,,,0.0,,,206.0,94.0,,,,,,,,,
USC00043491,1914,9,17,,,0.0,,,222.0,89.0,,,,,,,,,
USC00043491,1914,9,18,,,0.0,,,233.0,106.0,,,,,,,,,
USC00043491,1914,9,19,,,0.0,,,217.0,100.0,,,,,,,,,
USC00043491,1914,9,2,,,0.0,,,261.0,206.0,,,,,,,,,
USC00043491,1914,9,20,,,0.0,,,256.0,139.0,,,,,,,,,
USC00043491,1914,9,21,,,0.0,,,250.0,156.0,,,,,,,,,
USC00043491,1914,9,22,,,0.0,,,289.0,94.0,,,,,,,,,
USC00043491,1914,9,23,,,0.0,,,306.0,128.0,,,,,,,,,
USC00043491,1914,9,24,,,0.0,,,328.0,183.0,,,,,,,,,
USC00043491,1914,9,25,,,0.0,,,311.0,156.0,,,,,,,,,
USC00043491,1914,9,26,,,0.0,,,256.0,89.0,,,,,,,,,
USC00043491,1914,9,27,,,0.0,,,267.0,211.0,,,,,,,,,
USC00043491,1914,9,28,,,0.0,,,267.0,206.0,,,,,,,,,
USC00043491,1914,9,29,,,0.0,,,278.0,144.0,,,,,,,,,
USC00043491,1914,9,3,,,0.0,,,244.0,156.0,,,,,,,,,
USC00043491,1914,9,30,,,0.0,,,278.0,144.0,,,,,,,,,
USC00043491,1914,9,31,,,-9999.0,,,-9999.0,-9999.0,,,,,,,,,
USC00043491,1914,9,4,,,0.0,,,256.0,156.0,,,,,,,,,
USC00043491,1914,9,5,,,0.0,,,261.0,150.0,,,,,,,,,
USC00043491,1914,9,6,,,0.0,,,267.0,128.0,,,,,,,,,
USC00043491,1914,9,7,,,0.0,,,250.0,117.0,,,,,,,,,
USC00043491,1914,9,8,,,0.0,,,183.0,89.0,,,,,,,,,
USC00043491,1914,9,9,,,0.0,,,200.0,122.0,,,,,,,,,
USC00043491,1914,10,1,,,0.0,,,283.0,106.0,,,,,,,,-9999.0,
USC00043491,1914,10,10,,,48.0,,,178.0,72.0,,,,,,,,-9999.0,
USC00043491,1914,10,11,,,0.0,,,194.0,56.0,,,,,,,,-9999.0,
USC00043491,1914,10,12,,,0.0,,,200.0,50.0,,,,,,,,-9999.0,
USC00043491,1914,10,13,,,0.0,,,244.0,106.0,,,,,,,,-9999.0,
USC00043491,1914,10,14,,,0.0,,,289.0,144.0,,,,,,,,-9999.0,
USC00043491,1914,10,15,,,0.0,,,300.0,106.0,,,,,,,,-9999.0,
USC00043491,1914,10,16,,,0.0,,,267.0,94.0,,,,,,,,-9999.0,
USC00043491,1914,10,17,,,46.0,,,200.0,78.0,,,,,,,,1.0,
USC00043491,1914,10,18,,,0.0,,,200.0,78.0,,,,,,,,-9999.0,
USC00043491,1914,10,19,,,127.0,,,178.0,111.0,,,,,,,,1.0,
USC00043491,1914,10,2,,,0.0,,,156.0,56.0,,,,,,,,-9999.0,
USC00043491,1914,10,20,,,267.0,,,189.0,78.0,,,,,,,,1.0,
USC00043491,1914,10,21,,,0.0,,,267.0,94.0,,,,,,,,-9999.0,
USC00043491,1914,10,22,,,0.0,,,156.0,61.0,,,,,,,,-9999.0,
USC00043491,1914,10,23,,,0.0,,,200.0,56.0,,,,,,,,-9999.0,
USC00043491,1914,10,24,,,0.0,,,206.0,72.0,,,,,,,,-9999.0,
USC00043491,1914,10,25,,,0.0,,,244.0,111.0,,,,,,,,-9999.0,
USC00043491,1914,10,26,,,0.0,,,256.0,111.0,,,,,,,,-9999.0,
USC00043491,1914,10,27,,,0.0,,,244.0,122.0,,,,,,,,-9999.0,
USC00043491,1914,10,28,,,0.0,,,256.0,128.0,,,,,,,,-9999.0,
USC00043491,1914,10,29,,,0.0,,,250.0,156.0,,,,,,,,-9999.0,
USC00043491,1914,10,3,,,152.0,,,156.0,44.0,,,,,,,,-9999.0,
USC00043491,1914,10,30,,,102.0,,,156.0,100.0,,,,,,,,-9999.0,
USC00043491,1914,10,31,,,0.0,,,200.0,89.0,,,,,,,,-9999.0,
USC00043491,1914,10,4,,,0.0,,,206.0,56.0,,,,,,,,-9999.0,
USC00043491,1914,10,5,,,0.0,,,206.0,83.0,,,,,,,,-9999.0,
USC00043491,1914,10,6,,,0.0,,,222.0,100.0,,,,,,,,-9999.0,
USC00043491,1914,10,7,,,0.0,,,217.0,94.0,,,,,,,,-9999.0,
USC00043491,1914,10,8,,,30.0,,,211.0,67.0,,,,,,,,1.0,
USC00043491,1914,10,9,,,102.0,,,144.0,56.0,,,,,,,,1.0,
USC00043491,1914,11,1,,,122.0,0.0,,-9999.0,-9999.0,,,,,,,,,
USC00043491,1914,11,10,,,0.0,0.0,,228.0,94.0,,,,,,,,,
USC00043491,1914,11,11,,,0.0,0.0,,244.0,78.0,,,,,,,,,
USC00043491,1914,11,12,,,0.0,0.0,,233.0,56.0,,,,,,,,,
USC00043491,1914,11,13,,,0.0,0.0,,244.0,61.0,,,,,,,,,
USC00043491,1914,11,14,,,0.0,0.0,,256.0,67.0,,,,,,,,,
USC00043491,1914,11,15,,,0.0,0.0,,250.0,44.0,,,,,,,,,
USC00043491,1914,11,16,,,0.0,0.0,,211.0,67.0,,,,,,,,,
USC00043491,1914,11,17,,,0.0,0.0,,178.0,67.0,,,,,,,,,
USC00043491,1914,11,18,,,0.0,0.0,,200.0,83.0,,,,,,,,,
USC00043491,1914,11,19,,,0.0,0.0,,206.0,78.0,,,,,,,,,
USC00043491,1914,11,2,,,0.0,0.0,,206.0,78.0,,,,,,,,,
USC00043491,1914,11,20,,,0.0,0.0,,222.0,67.0,,,,,,,,,
USC00043491,1914,11,21,,,0.0,0.0,,211.0,56.0,,,,,,,,,
USC00043491,1914,11,22,,,0.0,0.0,,211.0,100.0,,,,,,,,,
USC00043491,1914,11,23,,,0.0,0.0,,211.0,100.0,,,,,,,,,
USC00043491,1914,11,24,,,0.0,0.0,,200.0,117.0,,,,,,,,,
USC00043491,1914,11,25,,,0.0,0.0,,228.0,100.0,,,,,,,,,
USC00043491,1914,11,26,,,0.0,0.0,,222.0,100.0,,,,,,,,,
USC00043491,1914,11,27,,,0.0,0.0,,222.0,100.0,,,,,,,,,
USC00043491,1914,11,28,,,97.0,13.0,,200.0,0.0,,,,,,,,,
USC00043491,1914,11,29,,,0.0,0.0,,167.0,0.0,,,,,,,,,
USC00043491,1914,11,3,,,0.0,0.0,,194.0,61.0,,,,,,,,,
USC00043491,1914,11,30,,,0.0,0.0,,78.0,0.0,,,,,,,,,
USC00043491,1914,11,31,,,-9999.0,-9999.0,,-9999.0,-9999.0,,,,,,,,,
USC00043491,1914,11,4,,,0.0,0.0,,222.0,111.0,,,,,,,,,
USC00043491,1914,11,5,,,0.0,0.0,,233.0,94.0,,,,,,,,,
USC00043491,1914,11,6,,,0.0,0.0,,200.0,89.0,,,,,,,,,
USC00043491,1914,11,7,,,0.0,0.0,,222.0,100.0,,,,,,,,,
USC00043491,1914,11,8,,,0.0,0.0,,211.0,94.0,,,,,,,,,
USC00043491,1914,11,9,,,0.0,0.0,,206.0,83.0,,,,,,,,,
USC00043491,1914,12,1,,,0.0,0.0,-9999.0,111.0,72.0,,,,,,-9999.0,,,-9999.0
USC00043491,1914,12,10,,,140.0,140.0,229.0,94.0,-6.0,,,,,,-9999.0,,,1.0
USC00043491,1914,12,11,,,76.0,76.0,305.0,39.0,-17.0,,,,,,-9999.0,,,-9999.0
USC00043491,1914,12,12,,,25.0,25.0,305.0,28.0,-56.0,,,,,,-9999.0,,,-9999.0
USC00043491,1914,12,13,,,0.0,0.0,254.0,56.0,-44.0,,,,,,-9999.0,,,-9999.0
USC00043491,1914,12,14,,,0.0,0.0,229.0,83.0,-56.0,,,,,,-9999.0,,,-9999.0
USC00043491,1914,12,15,,,0.0,0.0,203.0,72.0,-39.0,,,,,,-9999.0,,,-9999.0
USC00043491,1914,12,16,,,-9999.0,0.0,432.0,56.0,-28.0,,,,,,-9999.0,,,-9999.0
USC00043491,1914,12,17,,,25.0,25.0,152.0,83.0,-6.0,,,,,,-9999.0,,,1.0
USC00043491,1914,12,18,,,0.0,0.0,102.0,56.0,0.0,,,,,,-9999.0,,,-9999.0
USC00043491,1914,12,19,,,0.0,0.0,76.0,89.0,-22.0,,,,,,-9999.0,,,-9999.0
USC00043491,1914,12,2,,,0.0,0.0,-9999.0,200.0,67.0,,,,,,-9999.0,,,-9999.0
USC00043491,1914,12,20,,,0.0,0.0,76.0,83.0,-17.0,,,,,,-9999.0,,,-9999.0
USC00043491,1914,12,21,,,0.0,0.0,76.0,100.0,-33.0,,,,,,-9999.0,,,-9999.0
USC00043491,1914,12,22,,,0.0,0.0,51.0,94.0,0.0,,,,,,-9999.0,,,-9999.0
USC00043491,1914,12,23,,,0.0,0.0,51.0,161.0,50.0,,,,,,-9999.0,,,-9999.0
USC00043491,1914,12,24,,,0.0,0.0,51.0,178.0,11.0,,,,,,-9999.0,,,-9999.0
USC00043491,1914,12,25,,,0.0,0.0,51.0,156.0,0.0,,,,,,-9999.0,,,-9999.0
USC00043491,1914,12,26,,,0.0,0.0,25.0,133.0,-11.0,,,,,,-9999.0,,,-9999.0
USC00043491,1914,12,27,,,0.0,0.0,0.0,117.0,0.0,,,,,,-9999.0,,,-9999.0
USC00043491,1914,12,28,,,0.0,0.0,-9999.0,106.0,-17.0,,,,,,-9999.0,,,-9999.0
USC00043491,1914,12,29,,,0.0,0.0,-9999.0,94.0,-6.0,,,,,,-9999.0,,,-9999.0
USC00043491,1914,12,3,,,483.0,0.0,-9999.0,89.0,0.0,,,,,,-9999.0,,,-9999.0
USC00043491,1914,12,30,,,0.0,0.0,-9999.0,139.0,0.0,,,,,,1.0,,,-9999.0
USC00043491,1914,12,31,,,0.0,0.0,-9999.0,144.0,22.0,,,,,,-9999.0,,,-9999.0
USC00043491,1914,12,4,,,51.0,13.0,25.0,100.0,-11.0,,,,,,-9999.0,,,-9999.0
USC00043491,1914,12,5,,,191.0,191.0,203.0,56.0,-11.0,,,,,,-9999.0,,,-9999.0
USC00043491,1914,12,6,,,51.0,51.0,254.0,61.0,-28.0,,,,,,-9999.0,,,-9999.0
USC00043491,1914,12,7,,,0.0,0.0,-9999.0,56.0,-11.0,,,,,,-9999.0,,,-9999.0
USC00043491,1914,12,8,,,0.0,0.0,203.0,61.0,-17.0,,,,,,-9999.0,,,-9999.0
USC00043491,1914,12,9,,,0.0,0.0,-9999.0,78.0,-22.0,,,,,,-9999.0,,,-9999.0
USC00043491,1915,1,1,,,0.0,0.0,-9999.0,-9999.0,-9999.0,,-9999.0,,,,-9999.0,,-9999.0,
USC00043491,1915,1,10,,,0.0,0.0,-9999.0,-9999.0,-9999.0,,-9999.0,,,,-9999.0,,-9999.0,
USC00043491,1915,1,11,,,0.0,0.0,25.0,156.0,-22.0,,-9999.0,,,,-9999.0,,-9999.0,
USC00043491,1915,1,12,,,152.0,152.0,152.0,50.0,-11.0,,-9999.0,,,,-9999.0,,-9999.0,
USC00043491,1915,1,13,,,30.0,0.0,76.0,28.0,-11.0,,-9999.0,,,,-9999.0,,1.0,
USC00043491,1915,1,14,,,638.0,0.0,-9999.0,56.0,17.0,,-9999.0,,,,-9999.0,,-9999.0,
USC00043491,1915,1,15,,,0.0,0.0,-9999.0,61.0,-22.0,,-9999.0,,,,-9999.0,,-9999.0,
USC00043491,1915,1,16,,,0.0,0.0,-9999.0,156.0,-94.0,,-9999.0,,,,-9999.0,,-9999.0,
USC00043491,1915,1,17,,,0.0,0.0,-9999.0,100.0,-94.0,,-9999.0,,,,-9999.0,,-9999.0,
USC00043491,1915,1,18,,,0.0,0.0,-9999.0,89.0,17.0,,-9999.0,,,,-9999.0,,-9999.0,
USC00043491,1915,1,19,,,0.0,0.0,-9999.0,83.0,11.0,,-9999.0,,,,-9999.0,,-9999.0,
USC00043491,1915,1,2,,,0.0,0.0,-9999.0,183.0,39.0,,-9999.0,,,,1.0,,-9999.0,
USC00043491,1915,1,20,,,0.0,0.0,-9999.0,156.0,33.0,,-9999.0,,,,-9999.0,,-9999.0,
USC00043491,1915,1,21,,,0.0,0.0,-9999.0,161.0,50.0,,-9999.0,,,,-9999.0,,-9999.0,
USC00043491,1915,1,22,,,0.0,0.0,-9999.0,139.0,17.0,,-9999.0,,,,-9999.0,,-9999.0,
USC00043491,1915,1,23,,,0.0,0.0,-9999.0,139.0,6.0,,-9999.0,,,,-9999.0,,-9999.0,
USC00043491,1915,1,24,,,0.0,0.0,-9999.0,-9999.0,-9999.0,,-9999.0,,,,-9999.0,,-9999.0,
USC00043491,1915,1,25,,,132.0,0.0,-9999.0,111.0,0.0,,-9999.0,,,,-9999.0,,1.0,
USC00043491,1915,1,26,,,107.0,0.0,-9999.0,56.0,6.0,,-9999.0,,,,-9999.0,,-9999.0,
USC00043491,1915,1,27,,,64.0,0.0,-9999.0,100.0,11.0,,-9999.0,,,,-9999.0,,-9999.0,
USC00043491,1915,1,28,,,254.0,0.0,-9999.0,83.0,39.0,,-9999.0,,,,-9999.0,,-9999.0,
USC00043491,1915,1,29,,,254.0,0.0,-9999.0,111.0,28.0,,-9999.0,,,,-9999.0,,1.0,
USC00043491,1915,1,3,,,279.0,0.0,-9999.0,-9999.0,-9999.0,,-9999.0,,,,-9999.0,,-9999.0,
USC00043491,1915,1,30,,,84.0,0.0,-9999.0,89.0,33.0,,-9999.0,,,,-9999.0,,1.0,
USC00043491,1915,1,31,,,0.0,0.0,-9999.0,-9999.0,-9999.0,,-9999.0,,,,-9999.0,,-9999.0,
USC00043491,1915,1,4,,,0.0,0.0,-9999.0,167.0,0.0,,1.0,,,,-9999.0,,-9999.0,
USC00043491,1915,1,5,,,0.0,0.0,-9999.0,83.0,-6.0,,-9999.0,,,,-9999.0,,-9999.0,
USC00043491,1915,1,6,,,76.0,76.0,76.0,56.0,-6.0,,-9999.0,,,,-9999.0,,-9999.0,
USC00043491,1915,1,7,,,102.0,0.0,76.0,17.0,-11.0,,-9999.0,,,,-9999.0,,-9999.0,
USC00043491,1915,1,8,,,0.0,0.0,-9999.0,50.0,0.0,,-9999.0,,,,-9999.0,,1.0,
USC00043491,1915,1,9,,,76.0,76.0,76.0,22.0,-33.0,,-9999.0,,,,-9999.0,,-9999.0,
USC00043491,1915,2,1,,,787.0,0.0,-9999.0,72.0,17.0,,,,,,,,1.0,-9999.0
USC00043491,1915,2,10,,,208.0,25.0,76.0,39.0,6.0,,,,,,,,1.0,-9999.0
USC00043491,1915,2,11,,,119.0,76.0,127.0,56.0,0.0,,,,,,,,1.0,-9999.0
USC00043491,1915,2,12,,,0.0,0.0,-9999.0,106.0,0.0,,,,,,,,-9999.0,-9999.0
USC00043491,1915,2,13,,,0.0,0.0,-9999.0,100.0,-11.0,,,,,,,,-9999.0,-9999.0
USC00043491,1915,2,14,,,0.0,0.0,-9999.0,-9999.0,-9999.0,,,,,,,,-9999.0,-9999.0
USC00043491,1915,2,15,,,0.0,0.0,-9999.0,150.0,17.0,,,,,,,,-9999.0,-9999.0
USC00043491,1915,2,16,,,132.0,0.0,-9999.0,167.0,39.0,,,,,,,,-9999.0,-9999.0
USC00043491,1915,2,17,,,511.0,0.0,-9999.0,111.0,44.0,,,,,,,,1.0,-9999.0
USC00043491,1915,2,18,,,432.0,0.0,-9999.0,61.0,28.0,,,,,,,,1.0,-9999.0
USC00043491,1915,2,19,,,0.0,0.0,-9999.0,94.0,28.0,,,,,,,,-9999.0,-9999.0
USC00043491,1915,2,2,,,630.0,0.0,-9999.0,94.0,28.0,,,,,,,,1.0,-9999.0
USC00043491,1915,2,20,,,178.0,51.0,51.0,106.0,28.0,,,,,,,,-9999.0,-9999.0
USC00043491,1915,2,21,,,0.0,-9999.0,-9999.0,-9999.0,-9999.0,,,,,,,,-9999.0,-9999.0
USC00043491,1915,2,22,,,229.0,0.0,51.0,44.0,-39.0,,,,,,,,1.0,-9999.0
USC00043491,1915,2,23,,,185.0,0.0,25.0,50.0,0.0,,,,,,,,1.0,-9999.0
USC00043491,1915,2,24,,,51.0,0.0,-9999.0,72.0,28.0,,,,,,,,-9999.0,-9999.0
USC00043491,1915,2,25,,,64.0,0.0,-9999.0,106.0,33.0,,,,,,,,-9999.0,-9999.0
USC00043491,1915,2,26,,,0.0,0.0,-9999.0,117.0,22.0,,,,,,,,-9999.0,-9999.0
USC00043491,1915,2,27,,,305.0,0.0,-9999.0,28.0,22.0,,,,,,,,-9999.0,-9999.0
USC00043491,1915,2,28,,,51.0,0.0,-9999.0,106.0,0.0,,,,,,,,-9999.0,-9999.0
USC00043491,1915,2,29,,,-9999.0,-9999.0,-9999.0,-9999.0,-9999.0,,,,,,,,-9999.0,-9999.0
USC00043491,1915,2,3,,,229.0,152.0,152.0,28.0,-28.0,,,,,,,,-9999.0,1.0
USC00043491,1915,2,30,,,-9999.0,-9999.0,-9999.0,-9999.0,-9999.0,,,,,,,,-9999.0,-9999.0
USC00043491,1915,2,31,,,-9999.0,-9999.0,-9999.0,-9999.0,-9999.0,,,,,,,,-9999.0,-9999.0
USC00043491,1915,2,4,,,152.0,0.0,127.0,39.0,-11.0,,,,,,,,1.0,-9999.0
USC00043491,1915,2,5,,,0.0,0.0,76.0,83.0,-6.0,,,,,,,,-9999.0,-9999.0
USC00043491,1915,2,6,,,0.0,0.0,-9999.0,128.0,0.0,,,,,,,,-9999.0,-9999.0
USC00043491,1915,2,7,,,0.0,0.0,-9999.0,-9999.0,-9999.0,,,,,,,,-9999.0,-9999.0
USC00043491,1915,2,8,,,406.0,0.0,-9999.0,117.0,6.0,,,,,,,,1.0,-9999.0
USC00043491,1915,2,9,,,439.0,51.0,51.0,100.0,28.0,,,,,,,,-9999.0,1.0
USC00043491,1915,3,1,,,0.0,,,106.0,0.0,,,,,,,,-9999.0,
USC00043491,1915,3,10,,,102.0,,,89.0,28.0,,,,,,,,-9999.0,
USC00043491,1915,3,11,,,0.0,,,128.0,17.0,,,,,,,,-9999.0,
USC00043491,1915,3,12,,,0.0,,,133.0,22.0,,,,,,,,-9999.0,
USC00043491,1915,3,13,,,51.0,,,128.0,28.0,,,,,,,,-9999.0,
USC00043491,1915,3,14,,,0.0,,,150.0,22.0,,,,,,,,-9999.0,
USC00043491,1915,3,15,,,0.0,,,178.0,33.0,,,,,,,,-9999.0,
USC00043491,1915,3,16,,,0.0,,,211.0,39.0,,,,,,,,-9999.0,
USC00043491,1915,3,17,,,0.0,,,222.0,83.0,,,,,,,,-9999.0,
USC00043491,1915,3,18,,,0.0,,,194.0,56.0,,,,,,,,-9999.0,
USC00043491,1915,3,19,,,0.0,,,211.0,44.0,,,,,,,,-9999.0,
USC00043491,1915,3,2,,,0.0,,,111.0,0.0,,,,,,,,-9999.0,
USC00043491,1915,3,20,,,0.0,,,239.0,56.0,,,,,,,,-9999.0,
USC00043491,1915,3,21,,,0.0,,,-9999.0,-9999.0,,,,,,,,-9999.0,
USC00043491,1915,3,22,,,0.0,,,261.0,83.0,,,,,,,,-9999.0,
USC00043491,1915,3,23,,,0.0,,,256.0,78.0,,,,,,,,-9999.0,
USC00043491,1915,3,24,,,0.0,,,244.0,78.0,,,,,,,,-9999.0,
USC00043491,1915,3,25,,,0.0,,,256.0,67.0,,,,,,,,-9999.0,
USC00043491,1915,3,26,,,51.0,,,206.0,44.0,,,,,,,,-9999.0,
USC00043491,1915,3,27,,,0.0,,,217.0,39.0,,,,,,,,-9999.0,
USC00043491,1915,3,28,,,0.0,,,-9999.0,-9999.0,,,,,,,,-9999.0,
USC00043491,1915,3,29,,,711.0,,,144.0,6.0,,,,,,,,1.0,
USC00043491,1915,3,3,,,0.0,,,144.0,17.0,,,,,,,,-9999.0,
USC00043491,1915,3,30,,,51.0,,,111.0,6.0,,,,,,,,-9999.0,
USC00043491,1915,3,31,,,76.0,,,100.0,33.0,,,,,,,,-9999.0,
USC00043491,1915,3,4,,,0.0,,,144.0,11.0,,,,,,,,-9999.0,
USC00043491,1915,3,5,,,0.0,,,128.0,6.0,,,,,,,,-9999.0,
USC00043491,1915,3,6,,,0.0,,,161.0,11.0,,,,,,,,-9999.0,
USC00043491,1915,3,7,,,0.0,,,-9999.0,-9999.0,,,,,,,,-9999.0,
USC00043491,1915,3,8,,,0.0,,,178.0,17.0,,,,,,,,-9999.0,
USC00043491,1915,3,9,,,0.0,,,200.0,28.0,,,,,,,,-9999.0,
USC00043491,1915,4,1,,,0.0,,,161.0,50.0,,,,,,,-9999.0,-9999.0,
USC00043491,1915,4,10,,,0.0,,,156.0,50.0,,,,,,,-9999.0,-9999.0,
USC00043491,1915,4,11,,,0.0,,,156.0,33.0,,,,,,,-9999.0,-9999.0,
USC00043491,1915,4,12,,,46.0,,,156.0,33.0,,,,,,,-9999.0,-9999.0,
USC00043491,1915,4,13,,,25.0,,,156.0,0.0,,,,,,,-9999.0,-9999.0,
USC00043491,1915,4,14,,,0.0,,,156.0,56.0,,,,,,,-9999.0,-9999.0,
USC00043491,1915,4,15,,,0.0,,,156.0,44.0,,,,,,,-9999.0,-9999.0,
USC00043491,1915,4,16,,,0.0,,,156.0,61.0,,,,,,,-9999.0,-9999.0,
USC00043491,1915,4,17,,,0.0,,,156.0,61.0,,,,,,,-9999.0,-9999.0,
USC00043491,1915,4,18,,,0.0,,,156.0,72.0,,,,,,,-9999.0,-9999.0,
USC00043491,1915,4,19,,,0.0,,,156.0,61.0,,,,,,,-9999.0,-9999.0,
USC00043491,1915,4,2,,,0.0,,,211.0,72.0,,,,,,,-9999.0,-9999.0,
USC00043491,1915,4,20,,,5.0,,,200.0,6.0,,,,,,,-9999.0,-9999.0,
USC00043491,1915,4,21,,,25.0,,,72.0,-6.0,,,,,,,-9999.0,-9999.0,
USC00043491,1915,4,22,,,13.0,,,39.0,-11.0,,,,,,,-9999.0,-9999.0,
USC00043491,1915,4,23,,,0.0,,,100.0,-17.0,,,,,,,-9999.0,-9999.0,
USC00043491,1915,4,24,,,0.0,,,100.0,-6.0,,,,,,,-9999.0,-9999.0,
USC00043491,1915,4,25,,,0.0,,,106.0,6.0,,,,,,,-9999.0,-9999.0,
USC00043491,1915,4,26,,,0.0,,,200.0,33.0,,,,,,,-9999.0,-9999.0,
USC00043491,1915,4,27,,,0.0,,,222.0,78.0,,,,,,,-9999.0,-9999.0,
USC00043491,1915,4,28,,,0.0,,,239.0,78.0,,,,,,,-9999.0,-9999.0,
USC00043491,1915,4,29,,,127.0,,,78.0,67.0,,,,,,,-9999.0,1.0,
USC00043491,1915,4,3,,,0.0,,,167.0,67.0,,,,,,,-9999.0,-9999.0,
USC00043491,1915,4,30,,,254.0,,,106.0,-6.0,,,,,,,-9999.0,-9999.0,
USC00043491,1915,4,31,,,-9999.0,,,-9999.0,-9999.0,,,,,,,-9999.0,-9999.0,
USC00043491,1915,4,4,,,0.0,,,-9999.0,-9999.0,,,,,,,-9999.0,-9999.0,
USC00043491,1915,4,5,,,114.0,,,167.0,28.0,,,,,,,-9999.0,-9999.0,
USC00043491,1915,4,6,,,0.0,,,156.0,33.0,,,,,,,-9999.0,-9999.0,
USC00043491,1915,4,7,,,127.0,,,111.0,33.0,,,,,,,1.0,-9999.0,
USC00043491,1915,4,8,,,0.0,,,200.0,0.0,,,,,,,-9999.0,-9999.0,
USC00043491,1915,4,9,,,0.0,,,156.0,39.0,,,,,,,-9999.0,-9999.0,
USC00043491,1915,5,1,,,0.0,,,144.0,-6.0,,-9999.0,,,,,,-9999.0,
USC00043491,1915,5,10,,,457.0,,,167.0,17.0,,-9999.0,,,,,,1.0,
USC00043491,1915,5,11,,,267.0,,,111.0,89.0,,-9999.0,,,,,,1.0,
USC00043491,1915,5,12,,,508.0,,,100.0,78.0,,-9999.0,,,,,,1.0,
USC00043491,1915,5,13,,,0.0,,,117.0,39.0,,1.0,,,,,,-9999.0,
USC00043491,1915,5,14,,,0.0,,,150.0,33.0,,-9999.0,,,,,,-9999.0,
USC00043491,1915,5,15,,,0.0,,,156.0,28.0,,-9999.0,,,,,,-9999.0,
USC00043491,1915,5,16,,,0.0,,,228.0,28.0,,-9999.0,,,,,,-9999.0,
USC00043491,1915,5,17,,,229.0,,,211.0,72.0,,-9999.0,,,,,,-9999.0,
USC00043491,1915,5,18,,,254.0,,,67.0,50.0,,-9999.0,,,,,,-9999.0,
USC00043491,1915,5,19,,,432.0,,,122.0,28.0,,-9999.0,,,,,,-9999.0,
USC00043491,1915,5,2,,,5.0,,,128.0,28.0,,-9999.0,,,,,,-9999.0,
USC00043491,1915,5,20,,,0.0,,,150.0,33.0,,-9999.0,,,,,,-9999.0,
USC00043491,1915,5,21,,,0.0,,,150.0,39.0,,-9999.0,,,,,,-9999.0,
USC00043491,1915,5,22,,,0.0,,,156.0,39.0,,-9999.0,,,,,,-9999.0,
USC00043491,1915,5,23,,,0.0,,,183.0,39.0,,-9999.0,,,,,,-9999.0,
USC00043491,1915,5,24,,,152.0,,,189.0,39.0,,-9999.0,,,,,,-9999.0,
USC00043491,1915,5,25,,,89.0,,,128.0,28.0,,-9999.0,,,,,,-9999.0,
USC00043491,1915,5,26,,,0.0,,,194.0,33.0,,-9999.0,,,,,,-9999.0,
USC00043491,1915,5,27,,,0.0,,,206.0,39.0,,-9999.0,,,,,,-9999.0,
USC00043491,1915,5,28,,,0.0,,,217.0,39.0,,-9999.0,,,,,,-9999.0,
USC00043491,1915,5,29,,,0.0,,,228.0,44.0,,-9999.0,,,,,,-9999.0,
USC00043491,1915,5,3,,,3.0,,,133.0,44.0,,-9999.0,,,,,,-9999.0,
USC00043491,1915,5,30,,,0.0,,,239.0,61.0,,-9999.0,,,,,,-9999.0,
USC00043491,1915,5,31,,,0.0,,,250.0,67.0,,-9999.0,,,,,,-9999.0,
USC00043491,1915,5,4,,,0.0,,,244.0,39.0,,-9999.0,,,,,,-9999.0,
USC00043491,1915,5,5,,,0.0,,,200.0,39.0,,-9999.0,,,,,,-9999.0,
USC00043491,1915,5,6,,,0.0,,,194.0,33.0,,-9999.0,,,,,,-9999.0,
USC00043491,1915,5,7,,,0.0,,,278.0,33.0,,-9999.0,,,,,,-9999.0,
USC00043491,1915,5,8,,,0.0,,,272.0,39.0,,-9999.0,,,,,,-9999.0,
USC00043491,1915,5,9,,,0.0,,,217.0,22.0,,-9999.0,,,,,,1.0,
USC00043491,1915,6,1,,,,,,267.0,72.0,,,,,,,,,
USC00043491,1915,6,10,,,,,,272.0,183.0,,,,,,,,,
USC00043491,1915,6,11,,,,,,200.0,44.0,,,,,,,,,
USC00043491,1915,6,12,,,,,,233.0,100.0,,,,,,,,,
USC00043491,1915,6,13,,,,,,256.0,94.0,,,,,,,,,
USC00043491,1915,6,14,,,,,,272.0,106.0,,,,,,,,,
USC00043491,1915,6,15,,,,,,267.0,122.0,,,,,,,,,
USC00043491,1915,6,16,,,,,,267.0,50.0,,,,,,,,,
USC00043491,1915,6,17,,,,,,278.0,128.0,,,,,,,,,
USC00043491,1915,6,18,,,,,,261.0,111.0,,,,,,,,,
USC00043491,1915,6,19,,,,,,267.0,94.0,,,,,,,,,
USC00043491,1915,6,2,,,,,,283.0,100.0,,,,,,,,,
USC00043491,1915,6,20,,,,,,256.0,94.0,,,,,,,,,
USC00043491,1915,6,21,,,,,,278.0,100.0,,,,,,,,,
USC00043491,1915,6,22,,,,,,267.0,122.0,,,,,,,,,
USC00043491,1915,6,23,,,,,,267.0,144.0,,,,,,,,,
USC00043491,1915,6,24,,,,,,256.0,111.0,,,,,,,,,
USC00043491,1915,6,25,,,,,,211.0,83.0,,,,,,,,,
USC00043491,1915,6,26,,,,,,228.0,128.0,,,,,,,,,
USC00043491,1915,6,27,,,,,,239.0,122.0,,,,,,,,,
USC00043491,1915,6,28,,,,,,311.0,128.0,,,,,,,,,
USC00043491,1915,6,29,,,,,,322.0,167.0,,,,,,,,,
USC00043491,1915,6,3,,,,,,283.0,117.0,,,,,,,,,
USC00043491,1915,6,30,,,,,,333.0,183.0,,,,,,,,,
USC00043491,1915,6,31,,,,,,-9999.0,-9999.0,,,,,,,,,
USC00043491,1915,6,4,,,,,,294.0,89.0,,,,,,,,,
USC00043491,1915,6,5,,,,,,306.0,122.0,,,,,,,,,
USC00043491,1915,6,6,,,,,,328.0,183.0,,,,,,,,,
USC00043491,1915,6,7,,,,,,283.0,222.0,,,,,,,,,
USC00043491,1915,6,8,,,,,,300.0,200.0,,,,,,,,,
USC00043491,1915,6,9,,,,,,311.0,167.0,,,,,,,,,
USC00043491,1915,7,1,,,0.0,,,294.0,172.0,,,,,,,,,
USC00043491,1915,7,10,,,0.0,,,289.0,167.0,,,,,,,,,
USC00043491,1915,7,11,,,0.0,,,306.0,156.0,,,,,,,,,
USC00043491,1915,7,12,,,0.0,,,289.0,161.0,,,,,,,,,
USC00043491,1915,7,13,,,0.0,,,278.0,161.0,,,,,,,,,
USC00043491,1915,7,14,,,0.0,,,289.0,150.0,,,,,,,,,
USC00043491,1915,7,15,,,0.0,,,294.0,144.0,,,,,,,,,
USC00043491,1915,7,16,,,0.0,,,317.0,150.0,,,,,,,,,
USC00043491,1915,7,17,,,0.0,,,322.0,183.0,,,,,,,,,
USC00043491,1915,7,18,,,0.0,,,317.0,178.0,,,,,,,,,
USC00043491,1915,7,19,,,0.0,,,322.0,172.0,,,,,,,,,
USC00043491,1915,7,2,,,0.0,,,300.0,172.0,,,,,,,,,
USC00043491,1915,7,20,,,0.0,,,356.0,189.0,,,,,,,,,
USC00043491,1915,7,21,,,0.0,,,356.0,211.0,,,,,,,,,
USC00043491,1915,7,22,,,0.0,,,361.0,211.0,,,,,,,,,
USC00043491,1915,7,23,,,0.0,,,356.0,217.0,,,,,,,,,
USC00043491,1915,7,24,,,0.0,,,350.0,189.0,,,,,,,,,
USC00043491,1915,7,25,,,0.0,,,361.0,194.0,,,,,,,,,
USC00043491,1915,7,26,,,0.0,,,322.0,172.0,,,,,,,,,
USC00043491,1915,7,27,,,0.0,,,317.0,150.0,,,,,,,,,
USC00043491,1915,7,28,,,0.0,,,317.0,139.0,,,,,,,,,
USC00043491,1915,7,29,,,0.0,,,317.0,139.0,,,,,,,,,
USC00043491,1915,7,3,,,0.0,,,278.0,178.0,,,,,,,,,
USC00043491,1915,7,30,,,0.0,,,311.0,122.0,,,,,,,,,
USC00043491,1915,7,31,,,0.0,,,322.0,172.0,,,,,,,,,
USC00043491,1915,7,4,,,0.0,,,211.0,111.0,,,,,,,,,
USC00043491,1915,7,5,,,0.0,,,222.0,106.0,,,,,,,,,
USC00043491,1915,7,6,,,0.0,,,228.0,117.0,,,,,,,,,
USC00043491,1915,7,7,,,0.0,,,233.0,128.0,,,,,,,,,
USC00043491,1915,7,8,,,0.0,,,256.0,139.0,,,,,,,,,
USC00043491,1915,7,9,,,0.0,,,278.0,144.0,,,,,,,,,
USC00043491,1915,8,1,,,,,,333.0,183.0,,,,,,,,,
USC00043491,1915,8,10,,,,,,339.0,194.0,,,,,,,,,
USC00043491,1915,8,11,,,,,,333.0,161.0,,,,,,,,,
USC00043491,1915,8,12,,,,,,328.0,167.0,,,,,,,,,
USC00043491,1915,8,13,,,,,,333.0,161.0,,,,,,,,,
USC00043491,1915,8,14,,,,,,328.0,167.0,,,,,,,,,
USC00043491,1915,8,15,,,,,,333.0,167.0,,,,,,,,,
USC00043491,1915,8,16,,,,,,311.0,172.0,,,,,,,,,
USC00043491,1915,8,17,,,,,,317.0,172.0,,,,,,,,,
USC00043491,1915,8,18,,,,,,344.0,194.0,,,,,,,,,
USC00043491,1915,8,19,,,,,,344.0,200.0,,,,,,,,,
USC00043491,1915,8,2,,,,,,333.0,183.0,,,,,,,,,
USC00043491,1915,8,20,,,,,,339.0,206.0,,,,,,,,,
USC00043491,1915,8,21,,,,,,344.0,200.0,,,,,,,,,
USC00043491,1915,8,22,,,,,,322.0,178.0,,,,,,,,,
USC00043491,1915,8,23,,,,,,317.0,167.0,,,,,,,,,
USC00043491,1915,8,24,,,,,,294.0,156.0,,,,,,,,,
USC00043491,1915,8,25,,,,,,311.0,156.0,,,,,,,,,
USC00043491,1915,8,26,,,,,,328.0,178.0,,,,,,,,,
USC00043491,1915,8,27,,,,,,350.0,194.0,,,,,,,,,
USC00043491,1915,8,28,,,,,,367.0,200.0,,,,,,,,,
USC00043491,1915,8,29,,,,,,372.0,206.0,,,,,,,,,
USC00043491,1915,8,3,,,,,,322.0,167.0,,,,,,,,,
USC00043491,1915,8,30,,,,,,389.0,211.0,,,,,,,,,
USC00043491,1915,8,31,,,,,,378.0,206.0,,,,,,,,,
USC00043491,1915,8,4,,,,,,350.0,189.0,,,,,,,,,
USC00043491,1915,8,5,,,,,,344.0,178.0,,,,,,,,,
USC00043491,1915,8,6,,,,,,333.0,167.0,,,,,,,,,
USC00043491,1915,8,7,,,,,,333.0,161.0,,,,,,,,,
USC00043491,1915,8,8,,,,,,328.0,161.0,,,,,,,,,
USC00043491,1915,8,9,,,,,,322.0,167.0,,,,,,,,,
USC00043491,1915,9,1,,,0.0,,,333.0,172.0,,,,,,,,,
USC00043491,1915,9,10,,,0.0,,,311.0,150.0,,,,,,,,,
USC00043491,1915,9,11,,,0.0,,,217.0,94.0,,,,,,,,,
USC00043491,1915,9,12,,,0.0,,,217.0,83.0,,,,,,,,,
USC00043491,1915,9,13,,,0.0,,,222.0,89.0,,,,,,,,,
USC00043491,1915,9,14,,,0.0,,,211.0,89.0,,,,,,,,,
USC00043491,1915,9,15,,,0.0,,,200.0,78.0,,,,,,,,,
USC00043491,1915,9,16,,,0.0,,,256.0,100.0,,,,,,,,,
USC00043491,1915,9,17,,,0.0,,,278.0,128.0,,,,,,,,,
USC00043491,1915,9,18,,,0.0,,,283.0,133.0,,,,,,,,,
USC00043491,1915,9,19,,,0.0,,,294.0,133.0,,,,,,,,,
USC00043491,1915,9,2,,,0.0,,,322.0,172.0,,,,,,,,,
USC00043491,1915,9,20,,,0.0,,,306.0,122.0,,,,,,,,,
USC00043491,1915,9,21,,,0.0,,,294.0,100.0,,,,,,,,,
USC00043491,1915,9,22,,,0.0,,,283.0,100.0,,,,,,,,,
USC00043491,1915,9,23,,,0.0,,,294.0,106.0,,,,,,,,,
USC00043491,1915,9,24,,,0.0,,,233.0,61.0,,,,,,,,,
USC00043491,1915,9,25,,,0.0,,,222.0,78.0,,,,,,,,,
USC00043491,1915,9,26,,,0.0,,,211.0,67.0,,,,,,,,,
USC00043491,1915,9,27,,,0.0,,,217.0,56.0,,,,,,,,,
USC00043491,1915,9,28,,,0.0,,,244.0,61.0,,,,,,,,,
USC00043491,1915,9,29,,,0.0,,,250.0,100.0,,,,,,,,,
USC00043491,1915,9,3,,,0.0,,,317.0,167.0,,,,,,,,,
USC00043491,1915,9,30,,,0.0,,,278.0,100.0,,,,,,,,,
USC00043491,1915,9,31,,,-9999.0,,,-9999.0,-9999.0,,,,,,,,,
USC00043491,1915,9,4,,,0.0,,,294.0,172.0,,,,,,,,,
USC00043491,1915,9,5,,,0.0,,,300.0,167.0,,,,,,,,,
USC00043491,1915,9,6,,,0.0,,,306.0,161.0,,,,,,,,,
USC00043491,1915,9,7,,,0.0,,,300.0,167.0,,,,,,,,,
USC00043491,1915,9,8,,,0.0,,,294.0,144.0,,,,,,,,,
USC00043491,1915,9,9,,,0.0,,,306.0,144.0,,,,,,,,,
USC00043491,1915,10,1,,,0.0,,,311.0,72.0,,,,,,,,-9999.0,
USC00043491,1915,10,10,,,0.0,,,267.0,67.0,,,,,,,,-9999.0,
USC00043491,1915,10,11,,,0.0,,,261.0,56.0,,,,,,,,-9999.0,
USC00043491,1915,10,12,,,0.0,,,211.0,22.0,,,,,,,,-9999.0,
USC00043491,1915,10,13,,,0.0,,,250.0,61.0,,,,,,,,-9999.0,
USC00043491,1915,10,14,,,0.0,,,222.0,22.0,,,,,,,,-9999.0,
USC00043491,1915,10,15,,,0.0,,,228.0,22.0,,,,,,,,-9999.0,
USC00043491,1915,10,16,,,0.0,,,244.0,44.0,,,,,,,,-9999.0,
USC00043491,1915,10,17,,,0.0,,,250.0,56.0,,,,,,,,-9999.0,
USC00043491,1915,10,18,,,0.0,,,250.0,78.0,,,,,,,,-9999.0,
USC00043491,1915,10,19,,,0.0,,,261.0,100.0,,,,,,,,-9999.0,
USC00043491,1915,10,2,,,0.0,,,294.0,56.0,,,,,,,,-9999.0,
USC00043491,1915,10,20,,,0.0,,,256.0,89.0,,,,,,,,-9999.0,
USC00043491,1915,10,21,,,0.0,,,272.0,122.0,,,,,,,,-9999.0,
USC00043491,1915,10,22,,,0.0,,,256.0,72.0,,,,,,,,-9999.0,
USC00043491,1915,10,23,,,0.0,,,217.0,44.0,,,,,,,,1.0,
USC00043491,1915,10,24,,,0.0,,,211.0,78.0,,,,,,,,-9999.0,
USC00043491,1915,10,25,,,0.0,,,217.0,44.0,,,,,,,,-9999.0,
USC00043491,1915,10,26,,,0.0,,,244.0,72.0,,,,,,,,-9999.0,
USC00043491,1915,10,27,,,0.0,,,256.0,78.0,,,,,,,,-9999.0,
USC00043491,1915,10,28,,,0.0,,,267.0,100.0,,,,,,,,-9999.0,
USC00043491,1915,10,29,,,0.0,,,278.0,111.0,,,,,,,,-9999.0,
USC00043491,1915,10,3,,,0.0,,,267.0,100.0,,,,,,,,-9999.0,
USC00043491,1915,10,30,,,0.0,,,267.0,100.0,,,,,,,,-9999.0,
USC00043491,1915,10,31,,,0.0,,,272.0,94.0,,,,,,,,-9999.0,
USC00043491,1915,10,4,,,0.0,,,278.0,100.0,,,,,,,,-9999.0,
USC00043491,1915,10,5,,,0.0,,,311.0,100.0,,,,,,,,-9999.0,
USC00043491,1915,10,6,,,0.0,,,283.0,67.0,,,,,,,,-9999.0,
USC00043491,1915,10,7,,,0.0,,,294.0,100.0,,,,,,,,-9999.0,
USC00043491,1915,10,8,,,0.0,,,311.0,100.0,,,,,,,,-9999.0,
USC00043491,1915,10,9,,,0.0,,,306.0,89.0,,,,,,,,-9999.0,
USC00043491,1915,11,1,,,-9999.0,0.0,-9999.0,267.0,72.0,,,,,,,,-9999.0,-9999.0
USC00043491,1915,11,10,,,-9999.0,0.0,-9999.0,44.0,-83.0,,,,,,,,-9999.0,-9999.0
USC00043491,1915,11,11,,,-9999.0,0.0,-9999.0,72.0,-67.0,,,,,,,,-9999.0,-9999.0
USC00043491,1915,11,12,,,-9999.0,0.0,-9999.0,100.0,-72.0,,,,,,,,-9999.0,-9999.0
USC00043491,1915,11,13,,,-9999.0,0.0,-9999.0,100.0,-39.0,,,,,,,,-9999.0,-9999.0
USC00043491,1915,11,14,,,-9999.0,0.0,-9999.0,133.0,-22.0,,,,,,,,-9999.0,-9999.0
USC00043491,1915,11,15,,,-9999.0,0.0,-9999.0,144.0,-11.0,,,,,,,,-9999.0,-9999.0
USC00043491,1915,11,16,,,127.0,0.0,-9999.0,156.0,-11.0,,,,,,,,1.0,-9999.0
USC00043491,1915,11,17,,,-9999.0,0.0,-9999.0,122.0,0.0,,,,,,,,-9999.0,-9999.0
USC00043491,1915,11,18,,,-9999.0,0.0,-9999.0,183.0,28.0,,,,,,,,-9999.0,-9999.0
USC00043491,1915,11,19,,,-9999.0,0.0,-9999.0,194.0,22.0,,,,,,,,-9999.0,-9999.0
USC00043491,1915,11,2,,,-9999.0,0.0,-9999.0,233.0,72.0,,,,,,,,-9999.0,-9999.0
USC00043491,1915,11,20,,,-9999.0,0.0,-9999.0,200.0,33.0,,,,,,,,-9999.0,-9999.0
USC00043491,1915,11,21,,,-9999.0,0.0,-9999.0,-9999.0,-9999.0,,,,,,,,-9999.0,-9999.0
USC00043491,1915,11,22,,,-9999.0,0.0,-9999.0,133.0,22.0,,,,,,,,-9999.0,-9999.0
USC00043491,1915,11,23,,,254.0,0.0,-9999.0,183.0,0.0,,,,,,,,-9999.0,-9999.0
USC00043491,1915,11,24,,,-9999.0,0.0,-9999.0,100.0,-67.0,,,,,,,,-9999.0,-9999.0
USC00043491,1915,11,25,,,81.0,0.0,-9999.0,100.0,-11.0,,,,,,,,-9999.0,-9999.0
USC00043491,1915,11,26,,,33.0,0.0,-9999.0,78.0,-17.0,,,,,,,,-9999.0,-9999.0
USC00043491,1915,11,27,,,-9999.0,0.0,-9999.0,72.0,-44.0,,,,,,,,-9999.0,-9999.0
USC00043491,1915,11,28,,,-9999.0,0.0,-9999.0,-9999.0,-9999.0,,,,,,,,-9999.0,-9999.0
USC00043491,1915,11,29,,,13.0,0.0,-9999.0,128.0,17.0,,,,,,,,-9999.0,-9999.0
USC00043491,1915,11,3,,,-9999.0,0.0,-9999.0,183.0,44.0,,,,,,,,-9999.0,-9999.0
USC00043491,1915,11,30,,,-9999.0,0.0,-9999.0,156.0,0.0,,,,,,,,-9999.0,-9999.0
USC00043491,1915,11,31,,,-9999.0,-9999.0,-9999.0,-9999.0,-9999.0,,,,,,,,-9999.0,-9999.0
USC00043491,1915,11,4,,,-9999.0,0.0,-9999.0,200.0,22.0,,,,,,,,-9999.0,-9999.0
USC00043491,1915,11,5,,,-9999.0,0.0,-9999.0,172.0,22.0,,,,,,,,-9999.0,-9999.0
USC00043491,1915,11,6,,,-9999.0,0.0,-9999.0,211.0,11.0,,,,,,,,-9999.0,-9999.0
USC00043491,1915,11,7,,,-9999.0,0.0,-9999.0,-9999.0,-9999.0,,,,,,,,-9999.0,-9999.0
USC00043491,1915,11,8,,,-9999.0,51.0,51.0,183.0,-22.0,,,,,,,,1.0,1.0
USC00043491,1915,11,9,,,127.0,25.0,76.0,89.0,-61.0,,,,,,,,1.0,1.0
USC00043491,1915,12,1,,,0.0,,,189.0,0.0,,-9999.0,,,,,,-9999.0,
USC00043491,1915,12,10,,,0.0,,,144.0,44.0,,1.0,,,,,,-9999.0,
USC00043491,1915,12,11,,,0.0,,,128.0,100.0,,-9999.0,,,,,,-9999.0,
USC00043491,1915,12,12,,,0.0,,,100.0,89.0,,-9999.0,,,,,,1.0,
USC00043491,1915,12,13,,,528.0,,,100.0,89.0,,-9999.0,,,,,,1.0,
USC00043491,1915,12,14,,,513.0,,,89.0,61.0,,-9999.0,,,,,,1.0,
USC00043491,1915,12,15,,,0.0,,,100.0,44.0,,-9999.0,,,,,,-9999.0,
USC00043491,1915,12,16,,,0.0,,,72.0,17.0,,-9999.0,,,,,,-9999.0,
USC00043491,1915,12,17,,,0.0,,,72.0,6.0,,-9999.0,,,,,,-9999.0,
USC00043491,1915,12,18,,,0.0,,,78.0,61.0,,-9999.0,,,,,,-9999.0,
USC00043491,1915,12,19,,,0.0,,,72.0,44.0,,-9999.0,,,,,,-9999.0,
USC00043491,1915,12,2,,,381.0,,,183.0,22.0,,-9999.0,,,,,,1.0,
USC00043491,1915,12,20,,,0.0,,,100.0,44.0,,-9999.0,,,,,,-9999.0,
USC00043491,1915,12,21,,,0.0,,,122.0,72.0,,-9999.0,,,,,,-9999.0,
USC00043491,1915,12,22,,,0.0,,,189.0,122.0,,-9999.0,,,,,,-9999.0,
USC00043491,1915,12,23,,,0.0,,,194.0,128.0,,-9999.0,,,,,,-9999.0,
USC00043491,1915,12,24,,,0.0,,,200.0,106.0,,-9999.0,,,,,,-9999.0,
USC00043491,1915,12,25,,,0.0,,,194.0,89.0,,-9999.0,,,,,,-9999.0,
USC00043491,1915,12,26,,,0.0,,,178.0,61.0,,-9999.0,,,,,,-9999.0,
USC00043491,1915,12,27,,,0.0,,,183.0,44.0,,-9999.0,,,,,,-9999.0,
USC00043491,1915,12,28,,,0.0,,,106.0,56.0,,-9999.0,,,,,,-9999.0,
USC00043491,1915,12,29,,,0.0,,,39.0,-61.0,,-9999.0,,,,,,-9999.0,
USC00043491,1915,12,3,,,457.0,,,167.0,17.0,,-9999.0,,,,,,1.0,
USC00043491,1915,12,30,,,0.0,,,83.0,-56.0,,-9999.0,,,,,,-9999.0,
USC00043491,1915,12,31,,,0.0,,,33.0,-56.0,,-9999.0,,,,,,-9999.0,
USC00043491,1915,12,4,,,0.0,,,72.0,-39.0,,-9999.0,,,,,,-9999.0,
USC00043491,1915,12,5,,,0.0,,,-9999.0,-9999.0,,-9999.0,,,,,,-9999.0,
USC00043491,1915,12,6,,,0.0,,,100.0,17.0,,-9999.0,,,,,,-9999.0,
USC00043491,1915,12,7,,,0.0,,,156.0,0.0,,-9999.0,,,,,,-9999.0,
USC00043491,1915,12,8,,,0.0,,,178.0,22.0,,-9999.0,,,,,,-9999.0,
USC00043491,1915,12,9,,,18.0,,,156.0,-6.0,,-9999.0,,,,,,1.0,
USC00043491,1916,1,1,,,76.0,76.0,76.0,50.0,-56.0,,,,,,,,-9999.0,1.0
USC00043491,1916,1,10,,,432.0,432.0,508.0,17.0,-28.0,,,,,,,,-9999.0,1.0
USC00043491,1916,1,11,,,-9999.0,0.0,483.0,-6.0,-78.0,,,,,,,,-9999.0,-9999.0
USC00043491,1916,1,12,,,-9999.0,0.0,406.0,33.0,-72.0,,,,,,,,-9999.0,-9999.0
USC00043491,1916,1,13,,,241.0,241.0,660.0,0.0,-56.0,,,,,,,,-9999.0,1.0
USC00043491,1916,1,14,,,381.0,381.0,1016.0,-6.0,-28.0,,,,,,,,-9999.0,1.0
USC00043491,1916,1,15,,,-9999.0,0.0,1067.0,0.0,-39.0,,,,,,,,-9999.0,-9999.0
USC00043491,1916,1,16,,,-9999.0,0.0,940.0,17.0,-22.0,,,,,,,,-9999.0,-9999.0
USC00043491,1916,1,17,,,5.0,0.0,813.0,72.0,17.0,,,,,,,,1.0,-9999.0
USC00043491,1916,1,18,,,76.0,76.0,660.0,44.0,0.0,,,,,,,,-9999.0,1.0
USC00043491,1916,1,19,,,51.0,51.0,635.0,17.0,-22.0,,,,,,,,-9999.0,1.0
USC00043491,1916,1,2,,,152.0,152.0,229.0,17.0,-39.0,,,,,,,,-9999.0,1.0
USC00043491,1916,1,20,,,-9999.0,0.0,584.0,56.0,-44.0,,,,,,,,-9999.0,-9999.0
USC00043491,1916,1,21,,,-9999.0,0.0,559.0,67.0,-33.0,,,,,,,,-9999.0,-9999.0
USC00043491,1916,1,22,,,-9999.0,0.0,508.0,56.0,6.0,,,,,,,,-9999.0,-9999.0
USC00043491,1916,1,23,,,264.0,0.0,-9999.0,56.0,17.0,,,,,,,,1.0,-9999.0
USC00043491,1916,1,24,,,257.0,0.0,330.0,67.0,33.0,,,,,,,,1.0,-9999.0
USC00043491,1916,1,25,,,521.0,0.0,229.0,44.0,17.0,,,,,,,,1.0,-9999.0
USC00043491,1916,1,26,,,10.0,0.0,152.0,50.0,-22.0,,,,,,,,-9999.0,-9999.0
USC00043491,1916,1,27,,,203.0,203.0,330.0,0.0,-17.0,,,,,,,,-9999.0,1.0
USC00043491,1916,1,28,,,152.0,152.0,457.0,33.0,-44.0,,,,,,,,-9999.0,1.0
USC00043491,1916,1,29,,,229.0,229.0,686.0,-11.0,-39.0,,,,,,,,-9999.0,1.0
USC00043491,1916,1,3,,,516.0,0.0,-9999.0,67.0,-44.0,,,,,,,,1.0,-9999.0
USC00043491,1916,1,30,,,254.0,254.0,813.0,0.0,-72.0,,,,,,,,-9999.0,1.0
USC00043491,1916,1,31,,,-9999.0,0.0,635.0,44.0,-67.0,,,,,,,,-9999.0,-9999.0
USC00043491,1916,1,4,,,511.0,0.0,-9999.0,44.0,-11.0,,,,,,,,-9999.0,-9999.0
USC00043491,1916,1,5,,,-9999.0,0.0,-9999.0,50.0,0.0,,,,,,,,-9999.0,-9999.0
USC00043491,1916,1,6,,,-9999.0,0.0,-9999.0,72.0,-17.0,,,,,,,,-9999.0,-9999.0
USC00043491,1916,1,7,,,-9999.0,0.0,-9999.0,33.0,-17.0,,,,,,,,-9999.0,-9999.0
USC00043491,1916,1,8,,,0.0,0.0,-9999.0,72.0,0.0,,,,,,,,-9999.0,1.0
USC00043491,1916,1,9,,,76.0,76.0,76.0,39.0,-6.0,,,,,,,,-9999.0,1.0
USC00043491,1916,2,1,,,0.0,0.0,559.0,72.0,-17.0,,,,,,,,-9999.0,-9999.0
USC00043491,1916,2,10,,,257.0,0.0,-9999.0,111.0,56.0,,,,,,,,-9999.0,-9999.0
USC00043491,1916,2,11,,,254.0,0.0,-9999.0,94.0,39.0,,,,,,,,-9999.0,-9999.0
USC00043491,1916,2,12,,,0.0,0.0,-9999.0,167.0,44.0,,,,,,,,-9999.0,-9999.0
USC00043491,1916,2,13,,,0.0,0.0,-9999.0,183.0,111.0,,,,,,,,-9999.0,-9999.0
USC00043491,1916,2,14,,,0.0,0.0,-9999.0,200.0,139.0,,,,,,,,-9999.0,-9999.0
USC00043491,1916,2,15,,,0.0,0.0,-9999.0,222.0,111.0,,,,,,,,-9999.0,-9999.0
USC00043491,1916,2,16,,,0.0,0.0,-9999.0,222.0,89.0,,,,,,,,-9999.0,-9999.0
USC00043491,1916,2,17,,,0.0,0.0,-9999.0,217.0,94.0,,,,,,,,-9999.0,-9999.0
USC00043491,1916,2,18,,,0.0,0.0,-9999.0,222.0,100.0,,,,,,,,-9999.0,-9999.0
USC00043491,1916,2,19,,,0.0,0.0,-9999.0,244.0,100.0,,,,,,,,-9999.0,-9999.0
USC00043491,1916,2,2,,,0.0,0.0,533.0,83.0,-11.0,,,,,,,,-9999.0,-9999.0
USC00043491,1916,2,20,,,0.0,0.0,-9999.0,233.0,89.0,,,,,,,,-9999.0,-9999.0
USC00043491,1916,2,21,,,10.0,0.0,-9999.0,211.0,50.0,,,,,,,,1.0,-9999.0
USC00043491,1916,2,22,,,5.0,0.0,-9999.0,100.0,44.0,,,,,,,,-9999.0,-9999.0
USC00043491,1916,2,23,,,0.0,0.0,-9999.0,144.0,39.0,,,,,,,,-9999.0,-9999.0
USC00043491,1916,2,24,,,0.0,0.0,-9999.0,161.0,56.0,,,,,,,,-9999.0,-9999.0
USC00043491,1916,2,25,,,0.0,0.0,-9999.0,200.0,72.0,,,,,,,,-9999.0,-9999.0
USC00043491,1916,2,26,,,5.0,0.0,-9999.0,217.0,56.0,,,,,,,,-9999.0,-9999.0
USC00043491,1916,2,27,,,20.0,0.0,-9999.0,100.0,28.0,,,,,,,,-9999.0,-9999.0
USC00043491,1916,2,28,,,254.0,0.0,-9999.0,122.0,44.0,,,,,,,,-9999.0,-9999.0
USC00043491,1916,2,29,,,13.0,0.0,-9999.0,100.0,0.0,,,,,,,,-9999.0,-9999.0
USC00043491,1916,2,3,,,15.0,0.0,508.0,50.0,0.0,,,,,,,,1.0,-9999.0
USC00043491,1916,2,30,,,-9999.0,-9999.0,-9999.0,-9999.0,-9999.0,,,,,,,,-9999.0,-9999.0
USC00043491,1916,2,31,,,-9999.0,-9999.0,-9999.0,-9999.0,-9999.0,,,,,,,,-9999.0,-9999.0
USC00043491,1916,2,4,,,264.0,25.0,483.0,33.0,0.0,,,,,,,,-9999.0,1.0
USC00043491,1916,2,5,,,264.0,0.0,457.0,33.0,6.0,,,,,,,,1.0,-9999.0
USC00043491,1916,2,6,,,23.0,0.0,381.0,56.0,33.0,,,,,,,,1.0,-9999.0
USC00043491,1916,2,7,,,5.0,0.0,-9999.0,89.0,39.0,,,,,,,,1.0,-9999.0
USC00043491,1916,2,8,,,13.0,0.0,-9999.0,78.0,39.0,,,,,,,,-9999.0,-9999.0
USC00043491,1916,2,9,,,0.0,0.0,-9999.0,122.0,39.0,,,,,,,,-9999.0,-9999.0
USC00043491,1916,3,1,,,152.0,152.0,,0.0,-17.0,,,,,,,,-9999.0,1.0
USC00043491,1916,3,10,,,0.0,0.0,,256.0,106.0,,,,,,,,-9999.0,-9999.0
USC00043491,1916,3,11,,,0.0,0.0,,289.0,122.0,,,,,,,,-9999.0,-9999.0
USC00043491,1916,3,12,,,0.0,0.0,,272.0,139.0,,,,,,,,-9999.0,-9999.0
USC00043491,1916,3,13,,,0.0,0.0,,244.0,94.0,,,,,,,,-9999.0,-9999.0
USC00043491,1916,3,14,,,0.0,0.0,,239.0,106.0,,,,,,,,-9999.0,-9999.0
USC00043491,1916,3,15,,,0.0,0.0,,250.0,117.0,,,,,,,,-9999.0,-9999.0
USC00043491,1916,3,16,,,0.0,0.0,,244.0,117.0,,,,,,,,-9999.0,-9999.0
USC00043491,1916,3,17,,,0.0,0.0,,239.0,111.0,,,,,,,,-9999.0,-9999.0
USC00043491,1916,3,18,,,0.0,0.0,,72.0,44.0,,,,,,,,-9999.0,-9999.0
USC00043491,1916,3,19,,,0.0,0.0,,89.0,33.0,,,,,,,,-9999.0,-9999.0
USC00043491,1916,3,2,,,0.0,0.0,,39.0,-22.0,,,,,,,,-9999.0,-9999.0
USC00043491,1916,3,20,,,635.0,0.0,,72.0,50.0,,,,,,,,-9999.0,-9999.0
USC00043491,1916,3,21,,,102.0,0.0,,122.0,33.0,,,,,,,,-9999.0,-9999.0
USC00043491,1916,3,22,,,0.0,0.0,,44.0,39.0,,,,,,,,-9999.0,-9999.0
USC00043491,1916,3,23,,,64.0,25.0,,78.0,-11.0,,,,,,,,-9999.0,-9999.0
USC00043491,1916,3,24,,,0.0,0.0,,122.0,-33.0,,,,,,,,-9999.0,-9999.0
USC00043491,1916,3,25,,,0.0,0.0,,183.0,22.0,,,,,,,,-9999.0,-9999.0
USC00043491,1916,3,26,,,0.0,0.0,,167.0,83.0,,,,,,,,-9999.0,-9999.0
USC00043491,1916,3,27,,,0.0,0.0,,161.0,72.0,,,,,,,,-9999.0,-9999.0
USC00043491,1916,3,28,,,0.0,0.0,,178.0,56.0,,,,,,,,-9999.0,-9999.0
USC00043491,1916,3,29,,,0.0,0.0,,211.0,78.0,,,,,,,,-9999.0,-9999.0
USC00043491,1916,3,3,,,0.0,0.0,,72.0,-17.0,,,,,,,,-9999.0,-9999.0
USC00043491,1916,3,30,,,0.0,0.0,,194.0,67.0,,,,,,,,-9999.0,-9999.0
USC00043491,1916,3,31,,,0.0,0.0,,211.0,89.0,,,,,,,,-9999.0,-9999.0
USC00043491,1916,3,4,,,0.0,0.0,,83.0,33.0,,,,,,,,-9999.0,-9999.0
USC00043491,1916,3,5,,,508.0,0.0,,56.0,11.0,,,,,,,,1.0,-9999.0
USC00043491,1916,3,6,,,0.0,0.0,,50.0,-11.0,,,,,,,,-9999.0,-9999.0
USC00043491,1916,3,7,,,0.0,0.0,,111.0,17.0,,,,,,,,-9999.0,-9999.0
USC00043491,1916,3,8,,,0.0,0.0,,178.0,28.0,,,,,,,,-9999.0,-9999.0
USC00043491,1916,3,9,,,0.0,0.0,,244.0,67.0,,,,,,,,-9999.0,-9999.0
USC00043491,1916,4,1,,,0.0,,,178.0,94.0,,,,,,,,,
USC00043491,1916,4,10,,,5.0,,,211.0,111.0,,,,,,,,,
USC00043491,1916,4,11,,,0.0,,,89.0,50.0,,,,,,,,,
USC00043491,1916,4,12,,,0.0,,,178.0,33.0,,,,,,,,,
USC00043491,1916,4,13,,,0.0,,,233.0,72.0,,,,,,,,,
USC00043491,1916,4,14,,,0.0,,,217.0,100.0,,,,,,,,,
USC00043491,1916,4,15,,,0.0,,,222.0,78.0,,,,,,,,,
USC00043491,1916,4,16,,,0.0,,,189.0,89.0,,,,,,,,,
USC00043491,1916,4,17,,,10.0,,,178.0,67.0,,,,,,,,,
USC00043491,1916,4,18,,,0.0,,,144.0,39.0,,,,,,,,,
USC00043491,1916,4,19,,,0.0,,,178.0,22.0,,,,,,,,,
USC00043491,1916,4,2,,,0.0,,,189.0,89.0,,,,,,,,,
USC00043491,1916,4,20,,,0.0,,,206.0,78.0,,,,,,,,,
USC00043491,1916,4,21,,,0.0,,,178.0,100.0,,,,,,,,,
USC00043491,1916,4,22,,,0.0,,,211.0,72.0,,,,,,,,,
USC00043491,1916,4,23,,,0.0,,,200.0,89.0,,,,,,,,,
USC00043491,1916,4,24,,,0.0,,,222.0,94.0,,,,,,,,,
USC00043491,1916,4,25,,,0.0,,,222.0,83.0,,,,,,,,,
USC00043491,1916,4,26,,,0.0,,,233.0,89.0,,,,,,,,,
USC00043491,1916,4,27,,,0.0,,,194.0,78.0,,,,,,,,,
USC00043491,1916,4,28,,,0.0,,,200.0,67.0,,,,,,,,,
USC00043491,1916,4,29,,,0.0,,,233.0,72.0,,,,,,,,,
USC00043491,1916,4,3,,,0.0,,,183.0,89.0,,,,,,,,,
USC00043491,1916,4,30,,,0.0,,,256.0,128.0,,,,,,,,,
USC00043491,1916,4,31,,,-9999.0,,,-9999.0,-9999.0,,,,,,,,,
USC00043491,1916,4,4,,,0.0,,,189.0,67.0,,,,,,,,,
USC00043491,1916,4,5,,,0.0,,,183.0,78.0,,,,,,,,,
USC00043491,1916,4,6,,,0.0,,,222.0,94.0,,,,,,,,,
USC00043491,1916,4,7,,,0.0,,,222.0,94.0,,,,,,,,,
USC00043491,1916,4,8,,,0.0,,,189.0,122.0,,,,,,,,,
USC00043491,1916,4,9,,,0.0,,,244.0,100.0,,,,,,,,,
USC00043491,1916,5,1,,,0.0,0.0,,244.0,139.0,,,,,,,,,
USC00043491,1916,5,10,,,0.0,0.0,,200.0,83.0,,,,,,,,,
USC00043491,1916,5,11,,,0.0,0.0,,200.0,89.0,,,,,,,,,
USC00043491,1916,5,12,,,0.0,0.0,,200.0,89.0,,,,,,,,,
USC00043491,1916,5,13,,,0.0,0.0,,206.0,83.0,,,,,,,,,
USC00043491,1916,5,14,,,0.0,0.0,,222.0,94.0,,,,,,,,,
USC00043491,1916,5,15,,,0.0,0.0,,233.0,111.0,,,,,,,,,
USC00043491,1916,5,16,,,0.0,0.0,,217.0,128.0,,,,,,,,,
USC00043491,1916,5,17,,,0.0,0.0,,206.0,100.0,,,,,,,,,
USC00043491,1916,5,18,,,76.0,0.0,,161.0,72.0,,,,,,,,,
USC00043491,1916,5,19,,,0.0,0.0,,200.0,44.0,,,,,,,,,
USC00043491,1916,5,2,,,0.0,0.0,,261.0,133.0,,,,,,,,,
USC00043491,1916,5,20,,,0.0,0.0,,211.0,94.0,,,,,,,,,
USC00043491,1916,5,21,,,0.0,0.0,,200.0,61.0,,,,,,,,,
USC00043491,1916,5,22,,,0.0,0.0,,211.0,100.0,,,,,,,,,
USC00043491,1916,5,23,,,0.0,0.0,,278.0,44.0,,,,,,,,,
USC00043491,1916,5,24,,,0.0,0.0,,211.0,44.0,,,,,,,,,
USC00043491,1916,5,25,,,0.0,0.0,,100.0,17.0,,,,,,,,,
USC00043491,1916,5,26,,,0.0,0.0,,233.0,44.0,,,,,,,,,
USC00043491,1916,5,27,,,0.0,0.0,,267.0,122.0,,,,,,,,,
USC00043491,1916,5,28,,,0.0,0.0,,228.0,0.0,,,,,,,,,
USC00043491,1916,5,29,,,0.0,0.0,,239.0,11.0,,,,,,,,,
USC00043491,1916,5,3,,,0.0,0.0,,261.0,128.0,,,,,,,,,
USC00043491,1916,5,30,,,0.0,0.0,,256.0,67.0,,,,,,,,,
USC00043491,1916,5,31,,,0.0,0.0,,183.0,61.0,,,,,,,,,
USC00043491,1916,5,4,,,0.0,0.0,,267.0,144.0,,,,,,,,,
USC00043491,1916,5,5,,,312.0,0.0,,222.0,178.0,,,,,,,,,
USC00043491,1916,5,6,,,0.0,0.0,,167.0,67.0,,,,,,,,,
USC00043491,1916,5,7,,,0.0,0.0,,183.0,56.0,,,,,,,,,
USC00043491,1916,5,8,,,0.0,0.0,,156.0,44.0,,,,,,,,,
USC00043491,1916,5,9,,,0.0,0.0,,211.0,78.0,,,,,,,,,
USC00043491,1916,6,1,,,0.0,,,178.0,56.0,,,,,,,,,
USC00043491,1916,6,10,,,0.0,,,267.0,117.0,,,,,,,,,
USC00043491,1916,6,11,,,0.0,,,289.0,144.0,,,,,,,,,
USC00043491,1916,6,12,,,0.0,,,289.0,156.0,,,,,,,,,
USC00043491,1916,6,13,,,0.0,,,283.0,167.0,,,,,,,,,
USC00043491,1916,6,14,,,0.0,,,300.0,167.0,,,,,,,,,
USC00043491,1916,6,15,,,0.0,,,322.0,178.0,,,,,,,,,
USC00043491,1916,6,16,,,0.0,,,328.0,178.0,,,,,,,,,
USC00043491,1916,6,17,,,0.0,,,322.0,139.0,,,,,,,,,
USC00043491,1916,6,18,,,0.0,,,244.0,78.0,,,,,,,,,
USC00043491,1916,6,19,,,0.0,,,250.0,78.0,,,,,,,,,
USC00043491,1916,6,2,,,0.0,,,189.0,83.0,,,,,,,,,
USC00043491,1916,6,20,,,0.0,,,239.0,94.0,,,,,,,,,
USC00043491,1916,6,21,,,0.0,,,211.0,72.0,,,,,,,,,
USC00043491,1916,6,22,,,0.0,,,211.0,100.0,,,,,,,,,
USC00043491,1916,6,23,,,0.0,,,278.0,144.0,,,,,,,,,
USC00043491,1916,6,24,,,0.0,,,289.0,133.0,,,,,,,,,
USC00043491,1916,6,25,,,0.0,,,244.0,106.0,,,,,,,,,
USC00043491,1916,6,26,,,0.0,,,250.0,111.0,,,,,,,,,
USC00043491,1916,6,27,,,0.0,,,239.0,111.0,,,,,,,,,
USC00043491,1916,6,28,,,0.0,,,189.0,50.0,,,,,,,,,
USC00043491,1916,6,29,,,0.0,,,200.0,67.0,,,,,,,,,
USC00043491,1916,6,3,,,0.0,,,206.0,139.0,,,,,,,,,
USC00043491,1916,6,30,,,0.0,,,239.0,100.0,,,,,,,,,
USC00043491,1916,6,31,,,-9999.0,,,-9999.0,-9999.0,,,,,,,,,
USC00043491,1916,6,4,,,0.0,,,239.0,128.0,,,,,,,,,
USC00043491,1916,6,5,,,0.0,,,267.0,139.0,,,,,,,,,
USC00043491,1916,6,6,,,0.0,,,283.0,172.0,,,,,,,,,
USC00043491,1916,6,7,,,0.0,,,322.0,189.0,,,,,,,,,
USC00043491,1916,6,8,,,0.0,,,322.0,178.0,,,,,,,,,
USC00043491,1916,6,9,,,0.0,,,289.0,100.0,,,,,,,,,
USC00043491,1916,7,1,,,127.0,,,172.0,117.0,,,,,,,,,
USC00043491,1916,7,10,,,0.0,,,300.0,133.0,,,,,,,,,
USC00043491,1916,7,11,,,0.0,,,339.0,194.0,,,,,,,,,
USC00043491,1916,7,12,,,0.0,,,344.0,211.0,,,,,,,,,
USC00043491,1916,7,13,,,0.0,,,350.0,183.0,,,,,,,,,
USC00043491,1916,7,14,,,0.0,,,322.0,189.0,,,,,,,,,
USC00043491,1916,7,15,,,0.0,,,294.0,167.0,,,,,,,,,
USC00043491,1916,7,16,,,0.0,,,294.0,139.0,,,,,,,,,
USC00043491,1916,7,17,,,0.0,,,294.0,117.0,,,,,,,,,
USC00043491,1916,7,18,,,0.0,,,272.0,133.0,,,,,,,,,
USC00043491,1916,7,19,,,0.0,,,306.0,178.0,,,,,,,,,
USC00043491,1916,7,2,,,0.0,,,194.0,100.0,,,,,,,,,
USC00043491,1916,7,20,,,0.0,,,328.0,183.0,,,,,,,,,
USC00043491,1916,7,21,,,0.0,,,339.0,206.0,,,,,,,,,
USC00043491,1916,7,22,,,0.0,,,350.0,206.0,,,,,,,,,
USC00043491,1916,7,23,,,0.0,,,350.0,222.0,,,,,,,,,
USC00043491,1916,7,24,,,0.0,,,361.0,206.0,,,,,,,,,
USC00043491,1916,7,25,,,0.0,,,339.0,183.0,,,,,,,,,
USC00043491,1916,7,26,,,0.0,,,311.0,128.0,,,,,,,,,
USC00043491,1916,7,27,,,0.0,,,239.0,122.0,,,,,,,,,
USC00043491,1916,7,28,,,0.0,,,272.0,167.0,,,,,,,,,
USC00043491,1916,7,29,,,0.0,,,278.0,161.0,,,,,,,,,
USC00043491,1916,7,3,,,0.0,,,200.0,72.0,,,,,,,,,
USC00043491,1916,7,30,,,0.0,,,300.0,156.0,,,,,,,,,
USC00043491,1916,7,31,,,0.0,,,311.0,133.0,,,,,,,,,
USC00043491,1916,7,4,,,0.0,,,267.0,89.0,,,,,,,,,
USC00043491,1916,7,5,,,0.0,,,294.0,111.0,,,,,,,,,
USC00043491,1916,7,6,,,0.0,,,294.0,150.0,,,,,,,,,
USC00043491,1916,7,7,,,0.0,,,311.0,161.0,,,,,,,,,
USC00043491,1916,7,8,,,0.0,,,300.0,144.0,,,,,,,,,
USC00043491,1916,7,9,,,0.0,,,294.0,139.0,,,,,,,,,
USC00043491,1916,8,1,,,,,,311.0,178.0,,,,,,,,,
USC00043491,1916,8,10,,,,,,272.0,144.0,,,,,,,,,
USC00043491,1916,8,11,,,,,,278.0,144.0,,,,,,,,,
USC00043491,1916,8,12,,,,,,261.0,144.0,,,,,,,,,
USC00043491,1916,8,13,,,,,,256.0,133.0,,,,,,,,,
USC00043491,1916,8,14,,,,,,267.0,128.0,,,,,,,,,
USC00043491,1916,8,15,,,,,,200.0,111.0,,,,,,,,,
USC00043491,1916,8,16,,,,,,244.0,133.0,,,,,,,,,
USC00043491,1916,8,17,,,,,,267.0,128.0,,,,,,,,,
USC00043491,1916,8,18,,,,,,200.0,94.0,,,,,,,,,
USC00043491,1916,8,19,,,,,,239.0,111.0,,,,,,,,,
USC00043491,1916,8,2,,,,,,333.0,183.0,,,,,,,,,
USC00043491,1916,8,20,,,,,,300.0,111.0,,,,,,,,,
USC00043491,1916,8,21,,,,,,300.0,111.0,,,,,,,,,
USC00043491,1916,8,22,,,,,,322.0,178.0,,,,,,,,,
USC00043491,1916,8,23,,,,,,339.0,183.0,,,,,,,,,
USC00043491,1916,8,24,,,,,,339.0,189.0,,,,,,,,,
USC00043491,1916,8,25,,,,,,361.0,206.0,,,,,,,,,
USC00043491,1916,8,26,,,,,,333.0,217.0,,,,,,,,,
USC00043491,1916,8,27,,,,,,328.0,200.0,,,,,,,,,
USC00043491,1916,8,28,,,,,,333.0,178.0,,,,,,,,,
USC00043491,1916,8,29,,,,,,294.0,178.0,,,,,,,,,
USC00043491,1916,8,3,,,,,,339.0,194.0,,,,,,,,,
USC00043491,1916,8,30,,,,,,356.0,178.0,,,,,,,,,
USC00043491,1916,8,31,,,,,,311.0,178.0,,,,,,,,,
USC00043491,1916,8,4,,,,,,344.0,183.0,,,,,,,,,
USC00043491,1916,8,5,,,,,,311.0,172.0,,,,,,,,,
USC00043491,1916,8,6,,,,,,317.0,178.0,,,,,,,,,
USC00043491,1916,8,7,,,,,,311.0,167.0,,,,,,,,,
USC00043491,1916,8,8,,,,,,294.0,183.0,,,,,,,,,
USC00043491,1916,8,9,,,,,,256.0,128.0,,,,,,,,,
USC00043491,1916,9,1,,,0.0,,,306.0,150.0,,,,,,,,,
USC00043491,1916,9,10,,,0.0,,,283.0,139.0,,,,,,,,,
USC00043491,1916,9,11,,,0.0,,,283.0,139.0,,,,,,,,,
USC00043491,1916,9,12,,,0.0,,,294.0,161.0,,,,,,,,,
USC00043491,1916,9,13,,,0.0,,,267.0,156.0,,,,,,,,,
USC00043491,1916,9,14,,,0.0,,,306.0,167.0,,,,,,,,,
USC00043491,1916,9,15,,,0.0,,,311.0,178.0,,,,,,,,,
USC00043491,1916,9,16,,,0.0,,,294.0,189.0,,,,,,,,,
USC00043491,1916,9,17,,,0.0,,,300.0,156.0,,,,,,,,,
USC00043491,1916,9,18,,,0.0,,,311.0,139.0,,,,,,,,,
USC00043491,1916,9,19,,,0.0,,,283.0,167.0,,,,,,,,,
USC00043491,1916,9,2,,,0.0,,,283.0,100.0,,,,,,,,,
USC00043491,1916,9,20,,,0.0,,,300.0,167.0,,,,,,,,,
USC00043491,1916,9,21,,,0.0,,,306.0,167.0,,,,,,,,,
USC00043491,1916,9,22,,,157.0,,,289.0,106.0,,,,,,,,,
USC00043491,1916,9,23,,,5.0,,,144.0,83.0,,,,,,,,,
USC00043491,1916,9,24,,,0.0,,,194.0,100.0,,,,,,,,,
USC00043491,1916,9,25,,,0.0,,,222.0,122.0,,,,,,,,,
USC00043491,1916,9,26,,,0.0,,,283.0,139.0,,,,,,,,,
USC00043491,1916,9,27,,,0.0,,,267.0,161.0,,,,,,,,,
USC00043491,1916,9,28,,,0.0,,,294.0,172.0,,,,,,,,,
USC00043491,1916,9,29,,,0.0,,,294.0,144.0,,,,,,,,,
USC00043491,1916,9,3,,,0.0,,,267.0,100.0,,,,,,,,,
USC00043491,1916,9,30,,,91.0,,,211.0,44.0,,,,,,,,,
USC00043491,1916,9,31,,,-9999.0,,,-9999.0,-9999.0,,,,,,,,,
USC00043491,1916,9,4,,,0.0,,,244.0,122.0,,,,,,,,,
USC00043491,1916,9,5,,,0.0,,,267.0,133.0,,,,,,,,,
USC00043491,1916,9,6,,,0.0,,,256.0,122.0,,,,,,,,,
USC00043491,1916,9,7,,,0.0,,,261.0,128.0,,,,,,,,,
USC00043491,1916,9,8,,,0.0,,,244.0,117.0,,,,,,,,,
USC00043491,1916,9,9,,,0.0,,,261.0,117.0,,,,,,,,,
USC00043491,1916,10,1,,,89.0,,,200.0,33.0,,,,,,,,,
USC00043491,1916,10,10,,,0.0,,,117.0,78.0,,,,,,,,,
USC00043491,1916,10,11,,,0.0,,,128.0,44.0,,,,,,,,,
USC00043491,1916,10,12,,,0.0,,,211.0,56.0,,,,,,,,,
USC00043491,1916,10,13,,,0.0,,,239.0,106.0,,,,,,,,,
USC00043491,1916,10,14,,,0.0,,,244.0,111.0,,,,,,,,,
USC00043491,1916,10,15,,,0.0,,,222.0,94.0,,,,,,,,,
USC00043491,1916,10,16,,,0.0,,,256.0,122.0,,,,,,,,,
USC00043491,1916,10,17,,,0.0,,,217.0,50.0,,,,,,,,,
USC00043491,1916,10,18,,,0.0,,,244.0,44.0,,,,,,,,,
USC00043491,1916,10,19,,,0.0,,,222.0,50.0,,,,,,,,,
USC00043491,1916,10,2,,,127.0,,,94.0,17.0,,,,,,,,,
USC00043491,1916,10,20,,,0.0,,,228.0,33.0,,,,,,,,,
USC00043491,1916,10,21,,,0.0,,,228.0,50.0,,,,,,,,,
USC00043491,1916,10,22,,,0.0,,,244.0,33.0,,,,,,,,,
USC00043491,1916,10,23,,,0.0,,,189.0,39.0,,,,,,,,,
USC00043491,1916,10,24,,,0.0,,,239.0,11.0,,,,,,,,,
USC00043491,1916,10,25,,,0.0,,,250.0,56.0,,,,,,,,,
USC00043491,1916,10,26,,,0.0,,,244.0,39.0,,,,,,,,,
USC00043491,1916,10,27,,,0.0,,,233.0,39.0,,,,,,,,,
USC00043491,1916,10,28,,,0.0,,,167.0,44.0,,,,,,,,,
USC00043491,1916,10,29,,,0.0,,,183.0,39.0,,,,,,,,,
USC00043491,1916,10,3,,,20.0,,,89.0,-6.0,,,,,,,,,
USC00043491,1916,10,30,,,0.0,,,211.0,44.0,,,,,,,,,
USC00043491,1916,10,31,,,0.0,,,200.0,33.0,,,,,,,,,
USC00043491,1916,10,4,,,0.0,,,122.0,0.0,,,,,,,,,
USC00043491,1916,10,5,,,0.0,,,167.0,83.0,,,,,,,,,
USC00043491,1916,10,6,,,312.0,,,89.0,39.0,,,,,,,,,
USC00043491,1916,10,7,,,23.0,,,128.0,33.0,,,,,,,,,
USC00043491,1916,10,8,,,18.0,,,139.0,44.0,,,,,,,,,
USC00043491,1916,10,9,,,20.0,,,139.0,67.0,,,,,,,,,
USC00043491,1916,11,1,,,0.0,-9999.0,-9999.0,267.0,72.0,,,,,,,,,
USC00043491,1916,11,10,,,0.0,-9999.0,-9999.0,267.0,44.0,,,,,,,,,
USC00043491,1916,11,11,,,0.0,-9999.0,-9999.0,128.0,6.0,,,,,,,,,
USC00043491,1916,11,12,,,0.0,-9999.0,-9999.0,128.0,-78.0,,,,,,,,,
USC00043491,1916,11,13,,,0.0,-9999.0,-9999.0,200.0,-78.0,,,,,,,,,
USC00043491,1916,11,14,,,0.0,-9999.0,-9999.0,189.0,-78.0,,,,,,,,,
USC00043491,1916,11,15,,,0.0,-9999.0,-9999.0,200.0,-22.0,,,,,,,,,
USC00043491,1916,11,16,,,0.0,-9999.0,-9999.0,222.0,0.0,,,,,,,,,
USC00043491,1916,11,17,,,0.0,-9999.0,-9999.0,222.0,0.0,,,,,,,,,
USC00043491,1916,11,18,,,0.0,-9999.0,-9999.0,211.0,0.0,,,,,,,,,
USC00043491,1916,11,19,,,0.0,-9999.0,-9999.0,206.0,-11.0,,,,,,,,,
USC00043491,1916,11,2,,,0.0,-9999.0,-9999.0,256.0,61.0,,,,,,,,,
USC00043491,1916,11,20,,,0.0,-9999.0,-9999.0,200.0,0.0,,,,,,,,,
USC00043491,1916,11,21,,,0.0,-9999.0,-9999.0,189.0,22.0,,,,,,,,,
USC00043491,1916,11,22,,,0.0,-9999.0,-9999.0,222.0,44.0,,,,,,,,,
USC00043491,1916,11,23,,,0.0,-9999.0,-9999.0,200.0,33.0,,,,,,,,,
USC00043491,1916,11,24,,,0.0,-9999.0,-9999.0,189.0,-22.0,,,,,,,,,
USC00043491,1916,11,25,,,0.0,-9999.0,-9999.0,211.0,22.0,,,,,,,,,
USC00043491,1916,11,26,,,0.0,-9999.0,-9999.0,217.0,28.0,,,,,,,,,
USC00043491,1916,11,27,,,508.0,-9999.0,-9999.0,222.0,33.0,,,,,,,,,
USC00043491,1916,11,28,,,33.0,-9999.0,-9999.0,200.0,44.0,,,,,,,,,
USC00043491,1916,11,29,,,0.0,-9999.0,-9999.0,189.0,-33.0,,,,,,,,,
USC00043491,1916,11,3,,,0.0,-9999.0,-9999.0,211.0,44.0,,,,,,,,,
USC00043491,1916,11,30,,,0.0,-9999.0,-9999.0,194.0,-11.0,,,,,,,,,
USC00043491,1916,11,31,,,-9999.0,-9999.0,-9999.0,-9999.0,-9999.0,,,,,,,,,
USC00043491,1916,11,4,,,457.0,102.0,51.0,222.0,0.0,,,,,,,,,
USC00043491,1916,11,5,,,18.0,25.0,25.0,17.0,6.0,,,,,,,,,
USC00043491,1916,11,6,,,206.0,0.0,0.0,17.0,-111.0,,,,,,,,,
USC00043491,1916,11,7,,,0.0,-9999.0,-9999.0,200.0,0.0,,,,,,,,,
USC00043491,1916,11,8,,,0.0,-9999.0,-9999.0,211.0,17.0,,,,,,,,,
USC00043491,1916,11,9,,,0.0,-9999.0,-9999.0,211.0,33.0,,,,,,,,,
USC00043491,1916,12,1,,,0.0,0.0,-9999.0,183.0,17.0,,-9999.0,,,,,,-9999.0,-9999.0
USC00043491,1916,12,10,,,0.0,0.0,-9999.0,100.0,-22.0,,-9999.0,,,,,,-9999.0,-9999.0
USC00043491,1916,12,11,,,0.0,0.0,-9999.0,111.0,33.0,,-9999.0,,,,,,-9999.0,-9999.0
USC00043491,1916,12,12,,,0.0,0.0,-9999.0,278.0,50.0,,-9999.0,,,,,,-9999.0,-9999.0
USC00043491,1916,12,13,,,0.0,0.0,-9999.0,172.0,-17.0,,-9999.0,,,,,,-9999.0,-9999.0
USC00043491,1916,12,14,,,0.0,0.0,-9999.0,206.0,-17.0,,-9999.0,,,,,,-9999.0,-9999.0
USC00043491,1916,12,15,,,0.0,0.0,-9999.0,172.0,-22.0,,-9999.0,,,,,,-9999.0,-9999.0
USC00043491,1916,12,16,,,0.0,0.0,-9999.0,150.0,-17.0,,-9999.0,,,,,,-9999.0,-9999.0
USC00043491,1916,12,17,,,0.0,0.0,-9999.0,156.0,-22.0,,-9999.0,,,,,,-9999.0,-9999.0
USC00043491,1916,12,18,,,0.0,0.0,-9999.0,206.0,-11.0,,-9999.0,,,,,,-9999.0,-9999.0
USC00043491,1916,12,19,,,0.0,0.0,-9999.0,150.0,17.0,,-9999.0,,,,,,-9999.0,-9999.0
USC00043491,1916,12,2,,,478.0,0.0,-9999.0,128.0,17.0,,-9999.0,,,,,,1.0,-9999.0
USC00043491,1916,12,20,,,0.0,0.0,-9999.0,156.0,11.0,,1.0,,,,,,-9999.0,-9999.0
USC00043491,1916,12,21,,,0.0,0.0,-9999.0,144.0,-6.0,,-9999.0,,,,,,-9999.0,-9999.0
USC00043491,1916,12,22,,,114.0,0.0,-9999.0,56.0,-11.0,,-9999.0,,,,,,-9999.0,-9999.0
USC00043491,1916,12,23,,,15.0,0.0,-9999.0,17.0,-50.0,,-9999.0,,,,,,-9999.0,1.0
USC00043491,1916,12,24,,,541.0,305.0,305.0,33.0,-6.0,,-9999.0,,,,,,-9999.0,1.0
USC00043491,1916,12,25,,,0.0,0.0,-9999.0,0.0,-78.0,,-9999.0,,,,,,-9999.0,-9999.0
USC00043491,1916,12,26,,,127.0,0.0,-9999.0,-6.0,-61.0,,-9999.0,,,,,,1.0,-9999.0
USC00043491,1916,12,27,,,0.0,0.0,-9999.0,56.0,-67.0,,-9999.0,,,,,,-9999.0,-9999.0
USC00043491,1916,12,28,,,0.0,0.0,-9999.0,0.0,-56.0,,-9999.0,,,,,,-9999.0,-9999.0
USC00043491,1916,12,29,,,0.0,0.0,-9999.0,72.0,-39.0,,-9999.0,,,,,,-9999.0,-9999.0
USC00043491,1916,12,3,,,470.0,0.0,-9999.0,128.0,33.0,,-9999.0,,,,,,1.0,-9999.0
USC00043491,1916,12,30,,,0.0,0.0,-9999.0,56.0,-6.0,,-9999.0,,,,,,-9999.0,-9999.0
USC00043491,1916,12,31,,,0.0,0.0,-9999.0,33.0,-11.0,,-9999.0,,,,,,-9999.0,-9999.0
USC00043491,1916,12,4,,,640.0,0.0,-9999.0,100.0,17.0,,-9999.0,,,,,,1.0,-9999.0
USC00043491,1916,12,5,,,56.0,0.0,-9999.0,72.0,22.0,,-9999.0,,,,,,1.0,-9999.0
USC00043491,1916,12,6,,,213.0,0.0,-9999.0,67.0,-44.0,,-9999.0,,,,,,-9999.0,-9999.0
USC00043491,1916,12,7,,,0.0,0.0,-9999.0,67.0,-39.0,,-9999.0,,,,,,-9999.0,-9999.0
USC00043491,1916,12,8,,,0.0,0.0,-9999.0,89.0,-56.0,,-9999.0,,,,,,-9999.0,-9999.0
USC00043491,1916,12,9,,,0.0,0.0,-9999.0,72.0,-11.0,,-9999.0,,,,,,-9999.0,-9999.0
USC00043491,1917,1,1,,,0.0,-9999.0,305.0,89.0,-11.0,,,,,,,,,
USC00043491,1917,1,10,,,0.0,-9999.0,178.0,156.0,44.0,,,,,,,,,
USC00043491,1917,1,11,,,0.0,-9999.0,152.0,156.0,22.0,,,,,,,,,
USC00043491,1917,1,12,,,0.0,-9999.0,127.0,133.0,22.0,,,,,,,,,
USC00043491,1917,1,13,,,0.0,-9999.0,127.0,128.0,0.0,,,,,,,,,
USC00043491,1917,1,14,,,0.0,-9999.0,127.0,122.0,-56.0,,,,,,,,,
USC00043491,1917,1,15,,,0.0,-9999.0,127.0,6.0,-83.0,,,,,,,,,
USC00043491,1917,1,16,,,0.0,-9999.0,127.0,6.0,-83.0,,,,,,,,,
USC00043491,1917,1,17,,,0.0,-9999.0,127.0,0.0,-78.0,,,,,,,,,
USC00043491,1917,1,18,,,0.0,-9999.0,102.0,44.0,-50.0,,,,,,,,,
USC00043491,1917,1,19,,,0.0,-9999.0,76.0,133.0,-6.0,,,,,,,,,
USC00043491,1917,1,2,,,25.0,25.0,330.0,83.0,-17.0,,,,,,,,,
USC00043491,1917,1,20,,,0.0,-9999.0,51.0,117.0,-17.0,,,,,,,,,
USC00043491,1917,1,21,,,0.0,-9999.0,51.0,122.0,-22.0,,,,,,,,,
USC00043491,1917,1,22,,,0.0,-9999.0,51.0,122.0,-22.0,,,,,,,,,
USC00043491,1917,1,23,,,0.0,-9999.0,51.0,83.0,-17.0,,,,,,,,,
USC00043491,1917,1,24,,,0.0,-9999.0,51.0,122.0,-11.0,,,,,,,,,
USC00043491,1917,1,25,,,0.0,-9999.0,25.0,156.0,17.0,,,,,,,,,
USC00043491,1917,1,26,,,0.0,-9999.0,25.0,161.0,22.0,,,,,,,,,
USC00043491,1917,1,27,,,0.0,-9999.0,0.0,156.0,0.0,,,,,,,,,
USC00043491,1917,1,28,,,0.0,-9999.0,-9999.0,144.0,11.0,,,,,,,,,
USC00043491,1917,1,29,,,470.0,-9999.0,0.0,44.0,17.0,,,,,,,,,
USC00043491,1917,1,3,,,0.0,-9999.0,305.0,17.0,-11.0,,,,,,,,,
USC00043491,1917,1,30,,,330.0,-9999.0,-9999.0,44.0,11.0,,,,,,,,,
USC00043491,1917,1,31,,,89.0,-9999.0,-9999.0,44.0,-56.0,,,,,,,,,
USC00043491,1917,1,4,,,0.0,-9999.0,305.0,128.0,-6.0,,,,,,,,,
USC00043491,1917,1,5,,,279.0,25.0,330.0,122.0,11.0,,,,,,,,,
USC00043491,1917,1,6,,,0.0,-9999.0,305.0,100.0,-17.0,,,,,,,,,
USC00043491,1917,1,7,,,0.0,-9999.0,254.0,111.0,-22.0,,,,,,,,,
USC00043491,1917,1,8,,,0.0,-9999.0,229.0,100.0,-28.0,,,,,,,,,
USC00043491,1917,1,9,,,0.0,-9999.0,203.0,89.0,-17.0,,,,,,,,,
USC00043491,1917,2,1,,,-9999.0,-9999.0,0.0,61.0,-44.0,,,,,,,,-9999.0,-9999.0
USC00043491,1917,2,10,,,-9999.0,-9999.0,-9999.0,161.0,33.0,,,,,,,,-9999.0,-9999.0
USC00043491,1917,2,11,,,25.0,-9999.0,-9999.0,156.0,44.0,,,,,,,,-9999.0,-9999.0
USC00043491,1917,2,12,,,-9999.0,-9999.0,-9999.0,78.0,56.0,,,,,,,,-9999.0,-9999.0
USC00043491,1917,2,13,,,-9999.0,-9999.0,-9999.0,156.0,44.0,,,,,,,,-9999.0,-9999.0
USC00043491,1917,2,14,,,-9999.0,-9999.0,-9999.0,150.0,39.0,,,,,,,,-9999.0,-9999.0
USC00043491,1917,2,15,,,-9999.0,-9999.0,-9999.0,189.0,56.0,,,,,,,,-9999.0,-9999.0
USC00043491,1917,2,16,,,-9999.0,-9999.0,-9999.0,194.0,50.0,,,,,,,,-9999.0,-9999.0
USC00043491,1917,2,17,,,279.0,152.0,152.0,56.0,-6.0,,,,,,,,-9999.0,1.0
USC00043491,1917,2,18,,,102.0,102.0,254.0,72.0,-56.0,,,,,,,,-9999.0,-9999.0
USC00043491,1917,2,19,,,178.0,178.0,432.0,17.0,-72.0,,,,,,,,-9999.0,1.0
USC00043491,1917,2,2,,,-9999.0,-9999.0,-9999.0,111.0,-11.0,,,,,,,,-9999.0,-9999.0
USC00043491,1917,2,20,,,292.0,76.0,356.0,22.0,-33.0,,,,,,,,1.0,-9999.0
USC00043491,1917,2,21,,,381.0,-9999.0,254.0,39.0,-6.0,,,,,,,,1.0,-9999.0
USC00043491,1917,2,22,,,533.0,-9999.0,127.0,56.0,11.0,,,,,,,,1.0,-9999.0
USC00043491,1917,2,23,,,43.0,-9999.0,76.0,33.0,-6.0,,,,,,,,-9999.0,-9999.0
USC00043491,1917,2,24,,,521.0,-9999.0,51.0,67.0,11.0,,,,,,,,-9999.0,-9999.0
USC00043491,1917,2,25,,,516.0,-9999.0,0.0,72.0,39.0,,,,,,,,-9999.0,-9999.0
USC00043491,1917,2,26,,,191.0,127.0,127.0,61.0,-11.0,,,,,,,,-9999.0,1.0
USC00043491,1917,2,27,,,36.0,-9999.0,127.0,50.0,-17.0,,,,,,,,-9999.0,-9999.0
USC00043491,1917,2,28,,,-9999.0,-9999.0,51.0,78.0,-33.0,,,,,,,,-9999.0,-9999.0
USC00043491,1917,2,29,,,-9999.0,-9999.0,-9999.0,-9999.0,-9999.0,,,,,,,,-9999.0,-9999.0
USC00043491,1917,2,3,,,-9999.0,-9999.0,-9999.0,156.0,44.0,,,,,,,,-9999.0,-9999.0
USC00043491,1917,2,30,,,-9999.0,-9999.0,-9999.0,-9999.0,-9999.0,,,,,,,,-9999.0,-9999.0
USC00043491,1917,2,31,,,-9999.0,-9999.0,-9999.0,-9999.0,-9999.0,,,,,,,,-9999.0,-9999.0
USC00043491,1917,2,4,,,-9999.0,-9999.0,-9999.0,167.0,33.0,,,,,,,,-9999.0,-9999.0
USC00043491,1917,2,5,,,-9999.0,-9999.0,-9999.0,194.0,44.0,,,,,,,,-9999.0,-9999.0
USC00043491,1917,2,6,,,-9999.0,-9999.0,-9999.0,200.0,56.0,,,,,,,,-9999.0,-9999.0
USC00043491,1917,2,7,,,-9999.0,-9999.0,0.0,211.0,67.0,,,,,,,,-9999.0,-9999.0
USC00043491,1917,2,8,,,-9999.0,-9999.0,-9999.0,183.0,56.0,,,,,,,,-9999.0,-9999.0
USC00043491,1917,2,9,,,-9999.0,-9999.0,-9999.0,183.0,44.0,,,,,,,,-9999.0,-9999.0
USC00043491,1917,3,1,,,0.0,-9999.0,0.0,100.0,-22.0,,,,,,,,,-9999.0
USC00043491,1917,3,10,,,102.0,102.0,406.0,0.0,-22.0,,,,,,,,,1.0
USC00043491,1917,3,11,,,51.0,51.0,254.0,44.0,-44.0,,,,,,,,,-9999.0
USC00043491,1917,3,12,,,0.0,-9999.0,203.0,61.0,-61.0,,,,,,,,,-9999.0
USC00043491,1917,3,13,,,0.0,-9999.0,127.0,72.0,-39.0,,,,,,,,,-9999.0
USC00043491,1917,3,14,,,229.0,229.0,356.0,17.0,-33.0,,,,,,,,,-9999.0
USC00043491,1917,3,15,,,0.0,-9999.0,203.0,61.0,-50.0,,,,,,,,,-9999.0
USC00043491,1917,3,16,,,0.0,-9999.0,102.0,100.0,-44.0,,,,,,,,,-9999.0
USC00043491,1917,3,17,,,0.0,-9999.0,51.0,117.0,-22.0,,,,,,,,,-9999.0
USC00043491,1917,3,18,,,0.0,-9999.0,0.0,117.0,17.0,,,,,,,,,-9999.0
USC00043491,1917,3,19,,,0.0,-9999.0,-9999.0,128.0,17.0,,,,,,,,,-9999.0
USC00043491,1917,3,2,,,0.0,-9999.0,-9999.0,100.0,-28.0,,,,,,,,,-9999.0
USC00043491,1917,3,20,,,0.0,-9999.0,-9999.0,133.0,11.0,,,,,,,,,-9999.0
USC00043491,1917,3,21,,,38.0,-9999.0,0.0,156.0,22.0,,,,,,,,,-9999.0
USC00043491,1917,3,22,,,0.0,-9999.0,-9999.0,83.0,-28.0,,,,,,,,,-9999.0
USC00043491,1917,3,23,,,0.0,-9999.0,-9999.0,100.0,-22.0,,,,,,,,,-9999.0
USC00043491,1917,3,24,,,0.0,-9999.0,-9999.0,156.0,33.0,,,,,,,,,-9999.0
USC00043491,1917,3,25,,,0.0,-9999.0,-9999.0,167.0,44.0,,,,,,,,,-9999.0
USC00043491,1917,3,26,,,0.0,-9999.0,-9999.0,200.0,44.0,,,,,,,,,-9999.0
USC00043491,1917,3,27,,,0.0,-9999.0,-9999.0,183.0,72.0,,,,,,,,,-9999.0
USC00043491,1917,3,28,,,0.0,-9999.0,-9999.0,211.0,78.0,,,,,,,,,-9999.0
USC00043491,1917,3,29,,,0.0,-9999.0,-9999.0,206.0,83.0,,,,,,,,,-9999.0
USC00043491,1917,3,3,,,0.0,-9999.0,-9999.0,117.0,-17.0,,,,,,,,,-9999.0
USC00043491,1917,3,30,,,191.0,0.0,-9999.0,111.0,-11.0,,,,,,,,,-9999.0
USC00043491,1917,3,31,,,0.0,-9999.0,-9999.0,72.0,-22.0,,,,,,,,,-9999.0
USC00043491,1917,3,4,,,0.0,-9999.0,-9999.0,128.0,17.0,,,,,,,,,-9999.0
USC00043491,1917,3,5,,,0.0,-9999.0,-9999.0,122.0,39.0,,,,,,,,,-9999.0
USC00043491,1917,3,6,,,0.0,-9999.0,0.0,122.0,0.0,,,,,,,,,-9999.0
USC00043491,1917,3,7,,,0.0,-9999.0,-9999.0,128.0,17.0,,,,,,,,,-9999.0
USC00043491,1917,3,8,,,0.0,-9999.0,-9999.0,133.0,39.0,,,,,,,,,-9999.0
USC00043491,1917,3,9,,,305.0,305.0,305.0,78.0,-17.0,,,,,,,,,1.0
USC00043491,1917,4,1,,,0.0,-9999.0,,100.0,33.0,,,,,,,,,
USC00043491,1917,4,10,,,0.0,-9999.0,,100.0,-17.0,,,,,,,,,
USC00043491,1917,4,11,,,56.0,-9999.0,,133.0,17.0,,,,,,,,,
USC00043491,1917,4,12,,,470.0,-9999.0,,72.0,17.0,,,,,,,,,
USC00043491,1917,4,13,,,0.0,-9999.0,,128.0,28.0,,,,,,,,,
USC00043491,1917,4,14,,,33.0,-9999.0,,128.0,0.0,,,,,,,,,
USC00043491,1917,4,15,,,0.0,0.0,,83.0,-11.0,,,,,,,,,
USC00043491,1917,4,16,,,0.0,-9999.0,,56.0,-28.0,,,,,,,,,
USC00043491,1917,4,17,,,0.0,0.0,,100.0,-11.0,,,,,,,,,
USC00043491,1917,4,18,,,0.0,-9999.0,,61.0,-11.0,,,,,,,,,
USC00043491,1917,4,19,,,0.0,-9999.0,,117.0,0.0,,,,,,,,,
USC00043491,1917,4,2,,,28.0,-9999.0,,156.0,44.0,,,,,,,,,
USC00043491,1917,4,20,,,0.0,-9999.0,,161.0,44.0,,,,,,,,,
USC00043491,1917,4,21,,,0.0,-9999.0,,172.0,72.0,,,,,,,,,
USC00043491,1917,4,22,,,0.0,-9999.0,,200.0,83.0,,,,,,,,,
USC00043491,1917,4,23,,,406.0,-9999.0,,111.0,72.0,,,,,,,,,
USC00043491,1917,4,24,,,0.0,-9999.0,,200.0,83.0,,,,,,,,,
USC00043491,1917,4,25,,,0.0,-9999.0,,233.0,89.0,,,,,,,,,
USC00043491,1917,4,26,,,0.0,-9999.0,,233.0,111.0,,,,,,,,,
USC00043491,1917,4,27,,,0.0,-9999.0,,228.0,89.0,,,,,,,,,
USC00043491,1917,4,28,,,0.0,-9999.0,,211.0,72.0,,,,,,,,,
USC00043491,1917,4,29,,,0.0,-9999.0,,167.0,56.0,,,,,,,,,
USC00043491,1917,4,3,,,0.0,-9999.0,,144.0,28.0,,,,,,,,,
USC00043491,1917,4,30,,,0.0,-9999.0,,172.0,67.0,,,,,,,,,
USC00043491,1917,4,31,,,-9999.0,-9999.0,,-9999.0,-9999.0,,,,,,,,,
USC00043491,1917,4,4,,,0.0,-9999.0,,167.0,44.0,,,,,,,,,
USC00043491,1917,4,5,,,0.0,-9999.0,,211.0,89.0,,,,,,,,,
USC00043491,1917,4,6,,,0.0,-9999.0,,222.0,100.0,,,,,,,,,
USC00043491,1917,4,7,,,0.0,-9999.0,,233.0,89.0,,,,,,,,,
USC00043491,1917,4,8,,,267.0,-9999.0,,211.0,44.0,,,,,,,,,
USC00043491,1917,4,9,,,51.0,-9999.0,,72.0,-11.0,,,,,,,,,
USC00043491,1917,5,1,,,0.0,,,156.0,61.0,,,,,,,,,
USC00043491,1917,5,10,,,0.0,,,200.0,106.0,,,,,,,,,
USC00043491,1917,5,11,,,0.0,,,183.0,67.0,,,,,,,,,
USC00043491,1917,5,12,,,0.0,,,178.0,78.0,,,,,,,,,
USC00043491,1917,5,13,,,0.0,,,211.0,78.0,,,,,,,,,
USC00043491,1917,5,14,,,0.0,,,167.0,33.0,,,,,,,,,
USC00043491,1917,5,15,,,0.0,,,128.0,44.0,,,,,,,,,
USC00043491,1917,5,16,,,0.0,,,156.0,33.0,,,,,,,,,
USC00043491,1917,5,17,,,119.0,,,183.0,17.0,,,,,,,,,
USC00043491,1917,5,18,,,0.0,,,94.0,11.0,,,,,,,,,
USC00043491,1917,5,19,,,0.0,,,156.0,33.0,,,,,,,,,
USC00043491,1917,5,2,,,0.0,,,156.0,56.0,,,,,,,,,
USC00043491,1917,5,20,,,0.0,,,156.0,44.0,,,,,,,,,
USC00043491,1917,5,21,,,0.0,,,189.0,56.0,,,,,,,,,
USC00043491,1917,5,22,,,0.0,,,211.0,78.0,,,,,,,,,
USC00043491,1917,5,23,,,76.0,,,194.0,100.0,,,,,,,,,
USC00043491,1917,5,24,,,0.0,,,161.0,72.0,,,,,,,,,
USC00043491,1917,5,25,,,0.0,,,122.0,61.0,,,,,,,,,
USC00043491,1917,5,26,,,0.0,,,78.0,11.0,,,,,,,,,
USC00043491,1917,5,27,,,0.0,,,156.0,33.0,,,,,,,,,
USC00043491,1917,5,28,,,46.0,,,183.0,72.0,,,,,,,,,
USC00043491,1917,5,29,,,0.0,,,156.0,72.0,,,,,,,,,
USC00043491,1917,5,3,,,0.0,,,172.0,56.0,,,,,,,,,
USC00043491,1917,5,30,,,0.0,,,144.0,67.0,,,,,,,,,
USC00043491,1917,5,31,,,0.0,,,211.0,78.0,,,,,,,,,
USC00043491,1917,5,4,,,0.0,,,178.0,56.0,,,,,,,,,
USC00043491,1917,5,5,,,0.0,,,200.0,83.0,,,,,,,,,
USC00043491,1917,5,6,,,0.0,,,239.0,56.0,,,,,,,,,
USC00043491,1917,5,7,,,0.0,,,200.0,89.0,,,,,,,,,
USC00043491,1917,5,8,,,0.0,,,211.0,67.0,,,,,,,,,
USC00043491,1917,5,9,,,0.0,,,144.0,67.0,,,,,,,,,
USC00043491,1917,6,1,,,0.0,,,239.0,100.0,,,,,,,,,
USC00043491,1917,6,10,,,0.0,,,244.0,89.0,,,,,,,,,
USC00043491,1917,6,11,,,0.0,,,194.0,72.0,,,,,,,,,
USC00043491,1917,6,12,,,0.0,,,200.0,72.0,,,,,,,,,
USC00043491,1917,6,13,,,0.0,,,267.0,100.0,,,,,,,,,
USC00043491,1917,6,14,,,0.0,,,283.0,156.0,,,,,,,,,
USC00043491,1917,6,15,,,0.0,,,294.0,156.0,,,,,,,,,
USC00043491,1917,6,16,,,0.0,,,333.0,183.0,,,,,,,,,
USC00043491,1917,6,17,,,0.0,,,328.0,178.0,,,,,,,,,
USC00043491,1917,6,18,,,0.0,,,322.0,183.0,,,,,,,,,
USC00043491,1917,6,19,,,0.0,,,333.0,194.0,,,,,,,,,
USC00043491,1917,6,2,,,0.0,,,239.0,128.0,,,,,,,,,
USC00043491,1917,6,20,,,0.0,,,350.0,211.0,,,,,,,,,
USC00043491,1917,6,21,,,0.0,,,339.0,183.0,,,,,,,,,
USC00043491,1917,6,22,,,0.0,,,283.0,156.0,,,,,,,,,
USC00043491,1917,6,23,,,0.0,,,300.0,167.0,,,,,,,,,
USC00043491,1917,6,24,,,0.0,,,306.0,161.0,,,,,,,,,
USC00043491,1917,6,25,,,0.0,,,306.0,144.0,,,,,,,,,
USC00043491,1917,6,26,,,0.0,,,283.0,128.0,,,,,,,,,
USC00043491,1917,6,27,,,0.0,,,267.0,156.0,,,,,,,,,
USC00043491,1917,6,28,,,0.0,,,294.0,156.0,,,,,,,,,
USC00043491,1917,6,29,,,0.0,,,267.0,128.0,,,,,,,,,
USC00043491,1917,6,3,,,0.0,,,239.0,111.0,,,,,,,,,
USC00043491,1917,6,30,,,0.0,,,267.0,111.0,,,,,,,,,
USC00043491,1917,6,31,,,-9999.0,,,-9999.0,-9999.0,,,,,,,,,
USC00043491,1917,6,4,,,0.0,,,222.0,100.0,,,,,,,,,
USC00043491,1917,6,5,,,0.0,,,228.0,89.0,,,,,,,,,
USC00043491,1917,6,6,,,0.0,,,228.0,111.0,,,,,,,,,
USC00043491,1917,6,7,,,0.0,,,239.0,111.0,,,,,,,,,
USC00043491,1917,6,8,,,0.0,,,239.0,128.0,,,,,,,,,
USC00043491,1917,6,9,,,0.0,,,256.0,133.0,,,,,,,,,
USC00043491,1917,7,1,,,0.0,,,306.0,133.0,,,,,,,,,
USC00043491,1917,7,10,,,0.0,,,322.0,194.0,,,,,,,,,
USC00043491,1917,7,11,,,0.0,,,344.0,178.0,,,,,,,,,
USC00043491,1917,7,12,,,0.0,,,344.0,194.0,,,,,,,,,
USC00043491,1917,7,13,,,0.0,,,378.0,222.0,,,,,,,,,
USC00043491,1917,7,14,,,0.0,,,367.0,239.0,,,,,,,,,
USC00043491,1917,7,15,,,0.0,,,361.0,239.0,,,,,,,,,
USC00043491,1917,7,16,,,0.0,,,333.0,222.0,,,,,,,,,
USC00043491,1917,7,17,,,0.0,,,333.0,239.0,,,,,,,,,
USC00043491,1917,7,18,,,0.0,,,344.0,211.0,,,,,,,,,
USC00043491,1917,7,19,,,0.0,,,322.0,211.0,,,,,,,,,
USC00043491,1917,7,2,,,0.0,,,322.0,167.0,,,,,,,,,
USC00043491,1917,7,20,,,0.0,,,328.0,222.0,,,,,,,,,
USC00043491,1917,7,21,,,0.0,,,333.0,211.0,,,,,,,,,
USC00043491,1917,7,22,,,0.0,,,350.0,194.0,,,,,,,,,
USC00043491,1917,7,23,,,0.0,,,344.0,189.0,,,,,,,,,
USC00043491,1917,7,24,,,0.0,,,322.0,183.0,,,,,,,,,
USC00043491,1917,7,25,,,0.0,,,328.0,178.0,,,,,,,,,
USC00043491,1917,7,26,,,0.0,,,322.0,183.0,,,,,,,,,
USC00043491,1917,7,27,,,0.0,,,294.0,156.0,,,,,,,,,
USC00043491,1917,7,28,,,0.0,,,300.0,156.0,,,,,,,,,
USC00043491,1917,7,29,,,0.0,,,311.0,178.0,,,,,,,,,
USC00043491,1917,7,3,,,0.0,,,333.0,183.0,,,,,,,,,
USC00043491,1917,7,30,,,0.0,,,294.0,161.0,,,,,,,,,
USC00043491,1917,7,31,,,0.0,,,300.0,178.0,,,,,,,,,
USC00043491,1917,7,4,,,0.0,,,317.0,167.0,,,,,,,,,
USC00043491,1917,7,5,,,0.0,,,333.0,194.0,,,,,,,,,
USC00043491,1917,7,6,,,0.0,,,333.0,194.0,,,,,,,,,
USC00043491,1917,7,7,,,0.0,,,328.0,189.0,,,,,,,,,
USC00043491,1917,7,8,,,0.0,,,322.0,194.0,,,,,,,,,
USC00043491,1917,7,9,,,0.0,,,322.0,156.0,,,,,,,,,
USC00043491,1917,8,1,,,0.0,,,306.0,183.0,,,,,,,,,
USC00043491,1917,8,10,,,0.0,,,300.0,161.0,,,,,,,,,
USC00043491,1917,8,11,,,0.0,,,311.0,167.0,,,,,,,,,
USC00043491,1917,8,12,,,0.0,,,306.0,172.0,,,,,,,,,
USC00043491,1917,8,13,,,0.0,,,300.0,167.0,,,,,,,,,
USC00043491,1917,8,14,,,0.0,,,289.0,167.0,,,,,,,,,
USC00043491,1917,8,15,,,0.0,,,283.0,161.0,,,,,,,,,
USC00043491,1917,8,16,,,0.0,,,283.0,167.0,,,,,,,,,
USC00043491,1917,8,17,,,0.0,,,289.0,167.0,,,,,,,,,
USC00043491,1917,8,18,,,0.0,,,289.0,172.0,,,,,,,,,
USC00043491,1917,8,19,,,0.0,,,289.0,167.0,,,,,,,,,
USC00043491,1917,8,2,,,0.0,,,294.0,178.0,,,,,,,,,
USC00043491,1917,8,20,,,0.0,,,283.0,156.0,,,,,,,,,
USC00043491,1917,8,21,,,0.0,,,283.0,167.0,,,,,,,,,
USC00043491,1917,8,22,,,0.0,,,283.0,161.0,,,,,,,,,
USC00043491,1917,8,23,,,0.0,,,289.0,172.0,,,,,,,,,
USC00043491,1917,8,24,,,0.0,,,289.0,178.0,,,,,,,,,
USC00043491,1917,8,25,,,0.0,,,267.0,156.0,,,,,,,,,
USC00043491,1917,8,26,,,0.0,,,256.0,156.0,,,,,,,,,
USC00043491,1917,8,27,,,0.0,,,267.0,156.0,,,,,,,,,
USC00043491,1917,8,28,,,0.0,,,278.0,161.0,,,,,,,,,
USC00043491,1917,8,29,,,0.0,,,283.0,156.0,,,,,,,,,
USC00043491,1917,8,3,,,0.0,,,311.0,183.0,,,,,,,,,
USC00043491,1917,8,30,,,0.0,,,278.0,161.0,,,,,,,,,
USC00043491,1917,8,31,,,0.0,,,283.0,167.0,,,,,,,,,
USC00043491,1917,8,4,,,0.0,,,300.0,156.0,,,,,,,,,
USC00043491,1917,8,5,,,0.0,,,289.0,183.0,,,,,,,,,
USC00043491,1917,8,6,,,0.0,,,283.0,172.0,,,,,,,,,
USC00043491,1917,8,7,,,0.0,,,289.0,156.0,,,,,,,,,
USC00043491,1917,8,8,,,0.0,,,300.0,167.0,,,,,,,,,
USC00043491,1917,8,9,,,0.0,,,289.0,156.0,,,,,,,,,
USC00043491,1917,9,1,,,0.0,,,278.0,161.0,,,,,,,,,
USC00043491,1917,9,10,,,0.0,,,283.0,167.0,,,,,,,,,
USC00043491,1917,9,11,,,0.0,,,278.0,156.0,,,,,,,,,
USC00043491,1917,9,12,,,0.0,,,283.0,161.0,,,,,,,,,
USC00043491,1917,9,13,,,0.0,,,272.0,150.0,,,,,,,,,
USC00043491,1917,9,14,,,0.0,,,272.0,150.0,,,,,,,,,
USC00043491,1917,9,15,,,0.0,,,289.0,161.0,,,,,,,,,
USC00043491,1917,9,16,,,0.0,,,294.0,167.0,,,,,,,,,
USC00043491,1917,9,17,,,0.0,,,294.0,167.0,,,,,,,,,
USC00043491,1917,9,18,,,0.0,,,289.0,167.0,,,,,,,,,
USC00043491,1917,9,19,,,0.0,,,294.0,161.0,,,,,,,,,
USC00043491,1917,9,2,,,0.0,,,283.0,167.0,,,,,,,,,
USC00043491,1917,9,20,,,0.0,,,283.0,156.0,,,,,,,,,
USC00043491,1917,9,21,,,0.0,,,278.0,150.0,,,,,,,,,
USC00043491,1917,9,22,,,0.0,,,267.0,128.0,,,,,,,,,
USC00043491,1917,9,23,,,0.0,,,211.0,72.0,,,,,,,,,
USC00043491,1917,9,24,,,0.0,,,239.0,83.0,,,,,,,,,
USC00043491,1917,9,25,,,0.0,,,211.0,72.0,,,,,,,,,
USC00043491,1917,9,26,,,0.0,,,239.0,128.0,,,,,,,,,
USC00043491,1917,9,27,,,0.0,,,222.0,122.0,,,,,,,,,
USC00043491,1917,9,28,,,0.0,,,244.0,156.0,,,,,,,,,
USC00043491,1917,9,29,,,0.0,,,239.0,167.0,,,,,,,,,
USC00043491,1917,9,3,,,0.0,,,294.0,178.0,,,,,,,,,
USC00043491,1917,9,30,,,0.0,,,233.0,167.0,,,,,,,,,
USC00043491,1917,9,31,,,-9999.0,,,-9999.0,-9999.0,,,,,,,,,
USC00043491,1917,9,4,,,0.0,,,294.0,156.0,,,,,,,,,
USC00043491,1917,9,5,,,0.0,,,289.0,156.0,,,,,,,,,
USC00043491,1917,9,6,,,0.0,,,289.0,144.0,,,,,,,,,
USC00043491,1917,9,7,,,0.0,,,294.0,156.0,,,,,,,,,
USC00043491,1917,9,8,,,0.0,,,289.0,150.0,,,,,,,,,
USC00043491,1917,9,9,,,0.0,,,289.0,161.0,,,,,,,,,
USC00043491,1917,10,1,,,,,,211.0,156.0,,,,,,,,,
USC00043491,1917,10,10,,,,,,267.0,156.0,,,,,,,,,
USC00043491,1917,10,11,,,,,,272.0,161.0,,,,,,,,,
USC00043491,1917,10,12,,,,,,278.0,156.0,,,,,,,,,
USC00043491,1917,10,13,,,,,,267.0,161.0,,,,,,,,,
USC00043491,1917,10,14,,,,,,267.0,156.0,,,,,,,,,
USC00043491,1917,10,15,,,,,,267.0,144.0,,,,,,,,,
USC00043491,1917,10,16,,,,,,211.0,100.0,,,,,,,,,
USC00043491,1917,10,17,,,,,,217.0,111.0,,,,,,,,,
USC00043491,1917,10,18,,,,,,194.0,44.0,,,,,,,,,
USC00043491,1917,10,19,,,,,,211.0,61.0,,,,,,,,,
USC00043491,1917,10,2,,,,,,217.0,156.0,,,,,,,,,
USC00043491,1917,10,20,,,,,,244.0,83.0,,,,,,,,,
USC00043491,1917,10,21,,,,,,250.0,78.0,,,,,,,,,
USC00043491,1917,10,22,,,,,,256.0,94.0,,,,,,,,,
USC00043491,1917,10,23,,,,,,244.0,117.0,,,,,,,,,
USC00043491,1917,10,24,,,,,,239.0,128.0,,,,,,,,,
USC00043491,1917,10,25,,,,,,250.0,117.0,,,,,,,,,
USC00043491,1917,10,26,,,,,,244.0,111.0,,,,,,,,,
USC00043491,1917,10,27,,,,,,233.0,111.0,,,,,,,,,
USC00043491,1917,10,28,,,,,,239.0,100.0,,,,,,,,,
USC00043491,1917,10,29,,,,,,228.0,83.0,,,,,,,,,
USC00043491,1917,10,3,,,,,,228.0,161.0,,,,,,,,,
USC00043491,1917,10,30,,,,,,233.0,89.0,,,,,,,,,
USC00043491,1917,10,31,,,,,,233.0,83.0,,,,,,,,,
USC00043491,1917,10,4,,,,,,256.0,156.0,,,,,,,,,
USC00043491,1917,10,5,,,,,,256.0,167.0,,,,,,,,,
USC00043491,1917,10,6,,,,,,239.0,156.0,,,,,,,,,
USC00043491,1917,10,7,,,,,,233.0,156.0,,,,,,,,,
USC00043491,1917,10,8,,,,,,294.0,183.0,,,,,,,,,
USC00043491,1917,10,9,,,,,,267.0,167.0,,,,,,,,,
USC00043491,1917,11,1,,,-9999.0,,,228.0,83.0,,,,,,,,,
USC00043491,1917,11,10,,,38.0,,,128.0,28.0,,,,,,,,,
USC00043491,1917,11,11,,,279.0,,,150.0,6.0,,,,,,,,,
USC00043491,1917,11,12,,,-9999.0,,,161.0,11.0,,,,,,,,,
USC00043491,1917,11,13,,,-9999.0,,,178.0,17.0,,,,,,,,,
USC00043491,1917,11,14,,,-9999.0,,,189.0,28.0,,,,,,,,,
USC00043491,1917,11,15,,,-9999.0,,,200.0,17.0,,,,,,,,,
USC00043491,1917,11,16,,,-9999.0,,,194.0,33.0,,,,,,,,,
USC00043491,1917,11,17,,,-9999.0,,,206.0,28.0,,,,,,,,,
USC00043491,1917,11,18,,,-9999.0,,,239.0,33.0,,,,,,,,,
USC00043491,1917,11,19,,,-9999.0,,,228.0,39.0,,,,,,,,,
USC00043491,1917,11,2,,,-9999.0,,,217.0,78.0,,,,,,,,,
USC00043491,1917,11,20,,,-9999.0,,,206.0,33.0,,,,,,,,,
USC00043491,1917,11,21,,,-9999.0,,,222.0,22.0,,,,,,,,,
USC00043491,1917,11,22,,,-9999.0,,,200.0,33.0,,,,,,,,,
USC00043491,1917,11,23,,,-9999.0,,,172.0,28.0,,,,,,,,,
USC00043491,1917,11,24,,,-9999.0,,,156.0,78.0,,,,,,,,,
USC00043491,1917,11,25,,,-9999.0,,,100.0,11.0,,,,,,,,,
USC00043491,1917,11,26,,,-9999.0,,,89.0,11.0,,,,,,,,,
USC00043491,1917,11,27,,,-9999.0,,,167.0,56.0,,,,,,,,,
USC00043491,1917,11,28,,,-9999.0,,,133.0,56.0,,,,,,,,,
USC00043491,1917,11,29,,,-9999.0,,,156.0,44.0,,,,,,,,,
USC00043491,1917,11,3,,,-9999.0,,,228.0,61.0,,,,,,,,,
USC00043491,1917,11,30,,,559.0,,,156.0,44.0,,,,,,,,,
USC00043491,1917,11,31,,,-9999.0,,,-9999.0,-9999.0,,,,,,,,,
USC00043491,1917,11,4,,,-9999.0,,,211.0,78.0,,,,,,,,,
USC00043491,1917,11,5,,,-9999.0,,,161.0,67.0,,,,,,,,,
USC00043491,1917,11,6,,,292.0,,,139.0,33.0,,,,,,,,,
USC00043491,1917,11,7,,,-9999.0,,,117.0,17.0,,,,,,,,,
USC00043491,1917,11,8,,,-9999.0,,,150.0,11.0,,,,,,,,,
USC00043491,1917,11,9,,,-9999.0,,,144.0,6.0,,,,,,,,,
USC00043491,1917,12,1,,,0.0,,,144.0,44.0,,,,,,,,,
USC00043491,1917,12,10,,,0.0,,,156.0,56.0,,,,,,,,,
USC00043491,1917,12,11,,,0.0,,,144.0,67.0,,,,,,,,,
USC00043491,1917,12,12,,,0.0,,,144.0,67.0,,,,,,,,,
USC00043491,1917,12,13,,,0.0,,,133.0,56.0,,,,,,,,,
USC00043491,1917,12,14,,,0.0,,,144.0,33.0,,,,,,,,,
USC00043491,1917,12,15,,,0.0,,,133.0,39.0,,,,,,,,,
USC00043491,1917,12,16,,,0.0,,,100.0,33.0,,,,,,,,,
USC00043491,1917,12,17,,,114.0,,,100.0,33.0,,,,,,,,,
USC00043491,1917,12,18,,,0.0,,,89.0,56.0,,,,,,,,,
USC00043491,1917,12,19,,,0.0,,,100.0,78.0,,,,,,,,,
USC00043491,1917,12,2,,,0.0,,,133.0,44.0,,,,,,,,,
USC00043491,1917,12,20,,,0.0,,,111.0,83.0,,,,,,,,,
USC00043491,1917,12,21,,,0.0,,,72.0,61.0,,,,,,,,,
USC00043491,1917,12,22,,,0.0,,,100.0,78.0,,,,,,,,,
USC00043491,1917,12,23,,,0.0,,,89.0,83.0,,,,,,,,,
USC00043491,1917,12,24,,,0.0,,,72.0,67.0,,,,,,,,,
USC00043491,1917,12,25,,,0.0,,,78.0,67.0,,,,,,,,,
USC00043491,1917,12,26,,,198.0,,,94.0,61.0,,,,,,,,,
USC00043491,1917,12,27,,,112.0,,,89.0,72.0,,,,,,,,,
USC00043491,1917,12,28,,,0.0,,,128.0,78.0,,,,,,,,,
USC00043491,1917,12,29,,,0.0,,,106.0,89.0,,,,,,,,,
USC00043491,1917,12,3,,,0.0,,,89.0,44.0,,,,,,,,,
USC00043491,1917,12,30,,,0.0,,,122.0,78.0,,,,,,,,,
USC00043491,1917,12,31,,,0.0,,,133.0,56.0,,,,,,,,,
USC00043491,1917,12,4,,,0.0,,,100.0,50.0,,,,,,,,,
USC00043491,1917,12,5,,,0.0,,,133.0,50.0,,,,,,,,,
USC00043491,1917,12,6,,,0.0,,,156.0,44.0,,,,,,,,,
USC00043491,1917,12,7,,,0.0,,,156.0,33.0,,,,,,,,,
USC00043491,1917,12,8,,,0.0,,,156.0,50.0,,,,,,,,,
USC00043491,1917,12,9,,,0.0,,,156.0,44.0,,,,,,,,,
USC00043491,1918,1,1,,,0.0,0.0,-9999.0,144.0,67.0,,,,,,,,-9999.0,-9999.0
USC00043491,1918,1,10,,,0.0,0.0,-9999.0,100.0,0.0,,,,,,,,-9999.0,-9999.0
USC00043491,1918,1,11,,,0.0,0.0,-9999.0,100.0,11.0,,,,,,,,-9999.0,-9999.0
USC00043491,1918,1,12,,,0.0,0.0,-9999.0,100.0,22.0,,,,,,,,-9999.0,-9999.0
USC00043491,1918,1,13,,,305.0,0.0,-9999.0,44.0,-22.0,,,,,,,,1.0,-9999.0
USC00043491,1918,1,14,,,51.0,51.0,51.0,133.0,0.0,,,,,,,,-9999.0,1.0
USC00043491,1918,1,15,,,13.0,0.0,-9999.0,33.0,11.0,,,,,,,,-9999.0,-9999.0
USC00043491,1918,1,16,,,0.0,0.0,-9999.0,89.0,33.0,,,,,,,,-9999.0,-9999.0
USC00043491,1918,1,17,,,0.0,0.0,-9999.0,122.0,33.0,,,,,,,,-9999.0,-9999.0
USC00043491,1918,1,18,,,0.0,0.0,-9999.0,133.0,33.0,,,,,,,,-9999.0,-9999.0
USC00043491,1918,1,19,,,0.0,0.0,-9999.0,122.0,11.0,,,,,,,,-9999.0,-9999.0
USC00043491,1918,1,2,,,0.0,0.0,-9999.0,156.0,89.0,,,,,,,,-9999.0,-9999.0
USC00043491,1918,1,20,,,0.0,0.0,-9999.0,111.0,-11.0,,,,,,,,-9999.0,-9999.0
USC00043491,1918,1,21,,,0.0,0.0,-9999.0,100.0,-22.0,,,,,,,,-9999.0,-9999.0
USC00043491,1918,1,22,,,0.0,0.0,-9999.0,100.0,22.0,,,,,,,,-9999.0,-9999.0
USC00043491,1918,1,23,,,0.0,0.0,-9999.0,144.0,56.0,,,,,,,,-9999.0,-9999.0
USC00043491,1918,1,24,,,0.0,0.0,-9999.0,111.0,44.0,,,,,,,,-9999.0,-9999.0
USC00043491,1918,1,25,,,0.0,0.0,-9999.0,100.0,44.0,,,,,,,,-9999.0,-9999.0
USC00043491,1918,1,26,,,0.0,0.0,-9999.0,111.0,11.0,,,,,,,,-9999.0,-9999.0
USC00043491,1918,1,27,,,0.0,0.0,-9999.0,89.0,0.0,,,,,,,,-9999.0,-9999.0
USC00043491,1918,1,28,,,0.0,0.0,-9999.0,100.0,11.0,,,,,,,,-9999.0,-9999.0
USC00043491,1918,1,29,,,0.0,0.0,-9999.0,133.0,11.0,,,,,,,,-9999.0,-9999.0
USC00043491,1918,1,3,,,0.0,0.0,-9999.0,156.0,72.0,,,,,,,,-9999.0,-9999.0
USC00043491,1918,1,30,,,0.0,0.0,-9999.0,128.0,17.0,,,,,,,,-9999.0,-9999.0
USC00043491,1918,1,31,,,0.0,0.0,-9999.0,100.0,11.0,,,,,,,,-9999.0,-9999.0
USC00043491,1918,1,4,,,0.0,0.0,-9999.0,133.0,67.0,,,,,,,,-9999.0,-9999.0
USC00043491,1918,1,5,,,0.0,0.0,-9999.0,178.0,67.0,,,,,,,,-9999.0,-9999.0
USC00043491,1918,1,6,,,0.0,0.0,-9999.0,167.0,78.0,,,,,,,,-9999.0,-9999.0
USC00043491,1918,1,7,,,0.0,0.0,-9999.0,144.0,78.0,,,,,,,,-9999.0,-9999.0
USC00043491,1918,1,8,,,0.0,0.0,-9999.0,144.0,33.0,,,,,,,,-9999.0,-9999.0
USC00043491,1918,1,9,,,0.0,0.0,-9999.0,89.0,-11.0,,,,,,,,-9999.0,-9999.0
USC00043491,1918,2,1,,,0.0,0.0,,144.0,11.0,,,,,,,,-9999.0,-9999.0
USC00043491,1918,2,10,,,0.0,0.0,,144.0,44.0,,,,,,,,-9999.0,-9999.0
USC00043491,1918,2,11,,,0.0,0.0,,200.0,56.0,,,,,,,,-9999.0,-9999.0
USC00043491,1918,2,12,,,0.0,0.0,,178.0,44.0,,,,,,,,-9999.0,-9999.0
USC00043491,1918,2,13,,,246.0,0.0,,100.0,0.0,,,,,,,,-9999.0,-9999.0
USC00043491,1918,2,14,,,25.0,51.0,,56.0,-11.0,,,,,,,,-9999.0,1.0
USC00043491,1918,2,15,,,0.0,0.0,,44.0,-44.0,,,,,,,,-9999.0,-9999.0
USC00043491,1918,2,16,,,0.0,0.0,,89.0,-33.0,,,,,,,,-9999.0,-9999.0
USC00043491,1918,2,17,,,203.0,203.0,,44.0,11.0,,,,,,,,-9999.0,1.0
USC00043491,1918,2,18,,,0.0,0.0,,44.0,-44.0,,,,,,,,-9999.0,-9999.0
USC00043491,1918,2,19,,,0.0,0.0,,44.0,-44.0,,,,,,,,-9999.0,-9999.0
USC00043491,1918,2,2,,,0.0,0.0,,61.0,6.0,,,,,,,,-9999.0,-9999.0
USC00043491,1918,2,20,,,152.0,152.0,,22.0,-22.0,,,,,,,,-9999.0,1.0
USC00043491,1918,2,21,,,762.0,0.0,,56.0,0.0,,,,,,,,-9999.0,-9999.0
USC00043491,1918,2,22,,,239.0,0.0,,44.0,33.0,,,,,,,,-9999.0,-9999.0
USC00043491,1918,2,23,,,112.0,0.0,,78.0,11.0,,,,,,,,1.0,-9999.0
USC00043491,1918,2,24,,,297.0,0.0,,67.0,11.0,,,,,,,,1.0,-9999.0
USC00043491,1918,2,25,,,0.0,0.0,,78.0,0.0,,,,,,,,-9999.0,-9999.0
USC00043491,1918,2,26,,,0.0,0.0,,156.0,11.0,,,,,,,,-9999.0,-9999.0
USC00043491,1918,2,27,,,0.0,0.0,,122.0,17.0,,,,,,,,-9999.0,-9999.0
USC00043491,1918,2,28,,,0.0,0.0,,133.0,17.0,,,,,,,,-9999.0,-9999.0
USC00043491,1918,2,29,,,-9999.0,-9999.0,,-9999.0,-9999.0,,,,,,,,-9999.0,-9999.0
USC00043491,1918,2,3,,,0.0,0.0,,133.0,11.0,,,,,,,,-9999.0,-9999.0
USC00043491,1918,2,30,,,-9999.0,-9999.0,,-9999.0,-9999.0,,,,,,,,-9999.0,-9999.0
USC00043491,1918,2,31,,,-9999.0,-9999.0,,-9999.0,-9999.0,,,,,,,,-9999.0,-9999.0
USC00043491,1918,2,4,,,0.0,0.0,,156.0,22.0,,,,,,,,-9999.0,-9999.0
USC00043491,1918,2,5,,,10.0,0.0,,128.0,44.0,,,,,,,,-9999.0,-9999.0
USC00043491,1918,2,6,,,673.0,0.0,,111.0,67.0,,,,,,,,1.0,-9999.0
USC00043491,1918,2,7,,,452.0,0.0,,100.0,17.0,,,,,,,,1.0,-9999.0
USC00043491,1918,2,8,,,5.0,0.0,,100.0,22.0,,,,,,,,-9999.0,-9999.0
USC00043491,1918,2,9,,,0.0,0.0,,128.0,44.0,,,,,,,,-9999.0,-9999.0
USC00043491,1918,3,1,,,0.0,0.0,,144.0,22.0,,,,,,,,-9999.0,-9999.0
USC00043491,1918,3,10,,,762.0,0.0,,89.0,6.0,,,,,,,,1.0,-9999.0
USC00043491,1918,3,11,,,521.0,0.0,,72.0,6.0,,,,,,,,1.0,-9999.0
USC00043491,1918,3,12,,,267.0,102.0,,78.0,-17.0,,,,,,,,-9999.0,-9999.0
USC00043491,1918,3,13,,,0.0,0.0,,89.0,-6.0,,,,,,,,-9999.0,-9999.0
USC00043491,1918,3,14,,,0.0,0.0,,144.0,61.0,,,,,,,,-9999.0,-9999.0
USC00043491,1918,3,15,,,0.0,0.0,,200.0,67.0,,,,,,,,-9999.0,-9999.0
USC00043491,1918,3,16,,,0.0,0.0,,200.0,61.0,,,,,,,,-9999.0,-9999.0
USC00043491,1918,3,17,,,0.0,0.0,,172.0,67.0,,,,,,,,-9999.0,-9999.0
USC00043491,1918,3,18,,,168.0,0.0,,178.0,50.0,,,,,,,,1.0,-9999.0
USC00043491,1918,3,19,,,559.0,0.0,,67.0,22.0,,,,,,,,1.0,-9999.0
USC00043491,1918,3,2,,,0.0,0.0,,156.0,44.0,,,,,,,,-9999.0,-9999.0
USC00043491,1918,3,20,,,15.0,0.0,,100.0,22.0,,,,,,,,-9999.0,-9999.0
USC00043491,1918,3,21,,,0.0,0.0,,156.0,39.0,,,,,,,,-9999.0,-9999.0
USC00043491,1918,3,22,,,0.0,0.0,,156.0,50.0,,,,,,,,-9999.0,-9999.0
USC00043491,1918,3,23,,,0.0,0.0,,111.0,44.0,,,,,,,,-9999.0,-9999.0
USC00043491,1918,3,24,,,218.0,0.0,,167.0,56.0,,,,,,,,1.0,-9999.0
USC00043491,1918,3,25,,,20.0,0.0,,144.0,72.0,,,,,,,,-9999.0,-9999.0
USC00043491,1918,3,26,,,218.0,0.0,,117.0,11.0,,,,,,,,-9999.0,-9999.0
USC00043491,1918,3,27,,,0.0,0.0,,100.0,33.0,,,,,,,,-9999.0,-9999.0
USC00043491,1918,3,28,,,0.0,0.0,,200.0,89.0,,,,,,,,-9999.0,-9999.0
USC00043491,1918,3,29,,,0.0,0.0,,172.0,61.0,,,,,,,,-9999.0,-9999.0
USC00043491,1918,3,3,,,0.0,0.0,,178.0,22.0,,,,,,,,-9999.0,-9999.0
USC00043491,1918,3,30,,,0.0,0.0,,167.0,-28.0,,,,,,,,-9999.0,-9999.0
USC00043491,1918,3,31,,,0.0,0.0,,156.0,0.0,,,,,,,,-9999.0,-9999.0
USC00043491,1918,3,4,,,0.0,0.0,,100.0,-28.0,,,,,,,,-9999.0,-9999.0
USC00043491,1918,3,5,,,0.0,0.0,,78.0,-22.0,,,,,,,,-9999.0,-9999.0
USC00043491,1918,3,6,,,330.0,0.0,,72.0,6.0,,,,,,,,1.0,-9999.0
USC00043491,1918,3,7,,,254.0,254.0,,61.0,-22.0,,,,,,,,-9999.0,1.0
USC00043491,1918,3,8,,,0.0,0.0,,56.0,-11.0,,,,,,,,-9999.0,-9999.0
USC00043491,1918,3,9,,,0.0,0.0,,44.0,0.0,,,,,,,,-9999.0,-9999.0
USC00043491,1918,4,1,,,0.0,,,211.0,33.0,,,,,,,,-9999.0,
USC00043491,1918,4,10,,,559.0,,,161.0,28.0,,,,,,,,-9999.0,
USC00043491,1918,4,11,,,0.0,,,183.0,39.0,,,,,,,,-9999.0,
USC00043491,1918,4,12,,,0.0,,,167.0,50.0,,,,,,,,-9999.0,
USC00043491,1918,4,13,,,140.0,,,156.0,0.0,,,,,,,,-9999.0,
USC00043491,1918,4,14,,,0.0,,,156.0,11.0,,,,,,,,-9999.0,
USC00043491,1918,4,15,,,0.0,,,144.0,22.0,,,,,,,,-9999.0,
USC00043491,1918,4,16,,,0.0,,,167.0,33.0,,,,,,,,-9999.0,
USC00043491,1918,4,17,,,0.0,,,211.0,61.0,,,,,,,,-9999.0,
USC00043491,1918,4,18,,,0.0,,,244.0,111.0,,,,,,,,-9999.0,
USC00043491,1918,4,19,,,0.0,,,217.0,100.0,,,,,,,,-9999.0,
USC00043491,1918,4,2,,,0.0,,,172.0,0.0,,,,,,,,-9999.0,
USC00043491,1918,4,20,,,0.0,,,233.0,111.0,,,,,,,,-9999.0,
USC00043491,1918,4,21,,,0.0,,,244.0,111.0,,,,,,,,-9999.0,
USC00043491,1918,4,22,,,0.0,,,256.0,111.0,,,,,,,,-9999.0,
USC00043491,1918,4,23,,,0.0,,,239.0,100.0,,,,,,,,-9999.0,
USC00043491,1918,4,24,,,0.0,,,200.0,78.0,,,,,,,,-9999.0,
USC00043491,1918,4,25,,,0.0,,,178.0,67.0,,,,,,,,-9999.0,
USC00043491,1918,4,26,,,0.0,,,172.0,56.0,,,,,,,,-9999.0,
USC00043491,1918,4,27,,,0.0,,,178.0,67.0,,,,,,,,-9999.0,
USC00043491,1918,4,28,,,0.0,,,189.0,56.0,,,,,,,,-9999.0,
USC00043491,1918,4,29,,,0.0,,,211.0,67.0,,,,,,,,-9999.0,
USC00043491,1918,4,3,,,0.0,,,167.0,0.0,,,,,,,,-9999.0,
USC00043491,1918,4,30,,,0.0,,,222.0,78.0,,,,,,,,-9999.0,
USC00043491,1918,4,31,,,-9999.0,,,-9999.0,-9999.0,,,,,,,,-9999.0,
USC00043491,1918,4,4,,,0.0,,,161.0,22.0,,,,,,,,-9999.0,
USC00043491,1918,4,5,,,0.0,,,150.0,-17.0,,,,,,,,-9999.0,
USC00043491,1918,4,6,,,0.0,,,161.0,44.0,,,,,,,,-9999.0,
USC00043491,1918,4,7,,,0.0,,,156.0,44.0,,,,,,,,-9999.0,
USC00043491,1918,4,8,,,0.0,,,167.0,39.0,,,,,,,,-9999.0,
USC00043491,1918,4,9,,,0.0,,,172.0,78.0,,,,,,,,1.0,
USC00043491,1918,5,1,,,-9999.0,,,267.0,111.0,,-9999.0,,,,,,,
USC00043491,1918,5,10,,,-9999.0,,,117.0,11.0,,-9999.0,,,,,,,
USC00043491,1918,5,11,,,-9999.0,,,156.0,22.0,,-9999.0,,,,,,,
USC00043491,1918,5,12,,,-9999.0,,,211.0,44.0,,-9999.0,,,,,,,
USC00043491,1918,5,13,,,-9999.0,,,239.0,67.0,,-9999.0,,,,,,,
USC00043491,1918,5,14,,,-9999.0,,,228.0,33.0,,-9999.0,,,,,,,
USC00043491,1918,5,15,,,-9999.0,,,178.0,56.0,,-9999.0,,,,,,,
USC00043491,1918,5,16,,,-9999.0,,,167.0,61.0,,1.0,,,,,,,
USC00043491,1918,5,17,,,-9999.0,,,183.0,28.0,,-9999.0,,,,,,,
USC00043491,1918,5,18,,,-9999.0,,,167.0,33.0,,-9999.0,,,,,,,
USC00043491,1918,5,19,,,-9999.0,,,200.0,56.0,,-9999.0,,,,,,,
USC00043491,1918,5,2,,,-9999.0,,,278.0,156.0,,-9999.0,,,,,,,
USC00043491,1918,5,20,,,-9999.0,,,200.0,56.0,,-9999.0,,,,,,,
USC00043491,1918,5,21,,,-9999.0,,,200.0,72.0,,-9999.0,,,,,,,
USC00043491,1918,5,22,,,-9999.0,,,206.0,78.0,,-9999.0,,,,,,,
USC00043491,1918,5,23,,,-9999.0,,,222.0,100.0,,-9999.0,,,,,,,
USC00043491,1918,5,24,,,-9999.0,,,222.0,111.0,,-9999.0,,,,,,,
USC00043491,1918,5,25,,,-9999.0,,,217.0,78.0,,-9999.0,,,,,,,
USC00043491,1918,5,26,,,-9999.0,,,200.0,56.0,,-9999.0,,,,,,,
USC00043491,1918,5,27,,,0.0,,,167.0,22.0,,-9999.0,,,,,,,
USC00043491,1918,5,28,,,-9999.0,,,156.0,44.0,,-9999.0,,,,,,,
USC00043491,1918,5,29,,,-9999.0,,,189.0,94.0,,-9999.0,,,,,,,
USC00043491,1918,5,3,,,-9999.0,,,278.0,139.0,,-9999.0,,,,,,,
USC00043491,1918,5,30,,,-9999.0,,,256.0,111.0,,-9999.0,,,,,,,
USC00043491,1918,5,31,,,-9999.0,,,233.0,117.0,,-9999.0,,,,,,,
USC00043491,1918,5,4,,,-9999.0,,,272.0,117.0,,-9999.0,,,,,,,
USC00043491,1918,5,5,,,-9999.0,,,222.0,50.0,,-9999.0,,,,,,,
USC00043491,1918,5,6,,,-9999.0,,,222.0,50.0,,-9999.0,,,,,,,
USC00043491,1918,5,7,,,-9999.0,,,211.0,67.0,,-9999.0,,,,,,,
USC00043491,1918,5,8,,,-9999.0,,,200.0,44.0,,-9999.0,,,,,,,
USC00043491,1918,5,9,,,64.0,,,117.0,22.0,,-9999.0,,,,,,,
USC00043491,1918,6,1,,,,,,244.0,122.0,,,,,,,,,
USC00043491,1918,6,10,,,,,,339.0,172.0,,,,,,,,,
USC00043491,1918,6,11,,,,,,350.0,194.0,,,,,,,,,
USC00043491,1918,6,12,,,,,,367.0,217.0,,,,,,,,,
USC00043491,1918,6,13,,,,,,350.0,194.0,,,,,,,,,
USC00043491,1918,6,14,,,,,,322.0,144.0,,,,,,,,,
USC00043491,1918,6,15,,,,,,283.0,144.0,,,,,,,,,
USC00043491,1918,6,16,,,,,,294.0,144.0,,,,,,,,,
USC00043491,1918,6,17,,,,,,294.0,144.0,,,,,,,,,
USC00043491,1918,6,18,,,,,,311.0,194.0,,,,,,,,,
USC00043491,1918,6,19,,,,,,328.0,211.0,,,,,,,,,
USC00043491,1918,6,2,,,,,,256.0,122.0,,,,,,,,,
USC00043491,1918,6,20,,,,,,339.0,228.0,,,,,,,,,
USC00043491,1918,6,21,,,,,,278.0,183.0,,,,,,,,,
USC00043491,1918,6,22,,,,,,333.0,194.0,,,,,,,,,
USC00043491,1918,6,23,,,,,,311.0,156.0,,,,,,,,,
USC00043491,1918,6,24,,,,,,278.0,128.0,,,,,,,,,
USC00043491,1918,6,25,,,,,,283.0,156.0,,,,,,,,,
USC00043491,1918,6,26,,,,,,322.0,172.0,,,,,,,,,
USC00043491,1918,6,27,,,,,,372.0,200.0,,,,,,,,,
USC00043491,1918,6,28,,,,,,378.0,222.0,,,,,,,,,
USC00043491,1918,6,29,,,,,,367.0,222.0,,,,,,,,,
USC00043491,1918,6,3,,,,,,294.0,139.0,,,,,,,,,
USC00043491,1918,6,30,,,,,,361.0,222.0,,,,,,,,,
USC00043491,1918,6,31,,,,,,-9999.0,-9999.0,,,,,,,,,
USC00043491,1918,6,4,,,,,,294.0,167.0,,,,,,,,,
USC00043491,1918,6,5,,,,,,294.0,172.0,,,,,,,,,
USC00043491,1918,6,6,,,,,,294.0,172.0,,,,,,,,,
USC00043491,1918,6,7,,,,,,294.0,150.0,,,,,,,,,
USC00043491,1918,6,8,,,,,,294.0,172.0,,,,,,,,,
USC00043491,1918,6,9,,,,,,300.0,178.0,,,,,,,,,
USC00043491,1918,7,1,,,,,,361.0,222.0,,,,,,,,,
USC00043491,1918,7,10,,,,,,278.0,139.0,,,,,,,,,
USC00043491,1918,7,11,,,,,,278.0,133.0,,,,,,,,,
USC00043491,1918,7,12,,,,,,294.0,150.0,,,,,,,,,
USC00043491,1918,7,13,,,,,,311.0,172.0,,,,,,,,,
USC00043491,1918,7,14,,,,,,300.0,150.0,,,,,,,,,
USC00043491,1918,7,15,,,,,,289.0,150.0,,,,,,,,,
USC00043491,1918,7,16,,,,,,283.0,128.0,,,,,,,,,
USC00043491,1918,7,17,,,,,,294.0,150.0,,,,,,,,,
USC00043491,1918,7,18,,,,,,306.0,139.0,,,,,,,,,
USC00043491,1918,7,19,,,,,,289.0,133.0,,,,,,,,,
USC00043491,1918,7,2,,,,,,350.0,200.0,,,,,,,,,
USC00043491,1918,7,20,,,,,,294.0,161.0,,,,,,,,,
USC00043491,1918,7,21,,,,,,300.0,167.0,,,,,,,,,
USC00043491,1918,7,22,,,,,,322.0,156.0,,,,,,,,,
USC00043491,1918,7,23,,,,,,267.0,89.0,,,,,,,,,
USC00043491,1918,7,24,,,,,,239.0,89.0,,,,,,,,,
USC00043491,1918,7,25,,,,,,267.0,111.0,,,,,,,,,
USC00043491,1918,7,26,,,,,,311.0,156.0,,,,,,,,,
USC00043491,1918,7,27,,,,,,294.0,178.0,,,,,,,,,
USC00043491,1918,7,28,,,,,,322.0,178.0,,,,,,,,,
USC00043491,1918,7,29,,,,,,328.0,178.0,,,,,,,,,
USC00043491,1918,7,3,,,,,,311.0,178.0,,,,,,,,,
USC00043491,1918,7,30,,,,,,339.0,156.0,,,,,,,,,
USC00043491,1918,7,31,,,,,,333.0,194.0,,,,,,,,,
USC00043491,1918,7,4,,,,,,311.0,183.0,,,,,,,,,
USC00043491,1918,7,5,,,,,,328.0,167.0,,,,,,,,,
USC00043491,1918,7,6,,,,,,311.0,172.0,,,,,,,,,
USC00043491,1918,7,7,,,,,,311.0,178.0,,,,,,,,,
USC00043491,1918,7,8,,,,,,311.0,178.0,,,,,,,,,
USC00043491,1918,7,9,,,,,,322.0,150.0,,,,,,,,,
USC00043491,1918,8,1,,,,,,322.0,183.0,,-9999.0,,,,,,,
USC00043491,1918,8,10,,,,,,311.0,178.0,,-9999.0,,,,,,,
USC00043491,1918,8,11,,,,,,317.0,206.0,,-9999.0,,,,,,,
USC00043491,1918,8,12,,,,,,311.0,156.0,,-9999.0,,,,,,,
USC00043491,1918,8,13,,,,,,294.0,156.0,,-9999.0,,,,,,,
USC00043491,1918,8,14,,,,,,367.0,144.0,,1.0,,,,,,,
USC00043491,1918,8,15,,,,,,239.0,72.0,,-9999.0,,,,,,,
USC00043491,1918,8,16,,,,,,256.0,89.0,,-9999.0,,,,,,,
USC00043491,1918,8,17,,,,,,256.0,83.0,,-9999.0,,,,,,,
USC00043491,1918,8,18,,,,,,261.0,89.0,,-9999.0,,,,,,,
USC00043491,1918,8,19,,,,,,256.0,83.0,,-9999.0,,,,,,,
USC00043491,1918,8,2,,,,,,278.0,139.0,,-9999.0,,,,,,,
USC00043491,1918,8,20,,,,,,278.0,139.0,,-9999.0,,,,,,,
USC00043491,1918,8,21,,,,,,306.0,161.0,,-9999.0,,,,,,,
USC00043491,1918,8,22,,,,,,322.0,172.0,,-9999.0,,,,,,,
USC00043491,1918,8,23,,,,,,339.0,161.0,,-9999.0,,,,,,,
USC00043491,1918,8,24,,,,,,333.0,167.0,,-9999.0,,,,,,,
USC00043491,1918,8,25,,,,,,339.0,161.0,,-9999.0,,,,,,,
USC00043491,1918,8,26,,,,,,367.0,194.0,,-9999.0,,,,,,,
USC00043491,1918,8,27,,,,,,333.0,183.0,,-9999.0,,,,,,,
USC00043491,1918,8,28,,,,,,350.0,200.0,,-9999.0,,,,,,,
USC00043491,1918,8,29,,,,,,356.0,200.0,,-9999.0,,,,,,,
USC00043491,1918,8,3,,,,,,278.0,139.0,,-9999.0,,,,,,,
USC00043491,1918,8,30,,,,,,367.0,211.0,,-9999.0,,,,,,,
USC00043491,1918,8,31,,,,,,367.0,222.0,,-9999.0,,,,,,,
USC00043491,1918,8,4,,,,,,300.0,128.0,,-9999.0,,,,,,,
USC00043491,1918,8,5,,,,,,306.0,156.0,,-9999.0,,,,,,,
USC00043491,1918,8,6,,,,,,311.0,167.0,,-9999.0,,,,,,,
USC00043491,1918,8,7,,,,,,311.0,167.0,,-9999.0,,,,,,,
USC00043491,1918,8,8,,,,,,300.0,167.0,,-9999.0,,,,,,,
USC00043491,1918,8,9,,,,,,300.0,167.0,,-9999.0,,,,,,,
USC00043491,1918,9,1,,,0.0,,,361.0,200.0,,,,,,,,-9999.0,
USC00043491,1918,9,10,,,0.0,,,178.0,94.0,,,,,,,,-9999.0,
USC00043491,1918,9,11,,,0.0,,,233.0,117.0,,,,,,,,-9999.0,
USC00043491,1918,9,12,,,127.0,,,217.0,100.0,,,,,,,,-9999.0,
USC00043491,1918,9,13,,,457.0,,,183.0,72.0,,,,,,,,1.0,
USC00043491,1918,9,14,,,508.0,,,156.0,61.0,,,,,,,,1.0,
USC00043491,1918,9,15,,,0.0,,,239.0,100.0,,,,,,,,-9999.0,
USC00043491,1918,9,16,,,0.0,,,267.0,128.0,,,,,,,,-9999.0,
USC00043491,1918,9,17,,,0.0,,,250.0,100.0,,,,,,,,-9999.0,
USC00043491,1918,9,18,,,0.0,,,283.0,128.0,,,,,,,,-9999.0,
USC00043491,1918,9,19,,,0.0,,,311.0,144.0,,,,,,,,-9999.0,
USC00043491,1918,9,2,,,0.0,,,367.0,217.0,,,,,,,,-9999.0,
USC00043491,1918,9,20,,,0.0,,,306.0,139.0,,,,,,,,-9999.0,
USC00043491,1918,9,21,,,0.0,,,311.0,150.0,,,,,,,,-9999.0,
USC00043491,1918,9,22,,,0.0,,,267.0,100.0,,,,,,,,-9999.0,
USC00043491,1918,9,23,,,76.0,,,278.0,172.0,,,,,,,,-9999.0,
USC00043491,1918,9,24,,,0.0,,,233.0,33.0,,,,,,,,-9999.0,
USC00043491,1918,9,25,,,0.0,,,256.0,100.0,,,,,,,,-9999.0,
USC00043491,1918,9,26,,,0.0,,,283.0,139.0,,,,,,,,-9999.0,
USC00043491,1918,9,27,,,0.0,,,261.0,106.0,,,,,,,,-9999.0,
USC00043491,1918,9,28,,,0.0,,,267.0,128.0,,,,,,,,-9999.0,
USC00043491,1918,9,29,,,127.0,,,272.0,144.0,,,,,,,,-9999.0,
USC00043491,1918,9,3,,,0.0,,,328.0,194.0,,,,,,,,-9999.0,
USC00043491,1918,9,30,,,0.0,,,267.0,156.0,,,,,,,,-9999.0,
USC00043491,1918,9,31,,,-9999.0,,,-9999.0,-9999.0,,,,,,,,-9999.0,
USC00043491,1918,9,4,,,0.0,,,322.0,178.0,,,,,,,,-9999.0,
USC00043491,1918,9,5,,,0.0,,,311.0,167.0,,,,,,,,-9999.0,
USC00043491,1918,9,6,,,0.0,,,272.0,156.0,,,,,,,,-9999.0,
USC00043491,1918,9,7,,,0.0,,,267.0,111.0,,,,,,,,-9999.0,
USC00043491,1918,9,8,,,0.0,,,244.0,100.0,,,,,,,,-9999.0,
USC00043491,1918,9,9,,,0.0,,,194.0,83.0,,,,,,,,-9999.0,
USC00043491,1918,10,1,,,51.0,,,261.0,94.0,,,,,,,,,
USC00043491,1918,10,10,,,0.0,,,239.0,111.0,,,,,,,,,
USC00043491,1918,10,11,,,0.0,,,233.0,106.0,,,,,,,,,
USC00043491,1918,10,12,,,0.0,,,222.0,122.0,,,,,,,,,
USC00043491,1918,10,13,,,0.0,,,239.0,133.0,,,,,,,,,
USC00043491,1918,10,14,,,0.0,,,233.0,100.0,,,,,,,,,
USC00043491,1918,10,15,,,0.0,,,244.0,128.0,,,,,,,,,
USC00043491,1918,10,16,,,152.0,,,222.0,50.0,,,,,,,,,
USC00043491,1918,10,17,,,0.0,,,211.0,72.0,,,,,,,,,
USC00043491,1918,10,18,,,0.0,,,233.0,94.0,,,,,,,,,
USC00043491,1918,10,19,,,0.0,,,217.0,61.0,,,,,,,,,
USC00043491,1918,10,2,,,0.0,,,278.0,144.0,,,,,,,,,
USC00043491,1918,10,20,,,0.0,,,256.0,150.0,,,,,,,,,
USC00043491,1918,10,21,,,0.0,,,244.0,122.0,,,,,,,,,
USC00043491,1918,10,22,,,0.0,,,222.0,100.0,,,,,,,,,
USC00043491,1918,10,23,,,0.0,,,256.0,139.0,,,,,,,,,
USC00043491,1918,10,24,,,0.0,,,244.0,111.0,,,,,,,,,
USC00043491,1918,10,25,,,0.0,,,233.0,89.0,,,,,,,,,
USC00043491,1918,10,26,,,0.0,,,217.0,61.0,,,,,,,,,
USC00043491,1918,10,27,,,0.0,,,250.0,67.0,,,,,,,,,
USC00043491,1918,10,28,,,0.0,,,233.0,72.0,,,,,,,,,
USC00043491,1918,10,29,,,0.0,,,217.0,50.0,,,,,,,,,
USC00043491,1918,10,3,,,76.0,,,267.0,156.0,,,,,,,,,
USC00043491,1918,10,30,,,0.0,,,233.0,89.0,,,,,,,,,
USC00043491,1918,10,31,,,0.0,,,272.0,111.0,,,,,,,,,
USC00043491,1918,10,4,,,0.0,,,267.0,106.0,,,,,,,,,
USC00043491,1918,10,5,,,0.0,,,267.0,117.0,,,,,,,,,
USC00043491,1918,10,6,,,152.0,,,256.0,50.0,,,,,,,,,
USC00043491,1918,10,7,,,0.0,,,256.0,83.0,,,,,,,,,
USC00043491,1918,10,8,,,0.0,,,244.0,106.0,,,,,,,,,
USC00043491,1918,10,9,,,0.0,,,222.0,100.0,,,,,,,,,
USC00043491,1918,11,1,,,0.0,0.0,-9999.0,261.0,128.0,,,,,,,,,
USC00043491,1918,11,10,,,0.0,0.0,-9999.0,128.0,22.0,,,,,,,,,
USC00043491,1918,11,11,,,0.0,0.0,-9999.0,144.0,33.0,,,,,,,,,
USC00043491,1918,11,12,,,0.0,0.0,-9999.0,150.0,28.0,,,,,,,,,
USC00043491,1918,11,13,,,0.0,0.0,-9999.0,211.0,100.0,,,,,,,,,
USC00043491,1918,11,14,,,0.0,0.0,-9999.0,161.0,106.0,,,,,,,,,
USC00043491,1918,11,15,,,432.0,0.0,0.0,156.0,44.0,,,,,,,,,
USC00043491,1918,11,16,,,0.0,0.0,-9999.0,211.0,50.0,,,,,,,,,
USC00043491,1918,11,17,,,0.0,0.0,-9999.0,222.0,89.0,,,,,,,,,
USC00043491,1918,11,18,,,0.0,0.0,-9999.0,194.0,50.0,,,,,,,,,
USC00043491,1918,11,19,,,229.0,0.0,-9999.0,183.0,33.0,,,,,,,,,
USC00043491,1918,11,2,,,0.0,0.0,-9999.0,278.0,111.0,,,,,,,,,
USC00043491,1918,11,20,,,0.0,0.0,-9999.0,128.0,17.0,,,,,,,,,
USC00043491,1918,11,21,,,0.0,0.0,-9999.0,150.0,28.0,,,,,,,,,
USC00043491,1918,11,22,,,0.0,0.0,-9999.0,178.0,50.0,,,,,,,,,
USC00043491,1918,11,23,,,0.0,0.0,-9999.0,144.0,39.0,,,,,,,,,
USC00043491,1918,11,24,,,432.0,0.0,-9999.0,128.0,17.0,,,,,,,,,
USC00043491,1918,11,25,,,0.0,0.0,-9999.0,100.0,-11.0,,,,,,,,,
USC00043491,1918,11,26,,,0.0,0.0,-9999.0,83.0,-28.0,,,,,,,,,
USC00043491,1918,11,27,,,0.0,0.0,-9999.0,94.0,-22.0,,,,,,,,,
USC00043491,1918,11,28,,,0.0,0.0,-9999.0,89.0,-39.0,,,,,,,,,
USC00043491,1918,11,29,,,0.0,0.0,-9999.0,128.0,28.0,,,,,,,,,
USC00043491,1918,11,3,,,432.0,0.0,-9999.0,167.0,72.0,,,,,,,,,
USC00043491,1918,11,30,,,0.0,0.0,0.0,139.0,17.0,,,,,,,,,
USC00043491,1918,11,31,,,-9999.0,-9999.0,-9999.0,-9999.0,-9999.0,,,,,,,,,
USC00043491,1918,11,4,,,102.0,0.0,-9999.0,100.0,17.0,,,,,,,,,
USC00043491,1918,11,5,,,0.0,0.0,-9999.0,89.0,-56.0,,,,,,,,,
USC00043491,1918,11,6,,,0.0,0.0,-9999.0,128.0,-61.0,,,,,,,,,
USC00043491,1918,11,7,,,0.0,0.0,-9999.0,122.0,-50.0,,,,,,,,,
USC00043491,1918,11,8,,,0.0,0.0,-9999.0,150.0,28.0,,,,,,,,,
USC00043491,1918,11,9,,,0.0,0.0,-9999.0,128.0,-6.0,,,,,,,,,
USC00043491,1918,12,1,,,-9999.0,,,128.0,-22.0,,,,,,,,-9999.0,
USC00043491,1918,12,10,,,-9999.0,,,72.0,11.0,,,,,,,,-9999.0,
USC00043491,1918,12,11,,,-9999.0,,,72.0,-67.0,,,,,,,,-9999.0,
USC00043491,1918,12,12,,,-9999.0,,,83.0,-22.0,,,,,,,,-9999.0,
USC00043491,1918,12,13,,,-9999.0,,,94.0,-39.0,,,,,,,,-9999.0,
USC00043491,1918,12,14,,,-9999.0,,,72.0,-39.0,,,,,,,,-9999.0,
USC00043491,1918,12,15,,,-9999.0,,,83.0,28.0,,,,,,,,-9999.0,
USC00043491,1918,12,16,,,-9999.0,,,72.0,11.0,,,,,,,,-9999.0,
USC00043491,1918,12,17,,,-9999.0,,,106.0,17.0,,,,,,,,-9999.0,
USC00043491,1918,12,18,,,-9999.0,,,72.0,-11.0,,,,,,,,-9999.0,
USC00043491,1918,12,19,,,-9999.0,,,89.0,-11.0,,,,,,,,-9999.0,
USC00043491,1918,12,2,,,-9999.0,,,139.0,11.0,,,,,,,,-9999.0,
USC00043491,1918,12,20,,,102.0,,,89.0,44.0,,,,,,,,1.0,
USC00043491,1918,12,21,,,-9999.0,,,33.0,-106.0,,,,,,,,-9999.0,
USC00043491,1918,12,22,,,-9999.0,,,28.0,-56.0,,,,,,,,-9999.0,
USC00043491,1918,12,23,,,-9999.0,,,33.0,-22.0,,,,,,,,-9999.0,
USC00043491,1918,12,24,,,-9999.0,,,28.0,-39.0,,,,,,,,-9999.0,
USC00043491,1918,12,25,,,-9999.0,,,56.0,-56.0,,,,,,,,-9999.0,
USC00043491,1918,12,26,,,-9999.0,,,72.0,-11.0,,,,,,,,-9999.0,
USC00043491,1918,12,27,,,-9999.0,,,89.0,0.0,,,,,,,,-9999.0,
USC00043491,1918,12,28,,,-9999.0,,,156.0,33.0,,,,,,,,-9999.0,
USC00043491,1918,12,29,,,-9999.0,,,128.0,17.0,,,,,,,,-9999.0,
USC00043491,1918,12,3,,,-9999.0,,,178.0,56.0,,,,,,,,-9999.0,
USC00043491,1918,12,30,,,-9999.0,,,56.0,-33.0,,,,,,,,-9999.0,
USC00043491,1918,12,31,,,-9999.0,,,17.0,-44.0,,,,,,,,-9999.0,
USC00043491,1918,12,4,,,-9999.0,,,156.0,89.0,,,,,,,,-9999.0,
USC00043491,1918,12,5,,,-9999.0,,,161.0,111.0,,,,,,,,-9999.0,
USC00043491,1918,12,6,,,-9999.0,,,156.0,89.0,,,,,,,,-9999.0,
USC00043491,1918,12,7,,,0.0,,,167.0,72.0,,,,,,,,-9999.0,
USC00043491,1918,12,8,,,-9999.0,,,156.0,28.0,,,,,,,,1.0,
USC00043491,1918,12,9,,,432.0,,,94.0,-50.0,,,,,,,,-9999.0,
USC00043491,1919,1,1,,,0.0,0.0,-9999.0,33.0,-33.0,-9999.0,,,,,,,,
USC00043491,1919,1,10,,,0.0,0.0,-9999.0,150.0,39.0,-9999.0,,,,,,,,
USC00043491,1919,1,11,,,178.0,0.0,-9999.0,139.0,17.0,-9999.0,,,,,,,,
USC00043491,1919,1,12,,,0.0,0.0,-9999.0,150.0,33.0,-9999.0,,,,,,,,
USC00043491,1919,1,13,,,0.0,0.0,-9999.0,161.0,56.0,-9999.0,,,,,,,,
USC00043491,1919,1,14,,,0.0,0.0,-9999.0,156.0,67.0,-9999.0,,,,,,,,
USC00043491,1919,1,15,,,0.0,0.0,-9999.0,144.0,33.0,-9999.0,,,,,,,,
USC00043491,1919,1,16,,,0.0,0.0,-9999.0,156.0,56.0,-9999.0,,,,,,,,
USC00043491,1919,1,17,,,76.0,0.0,-9999.0,156.0,44.0,-9999.0,,,,,,,,
USC00043491,1919,1,18,,,0.0,0.0,-9999.0,183.0,56.0,-9999.0,,,,,,,,
USC00043491,1919,1,19,,,203.0,0.0,0.0,178.0,11.0,-9999.0,,,,,,,,
USC00043491,1919,1,2,,,0.0,0.0,-9999.0,56.0,-22.0,-9999.0,,,,,,,,
USC00043491,1919,1,20,,,157.0,0.0,0.0,94.0,11.0,94.0,,,,,,,,
USC00043491,1919,1,21,,,0.0,0.0,0.0,156.0,22.0,67.0,,,,,,,,
USC00043491,1919,1,22,,,0.0,0.0,-9999.0,183.0,33.0,56.0,,,,,,,,
USC00043491,1919,1,23,,,145.0,0.0,-9999.0,67.0,11.0,44.0,,,,,,,,
USC00043491,1919,1,24,,,0.0,0.0,-9999.0,106.0,-6.0,17.0,,,,,,,,
USC00043491,1919,1,25,,,0.0,0.0,-9999.0,139.0,0.0,72.0,,,,,,,,
USC00043491,1919,1,26,,,0.0,0.0,-9999.0,167.0,56.0,89.0,,,,,,,,
USC00043491,1919,1,27,,,0.0,0.0,-9999.0,167.0,56.0,83.0,,,,,,,,
USC00043491,1919,1,28,,,0.0,0.0,-9999.0,194.0,39.0,56.0,,,,,,,,
USC00043491,1919,1,29,,,0.0,0.0,-9999.0,167.0,33.0,67.0,,,,,,,,
USC00043491,1919,1,3,,,0.0,0.0,-9999.0,161.0,72.0,-9999.0,,,,,,,,
USC00043491,1919,1,30,,,0.0,0.0,-9999.0,156.0,28.0,44.0,,,,,,,,
USC00043491,1919,1,31,,,3.0,0.0,0.0,100.0,-6.0,-6.0,,,,,,,,
USC00043491,1919,1,4,,,0.0,0.0,-9999.0,156.0,50.0,-9999.0,,,,,,,,
USC00043491,1919,1,5,,,0.0,0.0,-9999.0,156.0,67.0,-9999.0,,,,,,,,
USC00043491,1919,1,6,,,0.0,0.0,-9999.0,156.0,44.0,-9999.0,,,,,,,,
USC00043491,1919,1,7,,,0.0,0.0,-9999.0,144.0,33.0,-9999.0,,,,,,,,
USC00043491,1919,1,8,,,0.0,0.0,-9999.0,150.0,50.0,-9999.0,,,,,,,,
USC00043491,1919,1,9,,,0.0,0.0,-9999.0,156.0,56.0,-9999.0,,,,,,,,
USC00043491,1919,2,1,,,5.0,0.0,0.0,17.0,-6.0,0.0,,,,,,,,-9999.0
USC00043491,1919,2,10,,,683.0,51.0,25.0,94.0,-6.0,6.0,,,,,,,,-9999.0
USC00043491,1919,2,11,,,89.0,76.0,102.0,17.0,-22.0,-22.0,,,,,,,,-9999.0
USC00043491,1919,2,12,,,13.0,-9999.0,25.0,83.0,-28.0,17.0,,,,,,,,-9999.0
USC00043491,1919,2,13,,,15.0,-9999.0,0.0,83.0,11.0,28.0,,,,,,,,-9999.0
USC00043491,1919,2,14,,,25.0,-9999.0,-9999.0,78.0,0.0,11.0,,,,,,,,-9999.0
USC00043491,1919,2,15,,,0.0,-9999.0,-9999.0,133.0,6.0,28.0,,,,,,,,-9999.0
USC00043491,1919,2,16,,,170.0,-9999.0,-9999.0,100.0,6.0,17.0,,,,,,,,-9999.0
USC00043491,1919,2,17,,,114.0,-9999.0,-9999.0,22.0,-11.0,6.0,,,,,,,,-9999.0
USC00043491,1919,2,18,,,0.0,-9999.0,-9999.0,100.0,0.0,11.0,,,,,,,,-9999.0
USC00043491,1919,2,19,,,107.0,102.0,102.0,61.0,-11.0,0.0,,,,,,,,-9999.0
USC00043491,1919,2,2,,,13.0,0.0,0.0,50.0,-22.0,-6.0,,,,,,,,-9999.0
USC00043491,1919,2,20,,,0.0,-9999.0,0.0,67.0,-17.0,0.0,,,,,,,,-9999.0
USC00043491,1919,2,21,,,279.0,127.0,102.0,61.0,39.0,17.0,,,,,,,,-9999.0
USC00043491,1919,2,22,,,122.0,51.0,127.0,28.0,-11.0,0.0,,,,,,,,-9999.0
USC00043491,1919,2,23,,,0.0,-9999.0,-9999.0,22.0,-6.0,-9999.0,,,,,,,,-9999.0
USC00043491,1919,2,24,,,0.0,-9999.0,-9999.0,28.0,17.0,-9999.0,,,,,,,,-9999.0
USC00043491,1919,2,25,,,0.0,-9999.0,-9999.0,39.0,22.0,-9999.0,,,,,,,,-9999.0
USC00043491,1919,2,26,,,254.0,259.0,254.0,50.0,-61.0,-9999.0,,,,,,,,1.0
USC00043491,1919,2,27,,,76.0,76.0,305.0,78.0,-33.0,-9999.0,,,,,,,,-9999.0
USC00043491,1919,2,28,,,0.0,-9999.0,-9999.0,78.0,-33.0,-9999.0,,,,,,,,1.0
USC00043491,1919,2,29,,,-9999.0,-9999.0,-9999.0,-9999.0,-9999.0,-9999.0,,,,,,,,-9999.0
USC00043491,1919,2,3,,,0.0,-9999.0,-9999.0,89.0,-17.0,39.0,,,,,,,,-9999.0
USC00043491,1919,2,30,,,-9999.0,-9999.0,-9999.0,-9999.0,-9999.0,-9999.0,,,,,,,,-9999.0
USC00043491,1919,2,31,,,-9999.0,-9999.0,-9999.0,-9999.0,-9999.0,-9999.0,,,,,,,,-9999.0
USC00043491,1919,2,4,,,81.0,-9999.0,-9999.0,83.0,17.0,44.0,,,,,,,,-9999.0
USC00043491,1919,2,5,,,56.0,-9999.0,-9999.0,72.0,39.0,44.0,,,,,,,,-9999.0
USC00043491,1919,2,6,,,508.0,-9999.0,-9999.0,67.0,39.0,61.0,,,,,,,,-9999.0
USC00043491,1919,2,7,,,229.0,-9999.0,-9999.0,89.0,56.0,72.0,,,,,,,,-9999.0
USC00043491,1919,2,8,,,109.0,-9999.0,-9999.0,78.0,61.0,72.0,,,,,,,,-9999.0
USC00043491,1919,2,9,,,417.0,-9999.0,-9999.0,83.0,61.0,83.0,,,,,,,,-9999.0
USC00043491,1919,3,1,,,-9999.0,-9999.0,-9999.0,44.0,-6.0,,,,,,,,-9999.0,-9999.0
USC00043491,1919,3,10,,,-9999.0,-9999.0,-9999.0,122.0,-6.0,,,,,,,,-9999.0,-9999.0
USC00043491,1919,3,11,,,-9999.0,-9999.0,-9999.0,111.0,6.0,,,,,,,,-9999.0,-9999.0
USC00043491,1919,3,12,,,0.0,-9999.0,-9999.0,117.0,-6.0,,,,,,,,-9999.0,-9999.0
USC00043491,1919,3,13,,,203.0,203.0,203.0,111.0,-11.0,,,,,,,,-9999.0,1.0
USC00043491,1919,3,14,,,305.0,305.0,406.0,139.0,-22.0,,,,,,,,-9999.0,-9999.0
USC00043491,1919,3,15,,,0.0,0.0,356.0,67.0,-28.0,,,,,,,,-9999.0,1.0
USC00043491,1919,3,16,,,0.0,-9999.0,-9999.0,94.0,-22.0,,,,,,,,-9999.0,-9999.0
USC00043491,1919,3,17,,,0.0,-9999.0,-9999.0,117.0,-17.0,,,,,,,,-9999.0,-9999.0
USC00043491,1919,3,18,,,0.0,-9999.0,-9999.0,144.0,0.0,,,,,,,,1.0,-9999.0
USC00043491,1919,3,19,,,-9999.0,-9999.0,-9999.0,72.0,-6.0,,,,,,,,-9999.0,-9999.0
USC00043491,1919,3,2,,,-9999.0,-9999.0,-9999.0,72.0,-6.0,,,,,,,,-9999.0,-9999.0
USC00043491,1919,3,20,,,-9999.0,-9999.0,-9999.0,106.0,11.0,,,,,,,,-9999.0,-9999.0
USC00043491,1919,3,21,,,-9999.0,-9999.0,-9999.0,156.0,22.0,,,,,,,,-9999.0,-9999.0
USC00043491,1919,3,22,,,-9999.0,-9999.0,-9999.0,72.0,6.0,,,,,,,,-9999.0,-9999.0
USC00043491,1919,3,23,,,-9999.0,-9999.0,-9999.0,100.0,-11.0,,,,,,,,-9999.0,-9999.0
USC00043491,1919,3,24,,,-9999.0,-9999.0,-9999.0,156.0,6.0,,,,,,,,-9999.0,-9999.0
USC00043491,1919,3,25,,,-9999.0,-9999.0,-9999.0,161.0,39.0,,,,,,,,-9999.0,-9999.0
USC00043491,1919,3,26,,,-9999.0,-9999.0,-9999.0,189.0,72.0,,,,,,,,-9999.0,-9999.0
USC00043491,1919,3,27,,,-9999.0,-9999.0,-9999.0,189.0,89.0,,,,,,,,-9999.0,-9999.0
USC00043491,1919,3,28,,,-9999.0,-9999.0,-9999.0,183.0,72.0,,,,,,,,-9999.0,-9999.0
USC00043491,1919,3,29,,,-9999.0,-9999.0,-9999.0,167.0,72.0,,,,,,,,-9999.0,-9999.0
USC00043491,1919,3,3,,,508.0,-9999.0,127.0,78.0,0.0,,,,,,,,-9999.0,-9999.0
USC00043491,1919,3,30,,,-9999.0,-9999.0,-9999.0,189.0,78.0,,,,,,,,-9999.0,-9999.0
USC00043491,1919,3,31,,,-9999.0,-9999.0,-9999.0,156.0,67.0,,,,,,,,-9999.0,-9999.0
USC00043491,1919,3,4,,,-9999.0,-9999.0,-9999.0,50.0,28.0,,,,,,,,-9999.0,-9999.0
USC00043491,1919,3,5,,,-9999.0,-9999.0,-9999.0,111.0,22.0,,,,,,,,-9999.0,-9999.0
USC00043491,1919,3,6,,,0.0,-9999.0,-9999.0,122.0,39.0,,,,,,,,-9999.0,-9999.0
USC00043491,1919,3,7,,,-9999.0,-9999.0,-9999.0,44.0,-56.0,,,,,,,,-9999.0,-9999.0
USC00043491,1919,3,8,,,-9999.0,-9999.0,-9999.0,128.0,-33.0,,,,,,,,-9999.0,-9999.0
USC00043491,1919,3,9,,,-9999.0,-9999.0,-9999.0,67.0,-17.0,,,,,,,,-9999.0,-9999.0
USC00043491,1919,4,1,,,0.0,,,183.0,144.0,,,,,,,,,
USC00043491,1919,4,10,,,0.0,,,222.0,100.0,,,,,,,,,
USC00043491,1919,4,11,,,173.0,,,222.0,72.0,,,,,,,,,
USC00043491,1919,4,12,,,0.0,,,239.0,72.0,,,,,,,,,
USC00043491,1919,4,13,,,0.0,,,-9999.0,-9999.0,,,,,,,,,
USC00043491,1919,4,14,,,0.0,,,222.0,17.0,,,,,,,,,
USC00043491,1919,4,15,,,0.0,,,211.0,56.0,,,,,,,,,
USC00043491,1919,4,16,,,0.0,,,211.0,56.0,,,,,,,,,
USC00043491,1919,4,17,,,0.0,,,222.0,44.0,,,,,,,,,
USC00043491,1919,4,18,,,137.0,,,211.0,72.0,,,,,,,,,
USC00043491,1919,4,19,,,0.0,,,200.0,50.0,,,,,,,,,
USC00043491,1919,4,2,,,0.0,,,211.0,89.0,,,,,,,,,
USC00043491,1919,4,20,,,0.0,,,-9999.0,-9999.0,,,,,,,,,
USC00043491,1919,4,21,,,0.0,,,183.0,56.0,,,,,,,,,
USC00043491,1919,4,22,,,0.0,,,194.0,50.0,,,,,,,,,
USC00043491,1919,4,23,,,0.0,,,222.0,72.0,,,,,,,,,
USC00043491,1919,4,24,,,0.0,,,211.0,56.0,,,,,,,,,
USC00043491,1919,4,25,,,0.0,,,144.0,50.0,,,,,,,,,
USC00043491,1919,4,26,,,0.0,,,111.0,33.0,,,,,,,,,
USC00043491,1919,4,27,,,0.0,,,-9999.0,-9999.0,,,,,,,,,
USC00043491,1919,4,28,,,0.0,,,211.0,56.0,,,,,,,,,
USC00043491,1919,4,29,,,0.0,,,233.0,78.0,,,,,,,,,
USC00043491,1919,4,3,,,0.0,,,183.0,72.0,,,,,,,,,
USC00043491,1919,4,30,,,0.0,,,256.0,139.0,,,,,,,,,
USC00043491,1919,4,31,,,-9999.0,,,-9999.0,-9999.0,,,,,,,,,
USC00043491,1919,4,4,,,0.0,,,211.0,72.0,,,,,,,,,
USC00043491,1919,4,5,,,0.0,,,211.0,72.0,,,,,,,,,
USC00043491,1919,4,6,,,0.0,,,-9999.0,-9999.0,,,,,,,,,
USC00043491,1919,4,7,,,0.0,,,211.0,72.0,,,,,,,,,
USC00043491,1919,4,8,,,0.0,,,222.0,0.0,,,,,,,,,
USC00043491,1919,4,9,,,0.0,,,211.0,33.0,,,,,,,,,
USC00043491,1919,5,1,,,0.0,,,272.0,139.0,,,,,,,,,
USC00043491,1919,5,10,,,0.0,,,-9999.0,-9999.0,,,,,,,,,
USC00043491,1919,5,11,,,0.0,,,211.0,83.0,,,,,,,,,
USC00043491,1919,5,12,,,0.0,,,233.0,100.0,,,,,,,,,
USC00043491,1919,5,13,,,0.0,,,267.0,122.0,,,,,,,,,
USC00043491,1919,5,14,,,51.0,,,178.0,67.0,,,,,,,,,
USC00043491,1919,5,15,,,0.0,,,183.0,50.0,,,,,,,,,
USC00043491,1919,5,16,,,0.0,,,189.0,67.0,,,,,,,,,
USC00043491,1919,5,17,,,0.0,,,-9999.0,-9999.0,,,,,,,,,
USC00043491,1919,5,18,,,0.0,,,239.0,67.0,,,,,,,,,
USC00043491,1919,5,19,,,0.0,,,272.0,139.0,,,,,,,,,
USC00043491,1919,5,2,,,0.0,,,261.0,139.0,,,,,,,,,
USC00043491,1919,5,20,,,0.0,,,283.0,128.0,,,,,,,,,
USC00043491,1919,5,21,,,0.0,,,250.0,128.0,,,,,,,,,
USC00043491,1919,5,22,,,0.0,,,228.0,117.0,,,,,,,,,
USC00043491,1919,5,23,,,0.0,,,228.0,117.0,,,,,,,,,
USC00043491,1919,5,24,,,0.0,,,239.0,128.0,,,,,,,,,
USC00043491,1919,5,25,,,0.0,,,250.0,133.0,,,,,,,,,
USC00043491,1919,5,26,,,0.0,,,283.0,144.0,,,,,,,,,
USC00043491,1919,5,27,,,0.0,,,278.0,206.0,,,,,,,,,
USC00043491,1919,5,28,,,0.0,,,300.0,128.0,,,,,,,,,
USC00043491,1919,5,29,,,10.0,,,189.0,94.0,,,,,,,,,
USC00043491,1919,5,3,,,0.0,,,-9999.0,-9999.0,,,,,,,,,
USC00043491,1919,5,30,,,0.0,,,233.0,111.0,,,,,,,,,
USC00043491,1919,5,31,,,0.0,,,267.0,117.0,,,,,,,,,
USC00043491,1919,5,4,,,0.0,,,250.0,83.0,,,,,,,,,
USC00043491,1919,5,5,,,0.0,,,222.0,89.0,,,,,,,,,
USC00043491,1919,5,6,,,0.0,,,239.0,122.0,,,,,,,,,
USC00043491,1919,5,7,,,0.0,,,244.0,100.0,,,,,,,,,
USC00043491,1919,5,8,,,0.0,,,200.0,89.0,,,,,,,,,
USC00043491,1919,5,9,,,0.0,,,194.0,78.0,,,,,,,,,
USC00043491,1919,6,1,,,,,,300.0,156.0,,,,,,,,,
USC00043491,1919,6,10,,,,,,194.0,72.0,,,,,,,,,
USC00043491,1919,6,11,,,,,,172.0,56.0,,,,,,,,,
USC00043491,1919,6,12,,,,,,189.0,61.0,,,,,,,,,
USC00043491,1919,6,13,,,,,,194.0,39.0,,,,,,,,,
USC00043491,1919,6,14,,,,,,189.0,44.0,,,,,,,,,
USC00043491,1919,6,15,,,,,,172.0,50.0,,,,,,,,,
USC00043491,1919,6,16,,,,,,183.0,44.0,,,,,,,,,
USC00043491,1919,6,17,,,,,,178.0,39.0,,,,,,,,,
USC00043491,1919,6,18,,,,,,267.0,133.0,,,,,,,,,
USC00043491,1919,6,19,,,,,,294.0,128.0,,,,,,,,,
USC00043491,1919,6,2,,,,,,311.0,144.0,,,,,,,,,
USC00043491,1919,6,20,,,,,,283.0,133.0,,,,,,,,,
USC00043491,1919,6,21,,,,,,294.0,106.0,,,,,,,,,
USC00043491,1919,6,22,,,,,,267.0,128.0,,,,,,,,,
USC00043491,1919,6,23,,,,,,306.0,139.0,,,,,,,,,
USC00043491,1919,6,24,,,,,,328.0,172.0,,,,,,,,,
USC00043491,1919,6,25,,,,,,311.0,161.0,,,,,,,,,
USC00043491,1919,6,26,,,,,,317.0,144.0,,,,,,,,,
USC00043491,1919,6,27,,,,,,322.0,106.0,,,,,,,,,
USC00043491,1919,6,28,,,,,,317.0,111.0,,,,,,,,,
USC00043491,1919,6,29,,,,,,278.0,56.0,,,,,,,,,
USC00043491,1919,6,3,,,,,,311.0,178.0,,,,,,,,,
USC00043491,1919,6,30,,,,,,289.0,50.0,,,,,,,,,
USC00043491,1919,6,31,,,,,,-9999.0,-9999.0,,,,,,,,,
USC00043491,1919,6,4,,,,,,339.0,194.0,,,,,,,,,
USC00043491,1919,6,5,,,,,,311.0,172.0,,,,,,,,,
USC00043491,1919,6,6,,,,,,294.0,139.0,,,,,,,,,
USC00043491,1919,6,7,,,,,,-9999.0,-9999.0,,,,,,,,,
USC00043491,1919,6,8,,,,,,272.0,133.0,,,,,,,,,
USC00043491,1919,6,9,,,,,,278.0,78.0,,,,,,,,,
USC00043491,1919,7,1,,,,,,289.0,56.0,,,,,,,,,
USC00043491,1919,7,10,,,,,,344.0,94.0,,,,,,,,,
USC00043491,1919,7,11,,,,,,350.0,94.0,,,,,,,,,
USC00043491,1919,7,12,,,,,,333.0,89.0,,,,,,,,,
USC00043491,1919,7,13,,,,,,333.0,83.0,,,,,,,,,
USC00043491,1919,7,14,,,,,,350.0,89.0,,,,,,,,,
USC00043491,1919,7,15,,,,,,344.0,94.0,,,,,,,,,
USC00043491,1919,7,16,,,,,,367.0,89.0,,,,,,,,,
USC00043491,1919,7,17,,,,,,367.0,211.0,,,,,,,,,
USC00043491,1919,7,18,,,,,,350.0,100.0,,,,,,,,,
USC00043491,1919,7,19,,,,,,339.0,72.0,,,,,,,,,
USC00043491,1919,7,2,,,,,,278.0,94.0,,,,,,,,,
USC00043491,1919,7,20,,,,,,356.0,94.0,,,,,,,,,
USC00043491,1919,7,21,,,,,,339.0,211.0,,,,,,,,,
USC00043491,1919,7,22,,,,,,300.0,217.0,,,,,,,,,
USC00043491,1919,7,23,,,,,,333.0,133.0,,,,,,,,,
USC00043491,1919,7,24,,,,,,350.0,222.0,,,,,,,,,
USC00043491,1919,7,25,,,,,,339.0,178.0,,,,,,,,,
USC00043491,1919,7,26,,,,,,333.0,183.0,,,,,,,,,
USC00043491,1919,7,27,,,,,,311.0,89.0,,,,,,,,,
USC00043491,1919,7,28,,,,,,311.0,89.0,,,,,,,,,
USC00043491,1919,7,29,,,,,,289.0,83.0,,,,,,,,,
USC00043491,1919,7,3,,,,,,283.0,67.0,,,,,,,,,
USC00043491,1919,7,30,,,,,,294.0,94.0,,,,,,,,,
USC00043491,1919,7,31,,,,,,294.0,94.0,,,,,,,,,
USC00043491,1919,7,4,,,,,,306.0,89.0,,,,,,,,,
USC00043491,1919,7,5,,,,,,311.0,106.0,,,,,,,,,
USC00043491,1919,7,6,,,,,,306.0,128.0,,,,,,,,,
USC00043491,1919,7,7,,,,,,306.0,122.0,,,,,,,,,
USC00043491,1919,7,8,,,,,,333.0,111.0,,,,,,,,,
USC00043491,1919,7,9,,,,,,367.0,106.0,,,,,,,,,
USC00043491,1919,8,1,,,,,,289.0,94.0,,,,,,,,,
USC00043491,1919,8,10,,,,,,289.0,100.0,,,,,,,,,
USC00043491,1919,8,11,,,,,,283.0,89.0,,,,,,,,,
USC00043491,1919,8,12,,,,,,311.0,89.0,,,,,,,,,
USC00043491,1919,8,13,,,,,,306.0,94.0,,,,,,,,,
USC00043491,1919,8,14,,,,,,333.0,128.0,,,,,,,,,
USC00043491,1919,8,15,,,,,,356.0,133.0,,,,,,,,,
USC00043491,1919,8,16,,,,,,356.0,122.0,,,,,,,,,
USC00043491,1919,8,17,,,,,,333.0,128.0,,,,,,,,,
USC00043491,1919,8,18,,,,,,333.0,122.0,,,,,,,,,
USC00043491,1919,8,19,,,,,,350.0,128.0,,,,,,,,,
USC00043491,1919,8,2,,,,,,294.0,100.0,,,,,,,,,
USC00043491,1919,8,20,,,,,,356.0,122.0,,,,,,,,,
USC00043491,1919,8,21,,,,,,383.0,206.0,,,,,,,,,
USC00043491,1919,8,22,,,,,,372.0,122.0,,,,,,,,,
USC00043491,1919,8,23,,,,,,367.0,117.0,,,,,,,,,
USC00043491,1919,8,24,,,,,,356.0,133.0,,,,,,,,,
USC00043491,1919,8,25,,,,,,350.0,128.0,,,,,,,,,
USC00043491,1919,8,26,,,,,,344.0,128.0,,,,,,,,,
USC00043491,1919,8,27,,,,,,333.0,122.0,,,,,,,,,
USC00043491,1919,8,28,,,,,,333.0,133.0,,,,,,,,,
USC00043491,1919,8,29,,,,,,322.0,144.0,,,,,,,,,
USC00043491,1919,8,3,,,,,,289.0,106.0,,,,,,,,,
USC00043491,1919,8,30,,,,,,322.0,133.0,,,,,,,,,
USC00043491,1919,8,31,,,,,,317.0,122.0,,,,,,,,,
USC00043491,1919,8,4,,,,,,294.0,106.0,,,,,,,,,
USC00043491,1919,8,5,,,,,,278.0,111.0,,,,,,,,,
USC00043491,1919,8,6,,,,,,311.0,117.0,,,,,,,,,
USC00043491,1919,8,7,,,,,,294.0,100.0,,,,,,,,,
USC00043491,1919,8,8,,,,,,300.0,94.0,,,,,,,,,
USC00043491,1919,8,9,,,,,,294.0,100.0,,,,,,,,,
USC00043491,1919,9,1,,,-9999.0,,,306.0,122.0,,,,,,,,,
USC00043491,1919,9,10,,,-9999.0,,,267.0,72.0,,,,,,,,,
USC00043491,1919,9,11,,,-9999.0,,,300.0,111.0,,,,,,,,,
USC00043491,1919,9,12,,,-9999.0,,,294.0,122.0,,,,,,,,,
USC00043491,1919,9,13,,,-9999.0,,,306.0,133.0,,,,,,,,,
USC00043491,1919,9,14,,,-9999.0,,,311.0,144.0,,,,,,,,,
USC00043491,1919,9,15,,,-9999.0,,,294.0,122.0,,,,,,,,,
USC00043491,1919,9,16,,,-9999.0,,,289.0,111.0,,,,,,,,,
USC00043491,1919,9,17,,,-9999.0,,,239.0,100.0,,,,,,,,,
USC00043491,1919,9,18,,,-9999.0,,,294.0,122.0,,,,,,,,,
USC00043491,1919,9,19,,,-9999.0,,,311.0,150.0,,,,,,,,,
USC00043491,1919,9,2,,,-9999.0,,,300.0,122.0,,,,,,,,,
USC00043491,1919,9,20,,,-9999.0,,,344.0,156.0,,,,,,,,,
USC00043491,1919,9,21,,,-9999.0,,,322.0,133.0,,,,,,,,,
USC00043491,1919,9,22,,,-9999.0,,,344.0,133.0,,,,,,,,,
USC00043491,1919,9,23,,,-9999.0,,,356.0,178.0,,,,,,,,,
USC00043491,1919,9,24,,,-9999.0,,,367.0,156.0,,,,,,,,,
USC00043491,1919,9,25,,,-9999.0,,,300.0,100.0,,,,,,,,,
USC00043491,1919,9,26,,,-9999.0,,,317.0,122.0,,,,,,,,,
USC00043491,1919,9,27,,,-9999.0,,,294.0,56.0,,,,,,,,,
USC00043491,1919,9,28,,,15.0,,,233.0,50.0,,,,,,,,,
USC00043491,1919,9,29,,,-9999.0,,,211.0,44.0,,,,,,,,,
USC00043491,1919,9,3,,,-9999.0,,,294.0,100.0,,,,,,,,,
USC00043491,1919,9,30,,,-9999.0,,,194.0,50.0,,,,,,,,,
USC00043491,1919,9,31,,,-9999.0,,,-9999.0,-9999.0,,,,,,,,,
USC00043491,1919,9,4,,,-9999.0,,,267.0,72.0,,,,,,,,,
USC00043491,1919,9,5,,,-9999.0,,,244.0,50.0,,,,,,,,,
USC00043491,1919,9,6,,,-9999.0,,,239.0,72.0,,,,,,,,,
USC00043491,1919,9,7,,,-9999.0,,,244.0,89.0,,,,,,,,,
USC00043491,1919,9,8,,,-9999.0,,,239.0,94.0,,,,,,,,,
USC00043491,1919,9,9,,,-9999.0,,,250.0,100.0,,,,,,,,,
USC00043491,1919,10,1,,,259.0,,,161.0,50.0,,,,,,,,,
USC00043491,1919,10,10,,,0.0,,,239.0,106.0,,,,,,,,,
USC00043491,1919,10,11,,,0.0,,,250.0,94.0,,,,,,,,,
USC00043491,1919,10,12,,,0.0,,,250.0,100.0,,,,,,,,,
USC00043491,1919,10,13,,,0.0,,,233.0,89.0,,,,,,,,,
USC00043491,1919,10,14,,,0.0,,,239.0,100.0,,,,,,,,,
USC00043491,1919,10,15,,,0.0,,,228.0,83.0,,,,,,,,,
USC00043491,1919,10,16,,,0.0,,,233.0,89.0,,,,,,,,,
USC00043491,1919,10,17,,,0.0,,,222.0,78.0,,,,,,,,,
USC00043491,1919,10,18,,,0.0,,,228.0,89.0,,,,,,,,,
USC00043491,1919,10,19,,,0.0,,,239.0,83.0,,,,,,,,,
USC00043491,1919,10,2,,,5.0,,,128.0,33.0,,,,,,,,,
USC00043491,1919,10,20,,,0.0,,,244.0,78.0,,,,,,,,,
USC00043491,1919,10,21,,,0.0,,,222.0,33.0,,,,,,,,,
USC00043491,1919,10,22,,,0.0,,,206.0,17.0,,,,,,,,,
USC00043491,1919,10,23,,,0.0,,,194.0,0.0,,,,,,,,,
USC00043491,1919,10,24,,,0.0,,,167.0,0.0,,,,,,,,,
USC00043491,1919,10,25,,,0.0,,,122.0,28.0,,,,,,,,,
USC00043491,1919,10,26,,,0.0,,,106.0,6.0,,,,,,,,,
USC00043491,1919,10,27,,,0.0,,,72.0,-33.0,,,,,,,,,
USC00043491,1919,10,28,,,0.0,,,183.0,17.0,,,,,,,,,
USC00043491,1919,10,29,,,0.0,,,172.0,0.0,,,,,,,,,
USC00043491,1919,10,3,,,0.0,,,156.0,28.0,,,,,,,,,
USC00043491,1919,10,30,,,0.0,,,122.0,-6.0,,,,,,,,,
USC00043491,1919,10,31,,,0.0,,,111.0,-22.0,,,,,,,,,
USC00043491,1919,10,4,,,0.0,,,206.0,72.0,,,,,,,,,
USC00043491,1919,10,5,,,0.0,,,239.0,78.0,,,,,,,,,
USC00043491,1919,10,6,,,0.0,,,256.0,83.0,,,,,,,,,
USC00043491,1919,10,7,,,0.0,,,250.0,72.0,,,,,,,,,
USC00043491,1919,10,8,,,0.0,,,239.0,94.0,,,,,,,,,
USC00043491,1919,10,9,,,0.0,,,244.0,100.0,,,,,,,,,
USC00043491,1919,11,1,,,0.0,,,106.0,-39.0,,,,,,,,,
USC00043491,1919,11,10,,,0.0,,,139.0,-6.0,,,,,,,,,
USC00043491,1919,11,11,,,0.0,,,133.0,0.0,,,,,,,,,
USC00043491,1919,11,12,,,0.0,,,122.0,11.0,,,,,,,,,
USC00043491,1919,11,13,,,0.0,,,156.0,0.0,,,,,,,,,
USC00043491,1919,11,14,,,0.0,,,200.0,22.0,,,,,,,,,
USC00043491,1919,11,15,,,0.0,,,244.0,106.0,,,,,,,,,
USC00043491,1919,11,16,,,0.0,,,233.0,111.0,,,,,,,,,
USC00043491,1919,11,17,,,0.0,,,250.0,128.0,,,,,,,,,
USC00043491,1919,11,18,,,0.0,,,244.0,139.0,,,,,,,,,
USC00043491,1919,11,19,,,3.0,,,244.0,144.0,,,,,,,,,
USC00043491,1919,11,2,,,0.0,,,122.0,-17.0,,,,,,,,,
USC00043491,1919,11,20,,,0.0,,,233.0,117.0,,,,,,,,,
USC00043491,1919,11,21,,,0.0,,,200.0,78.0,,,,,,,,,
USC00043491,1919,11,22,,,0.0,,,206.0,61.0,,,,,,,,,
USC00043491,1919,11,23,,,0.0,,,194.0,50.0,,,,,,,,,
USC00043491,1919,11,24,,,0.0,,,183.0,67.0,,,,,,,,,
USC00043491,1919,11,25,,,0.0,,,211.0,50.0,,,,,,,,,
USC00043491,1919,11,26,,,254.0,,,222.0,61.0,,,,,,,,,
USC00043491,1919,11,27,,,0.0,,,-9999.0,-9999.0,,,,,,,,,
USC00043491,1919,11,28,,,0.0,,,-9999.0,-9999.0,,,,,,,,,
USC00043491,1919,11,29,,,0.0,,,-9999.0,-9999.0,,,,,,,,,
USC00043491,1919,11,3,,,13.0,,,172.0,-11.0,,,,,,,,,
USC00043491,1919,11,30,,,5.0,,,-9999.0,-9999.0,,,,,,,,,
USC00043491,1919,11,31,,,-9999.0,,,-9999.0,-9999.0,,,,,,,,,
USC00043491,1919,11,4,,,0.0,,,200.0,0.0,,,,,,,,,
USC00043491,1919,11,5,,,0.0,,,161.0,-44.0,,,,,,,,,
USC00043491,1919,11,6,,,0.0,,,178.0,-33.0,,,,,,,,,
USC00043491,1919,11,7,,,46.0,,,133.0,-61.0,,,,,,,,,
USC00043491,1919,11,8,,,8.0,,,72.0,-61.0,,,,,,,,,
USC00043491,1919,11,9,,,0.0,,,61.0,-39.0,,,,,,,,,
USC00043491,1938,3,1,,,-9999.0,-9999.0,-9999.0,,,,,,,,,,-9999.0,
USC00043491,1938,3,10,,,51.0,-9999.0,-9999.0,,,,,,,,,,-9999.0,
USC00043491,1938,3,11,,,-9999.0,-9999.0,-9999.0,,,,,,,,,,-9999.0,
USC00043491,1938,3,12,,,102.0,-9999.0,-9999.0,,,,,,,,,,1.0,
USC00043491,1938,3,13,,,627.0,76.0,76.0,,,,,,,,,,-9999.0,
USC00043491,1938,3,14,,,102.0,0.0,0.0,,,,,,,,,,-9999.0,
USC00043491,1938,3,15,,,-9999.0,-9999.0,-9999.0,,,,,,,,,,-9999.0,
USC00043491,1938,3,16,,,-9999.0,-9999.0,-9999.0,,,,,,,,,,-9999.0,
USC00043491,1938,3,17,,,343.0,-9999.0,-9999.0,,,,,,,,,,-9999.0,
USC00043491,1938,3,18,,,-9999.0,-9999.0,-9999.0,,,,,,,,,,1.0,
USC00043491,1938,3,19,,,610.0,-9999.0,-9999.0,,,,,,,,,,1.0,
USC00043491,1938,3,2,,,-9999.0,0.0,-9999.0,,,,,,,,,,-9999.0,
USC00043491,1938,3,20,,,610.0,-9999.0,-9999.0,,,,,,,,,,1.0,
USC00043491,1938,3,21,,,64.0,-9999.0,-9999.0,,,,,,,,,,-9999.0,
USC00043491,1938,3,22,,,292.0,-9999.0,-9999.0,,,,,,,,,,-9999.0,
USC00043491,1938,3,23,,,292.0,-9999.0,-9999.0,,,,,,,,,,1.0,
USC00043491,1938,3,24,,,660.0,-9999.0,-9999.0,,,,,,,,,,1.0,
USC00043491,1938,3,25,,,137.0,-9999.0,-9999.0,,,,,,,,,,-9999.0,
USC00043491,1938,3,26,,,-9999.0,-9999.0,-9999.0,,,,,,,,,,-9999.0,
USC00043491,1938,3,27,,,-9999.0,-9999.0,-9999.0,,,,,,,,,,-9999.0,
USC00043491,1938,3,28,,,-9999.0,-9999.0,-9999.0,,,,,,,,,,-9999.0,
USC00043491,1938,3,29,,,132.0,-9999.0,-9999.0,,,,,,,,,,-9999.0,
USC00043491,1938,3,3,,,216.0,-9999.0,-9999.0,,,,,,,,,,1.0,
USC00043491,1938,3,30,,,-9999.0,-9999.0,-9999.0,,,,,,,,,,-9999.0,
USC00043491,1938,3,31,,,-9999.0,-9999.0,-9999.0,,,,,,,,,,-9999.0,
USC00043491,1938,3,4,,,343.0,-9999.0,-9999.0,,,,,,,,,,-9999.0,
USC00043491,1938,3,5,,,-9999.0,-9999.0,0.0,,,,,,,,,,-9999.0,
USC00043491,1938,3,6,,,76.0,-9999.0,-9999.0,,,,,,,,,,-9999.0,
USC00043491,1938,3,7,,,114.0,0.0,-9999.0,,,,,,,,,,-9999.0,
USC00043491,1938,3,8,,,79.0,-9999.0,-9999.0,,,,,,,,,,-9999.0,
USC00043491,1938,3,9,,,109.0,-9999.0,-9999.0,,,,,,,,,,-9999.0,
USC00043491,1938,4,1,,,0.0,,,,,,,,,,,,-9999.0,
USC00043491,1938,4,10,,,0.0,,,,,,,,,,,,-9999.0,
USC00043491,1938,4,11,,,0.0,,,,,,,,,,,,-9999.0,
USC00043491,1938,4,12,,,0.0,,,,,,,,,,,,-9999.0,
USC00043491,1938,4,13,,,0.0,,,,,,,,,,,,-9999.0,
USC00043491,1938,4,14,,,0.0,,,,,,,,,,,,-9999.0,
USC00043491,1938,4,15,,,0.0,,,,,,,,,,,,-9999.0,
USC00043491,1938,4,16,,,0.0,,,,,,,,,,,,-9999.0,
USC00043491,1938,4,17,,,0.0,,,,,,,,,,,,-9999.0,
USC00043491,1938,4,18,,,0.0,,,,,,,,,,,,-9999.0,
USC00043491,1938,4,19,,,0.0,,,,,,,,,,,,-9999.0,
USC00043491,1938,4,2,,,0.0,,,,,,,,,,,,-9999.0,
USC00043491,1938,4,20,,,0.0,,,,,,,,,,,,-9999.0,
USC00043491,1938,4,21,,,0.0,,,,,,,,,,,,-9999.0,
USC00043491,1938,4,22,,,0.0,,,,,,,,,,,,-9999.0,
USC00043491,1938,4,23,,,0.0,,,,,,,,,,,,-9999.0,
USC00043491,1938,4,24,,,0.0,,,,,,,,,,,,-9999.0,
USC00043491,1938,4,25,,,254.0,,,,,,,,,,,,1.0,
USC00043491,1938,4,26,,,30.0,,,,,,,,,,,,-9999.0,
USC00043491,1938,4,27,,,0.0,,,,,,,,,,,,-9999.0,
USC00043491,1938,4,28,,,0.0,,,,,,,,,,,,-9999.0,
USC00043491,1938,4,29,,,0.0,,,,,,,,,,,,-9999.0,
USC00043491,1938,4,3,,,0.0,,,,,,,,,,,,-9999.0,
USC00043491,1938,4,30,,,69.0,,,,,,,,,,,,-9999.0,
USC00043491,1938,4,31,,,-9999.0,,,,,,,,,,,,-9999.0,
USC00043491,1938,4,4,,,38.0,,,,,,,,,,,,1.0,
USC00043491,1938,4,5,,,503.0,,,,,,,,,,,,1.0,
USC00043491,1938,4,6,,,13.0,,,,,,,,,,,,-9999.0,
USC00043491,1938,4,7,,,0.0,,,,,,,,,,,,-9999.0,
USC00043491,1938,4,8,,,0.0,,,,,,,,,,,,-9999.0,
USC00043491,1938,4,9,,,0.0,,,,,,,,,,,,-9999.0,
USC00043491,1938,5,1,,,56.0,,,,,,,,,,,,1.0,
USC00043491,1938,5,10,,,0.0,,,,,,,,,,,,-9999.0,
USC00043491,1938,5,11,,,0.0,,,,,,,,,,,,-9999.0,
USC00043491,1938,5,12,,,0.0,,,,,,,,,,,,-9999.0,
USC00043491,1938,5,13,,,0.0,,,,,,,,,,,,-9999.0,
USC00043491,1938,5,14,,,0.0,,,,,,,,,,,,-9999.0,
USC00043491,1938,5,15,,,0.0,,,,,,,,,,,,-9999.0,
USC00043491,1938,5,16,,,0.0,,,,,,,,,,,,-9999.0,
USC00043491,1938,5,17,,,0.0,,,,,,,,,,,,-9999.0,
USC00043491,1938,5,18,,,0.0,,,,,,,,,,,,-9999.0,
USC00043491,1938,5,19,,,0.0,,,,,,,,,,,,-9999.0,
USC00043491,1938,5,2,,,221.0,,,,,,,,,,,,-9999.0,
USC00043491,1938,5,20,,,0.0,,,,,,,,,,,,-9999.0,
USC00043491,1938,5,21,,,0.0,,,,,,,,,,,,-9999.0,
USC00043491,1938,5,22,,,0.0,,,,,,,,,,,,-9999.0,
USC00043491,1938,5,23,,,0.0,,,,,,,,,,,,-9999.0,
USC00043491,1938,5,24,,,0.0,,,,,,,,,,,,-9999.0,
USC00043491,1938,5,25,,,0.0,,,,,,,,,,,,-9999.0,
USC00043491,1938,5,26,,,0.0,,,,,,,,,,,,-9999.0,
USC00043491,1938,5,27,,,0.0,,,,,,,,,,,,-9999.0,
USC00043491,1938,5,28,,,102.0,,,,,,,,,,,,1.0,
USC00043491,1938,5,29,,,0.0,,,,,,,,,,,,-9999.0,
USC00043491,1938,5,3,,,13.0,,,,,,,,,,,,-9999.0,
USC00043491,1938,5,30,,,0.0,,,,,,,,,,,,-9999.0,
USC00043491,1938,5,31,,,0.0,,,,,,,,,,,,-9999.0,
USC00043491,1938,5,4,,,0.0,,,,,,,,,,,,-9999.0,
USC00043491,1938,5,5,,,0.0,,,,,,,,,,,,-9999.0,
USC00043491,1938,5,6,,,0.0,,,,,,,,,,,,-9999.0,
USC00043491,1938,5,7,,,0.0,,,,,,,,,,,,-9999.0,
USC00043491,1938,5,8,,,0.0,,,,,,,,,,,,-9999.0,
USC00043491,1938,5,9,,,0.0,,,,,,,,,,,,-9999.0,
USC00043491,1938,7,1,,,0.0,,,,,,,,,,,,,
USC00043491,1938,7,10,,,0.0,,,,,,,,,,,,,
USC00043491,1938,7,11,,,0.0,,,,,,,,,,,,,
USC00043491,1938,7,12,,,0.0,,,,,,,,,,,,,
USC00043491,1938,7,13,,,0.0,,,,,,,,,,,,,
USC00043491,1938,7,14,,,0.0,,,,,,,,,,,,,
USC00043491,1938,7,15,,,0.0,,,,,,,,,,,,,
USC00043491,1938,7,16,,,0.0,,,,,,,,,,,,,
USC00043491,1938,7,17,,,0.0,,,,,,,,,,,,,
USC00043491,1938,7,18,,,0.0,,,,,,,,,,,,,
USC00043491,1938,7,19,,,0.0,,,,,,,,,,,,,
USC00043491,1938,7,2,,,0.0,,,,,,,,,,,,,
USC00043491,1938,7,20,,,0.0,,,,,,,,,,,,,
USC00043491,1938,7,21,,,0.0,,,,,,,,,,,,,
USC00043491,1938,7,22,,,0.0,,,,,,,,,,,,,
USC00043491,1938,7,23,,,0.0,,,,,,,,,,,,,
USC00043491,1938,7,24,,,0.0,,,,,,,,,,,,,
USC00043491,1938,7,25,,,0.0,,,,,,,,,,,,,
USC00043491,1938,7,26,,,0.0,,,,,,,,,,,,,
USC00043491,1938,7,27,,,0.0,,,,,,,,,,,,,
USC00043491,1938,7,28,,,0.0,,,,,,,,,,,,,
USC00043491,1938,7,29,,,0.0,,,,,,,,,,,,,
USC00043491,1938,7,3,,,0.0,,,,,,,,,,,,,
USC00043491,1938,7,30,,,0.0,,,,,,,,,,,,,
USC00043491,1938,7,31,,,0.0,,,,,,,,,,,,,
USC00043491,1938,7,4,,,0.0,,,,,,,,,,,,,
USC00043491,1938,7,5,,,0.0,,,,,,,,,,,,,
USC00043491,1938,7,6,,,0.0,,,,,,,,,,,,,
USC00043491,1938,7,7,,,0.0,,,,,,,,,,,,,
USC00043491,1938,7,8,,,0.0,,,,,,,,,,,,,
USC00043491,1938,7,9,,,0.0,,,,,,,,,,,,,
USC00043491,1938,8,1,,,0.0,,,,,,,,,,,,,
USC00043491,1938,8,10,,,0.0,,,,,,,,,,,,,
USC00043491,1938,8,11,,,0.0,,,,,,,,,,,,,
USC00043491,1938,8,12,,,0.0,,,,,,,,,,,,,
USC00043491,1938,8,13,,,0.0,,,,,,,,,,,,,
USC00043491,1938,8,14,,,0.0,,,,,,,,,,,,,
USC00043491,1938,8,15,,,0.0,,,,,,,,,,,,,
USC00043491,1938,8,16,,,0.0,,,,,,,,,,,,,
USC00043491,1938,8,17,,,0.0,,,,,,,,,,,,,
USC00043491,1938,8,18,,,0.0,,,,,,,,,,,,,
USC00043491,1938,8,19,,,0.0,,,,,,,,,,,,,
USC00043491,1938,8,2,,,0.0,,,,,,,,,,,,,
USC00043491,1938,8,20,,,0.0,,,,,,,,,,,,,
USC00043491,1938,8,21,,,0.0,,,,,,,,,,,,,
USC00043491,1938,8,22,,,0.0,,,,,,,,,,,,,
USC00043491,1938,8,23,,,0.0,,,,,,,,,,,,,
USC00043491,1938,8,24,,,0.0,,,,,,,,,,,,,
USC00043491,1938,8,25,,,0.0,,,,,,,,,,,,,
USC00043491,1938,8,26,,,0.0,,,,,,,,,,,,,
USC00043491,1938,8,27,,,0.0,,,,,,,,,,,,,
USC00043491,1938,8,28,,,0.0,,,,,,,,,,,,,
USC00043491,1938,8,29,,,0.0,,,,,,,,,,,,,
USC00043491,1938,8,3,,,0.0,,,,,,,,,,,,,
USC00043491,1938,8,30,,,0.0,,,,,,,,,,,,,
USC00043491,1938,8,31,,,0.0,,,,,,,,,,,,,
USC00043491,1938,8,4,,,0.0,,,,,,,,,,,,,
USC00043491,1938,8,5,,,0.0,,,,,,,,,,,,,
USC00043491,1938,8,6,,,0.0,,,,,,,,,,,,,
USC00043491,1938,8,7,,,0.0,,,,,,,,,,,,,
USC00043491,1938,8,8,,,0.0,,,,,,,,,,,,,
USC00043491,1938,8,9,,,0.0,,,,,,,,,,,,,
USC00043491,1938,9,1,,,0.0,,,,,,,,,,,,-9999.0,
USC00043491,1938,9,10,,,0.0,,,,,,,,,,,,-9999.0,
USC00043491,1938,9,11,,,0.0,,,,,,,,,,,,-9999.0,
USC00043491,1938,9,12,,,0.0,,,,,,,,,,,,-9999.0,
USC00043491,1938,9,13,,,0.0,,,,,,,,,,,,-9999.0,
USC00043491,1938,9,14,,,0.0,,,,,,,,,,,,-9999.0,
USC00043491,1938,9,15,,,0.0,,,,,,,,,,,,-9999.0,
USC00043491,1938,9,16,,,0.0,,,,,,,,,,,,-9999.0,
USC00043491,1938,9,17,,,0.0,,,,,,,,,,,,-9999.0,
USC00043491,1938,9,18,,,0.0,,,,,,,,,,,,-9999.0,
USC00043491,1938,9,19,,,0.0,,,,,,,,,,,,-9999.0,
USC00043491,1938,9,2,,,0.0,,,,,,,,,,,,-9999.0,
USC00043491,1938,9,20,,,0.0,,,,,,,,,,,,-9999.0,
USC00043491,1938,9,21,,,0.0,,,,,,,,,,,,-9999.0,
USC00043491,1938,9,22,,,0.0,,,,,,,,,,,,-9999.0,
USC00043491,1938,9,23,,,0.0,,,,,,,,,,,,-9999.0,
USC00043491,1938,9,24,,,0.0,,,,,,,,,,,,-9999.0,
USC00043491,1938,9,25,,,0.0,,,,,,,,,,,,-9999.0,
USC00043491,1938,9,26,,,0.0,,,,,,,,,,,,-9999.0,
USC00043491,1938,9,27,,,38.0,,,,,,,,,,,,1.0,
USC00043491,1938,9,28,,,64.0,,,,,,,,,,,,-9999.0,
USC00043491,1938,9,29,,,0.0,,,,,,,,,,,,-9999.0,
USC00043491,1938,9,3,,,0.0,,,,,,,,,,,,-9999.0,
USC00043491,1938,9,30,,,0.0,,,,,,,,,,,,-9999.0,
USC00043491,1938,9,31,,,-9999.0,,,,,,,,,,,,-9999.0,
USC00043491,1938,9,4,,,0.0,,,,,,,,,,,,-9999.0,
USC00043491,1938,9,5,,,0.0,,,,,,,,,,,,-9999.0,
USC00043491,1938,9,6,,,0.0,,,,,,,,,,,,-9999.0,
USC00043491,1938,9,7,,,0.0,,,,,,,,,,,,-9999.0,
USC00043491,1938,9,8,,,0.0,,,,,,,,,,,,-9999.0,
USC00043491,1938,9,9,,,0.0,,,,,,,,,,,,-9999.0,
USC00043491,1938,10,1,,,0.0,,,,,,,,,,,,-9999.0,
USC00043491,1938,10,10,,,0.0,,,,,,,,,,,,-9999.0,
USC00043491,1938,10,11,,,0.0,,,,,,,,,,,,-9999.0,
USC00043491,1938,10,12,,,0.0,,,,,,,,,,,,-9999.0,
USC00043491,1938,10,13,,,0.0,,,,,,,,,,,,-9999.0,
USC00043491,1938,10,14,,,0.0,,,,,,,,,,,,-9999.0,
USC00043491,1938,10,15,,,279.0,,,,,,,,,,,,-9999.0,
USC00043491,1938,10,16,,,76.0,,,,,,,,,,,,-9999.0,
USC00043491,1938,10,17,,,0.0,,,,,,,,,,,,-9999.0,
USC00043491,1938,10,18,,,0.0,,,,,,,,,,,,-9999.0,
USC00043491,1938,10,19,,,0.0,,,,,,,,,,,,-9999.0,
USC00043491,1938,10,2,,,0.0,,,,,,,,,,,,-9999.0,
USC00043491,1938,10,20,,,0.0,,,,,,,,,,,,-9999.0,
USC00043491,1938,10,21,,,0.0,,,,,,,,,,,,-9999.0,
USC00043491,1938,10,22,,,0.0,,,,,,,,,,,,-9999.0,
USC00043491,1938,10,23,,,0.0,,,,,,,,,,,,-9999.0,
USC00043491,1938,10,24,,,0.0,,,,,,,,,,,,-9999.0,
USC00043491,1938,10,25,,,0.0,,,,,,,,,,,,-9999.0,
USC00043491,1938,10,26,,,0.0,,,,,,,,,,,,-9999.0,
USC00043491,1938,10,27,,,0.0,,,,,,,,,,,,-9999.0,
USC00043491,1938,10,28,,,0.0,,,,,,,,,,,,-9999.0,
USC00043491,1938,10,29,,,0.0,,,,,,,,,,,,1.0,
USC00043491,1938,10,3,,,160.0,,,,,,,,,,,,-9999.0,
USC00043491,1938,10,30,,,249.0,,,,,,,,,,,,-9999.0,
USC00043491,1938,10,31,,,114.0,,,,,,,,,,,,-9999.0,
USC00043491,1938,10,4,,,0.0,,,,,,,,,,,,-9999.0,
USC00043491,1938,10,5,,,0.0,,,,,,,,,,,,-9999.0,
USC00043491,1938,10,6,,,0.0,,,,,,,,,,,,-9999.0,
USC00043491,1938,10,7,,,0.0,,,,,,,,,,,,-9999.0,
USC00043491,1938,10,8,,,0.0,,,,,,,,,,,,-9999.0,
USC00043491,1938,10,9,,,0.0,,,,,,,,,,,,-9999.0,
USC00043491,1938,11,1,,,381.0,,,,,,,,,,,,1.0,
USC00043491,1938,11,10,,,140.0,,,,,,,,,,,,-9999.0,
USC00043491,1938,11,11,,,51.0,,,,,,,,,,,,-9999.0,
USC00043491,1938,11,12,,,0.0,,,,,,,,,,,,-9999.0,
USC00043491,1938,11,13,,,0.0,,,,,,,,,,,,-9999.0,
USC00043491,1938,11,14,,,0.0,,,,,,,,,,,,-9999.0,
USC00043491,1938,11,15,,,0.0,,,,,,,,,,,,-9999.0,
USC00043491,1938,11,16,,,0.0,,,,,,,,,,,,-9999.0,
USC00043491,1938,11,17,,,0.0,,,,,,,,,,,,-9999.0,
USC00043491,1938,11,18,,,0.0,,,,,,,,,,,,-9999.0,
USC00043491,1938,11,19,,,0.0,,,,,,,,,,,,-9999.0,
USC00043491,1938,11,2,,,76.0,,,,,,,,,,,,-9999.0,
USC00043491,1938,11,20,,,0.0,,,,,,,,,,,,-9999.0,
USC00043491,1938,11,21,,,0.0,,,,,,,,,,,,-9999.0,
USC00043491,1938,11,22,,,0.0,,,,,,,,,,,,-9999.0,
USC00043491,1938,11,23,,,0.0,,,,,,,,,,,,-9999.0,
USC00043491,1938,11,24,,,0.0,,,,,,,,,,,,-9999.0,
USC00043491,1938,11,25,,,0.0,,,,,,,,,,,,-9999.0,
USC00043491,1938,11,26,,,0.0,,,,,,,,,,,,-9999.0,
USC00043491,1938,11,27,,,0.0,,,,,,,,,,,,-9999.0,
USC00043491,1938,11,28,,,0.0,,,,,,,,,,,,-9999.0,
USC00043491,1938,11,29,,,56.0,,,,,,,,,,,,1.0,
USC00043491,1938,11,3,,,0.0,,,,,,,,,,,,-9999.0,
USC00043491,1938,11,30,,,38.0,,,,,,,,,,,,-9999.0,
USC00043491,1938,11,31,,,-9999.0,,,,,,,,,,,,-9999.0,
USC00043491,1938,11,4,,,0.0,,,,,,,,,,,,-9999.0,
USC00043491,1938,11,5,,,76.0,,,,,,,,,,,,-9999.0,
USC00043491,1938,11,6,,,0.0,,,,,,,,,,,,-9999.0,
USC00043491,1938,11,7,,,0.0,,,,,,,,,,,,-9999.0,
USC00043491,1938,11,8,,,0.0,,,,,,,,,,,,-9999.0,
USC00043491,1938,11,9,,,0.0,,,,,,,,,,,,-9999.0,
USC00043491,1938,12,1,,,119.0,,,,,,,,,,,,-9999.0,
USC00043491,1938,12,10,,,0.0,,,,,,,,,,,,-9999.0,
USC00043491,1938,12,11,,,0.0,,,,,,,,,,,,-9999.0,
USC00043491,1938,12,12,,,0.0,,,,,,,,,,,,-9999.0,
USC00043491,1938,12,13,,,0.0,,,,,,,,,,,,-9999.0,
USC00043491,1938,12,14,,,0.0,,,,,,,,,,,,-9999.0,
USC00043491,1938,12,15,,,0.0,,,,,,,,,,,,-9999.0,
USC00043491,1938,12,16,,,0.0,,,,,,,,,,,,-9999.0,
USC00043491,1938,12,17,,,0.0,,,,,,,,,,,,-9999.0,
USC00043491,1938,12,18,,,0.0,,,,,,,,,,,,-9999.0,
USC00043491,1938,12,19,,,0.0,,,,,,,,,,,,-9999.0,
USC00043491,1938,12,2,,,30.0,,,,,,,,,,,,1.0,
USC00043491,1938,12,20,,,132.0,,,,,,,,,,,,1.0,
USC00043491,1938,12,21,,,51.0,,,,,,,,,,,,-9999.0,
USC00043491,1938,12,22,,,0.0,,,,,,,,,,,,-9999.0,
USC00043491,1938,12,23,,,0.0,,,,,,,,,,,,-9999.0,
USC00043491,1938,12,24,,,0.0,,,,,,,,,,,,-9999.0,
USC00043491,1938,12,25,,,0.0,,,,,,,,,,,,-9999.0,
USC00043491,1938,12,26,,,0.0,,,,,,,,,,,,-9999.0,
USC00043491,1938,12,27,,,0.0,,,,,,,,,,,,-9999.0,
USC00043491,1938,12,28,,,0.0,,,,,,,,,,,,-9999.0,
USC00043491,1938,12,29,,,0.0,,,,,,,,,,,,-9999.0,
USC00043491,1938,12,3,,,394.0,,,,,,,,,,,,1.0,
USC00043491,1938,12,30,,,0.0,,,,,,,,,,,,-9999.0,
USC00043491,1938,12,31,,,0.0,,,,,,,,,,,,-9999.0,
USC00043491,1938,12,4,,,127.0,,,,,,,,,,,,-9999.0,
USC00043491,1938,12,5,,,0.0,,,,,,,,,,,,-9999.0,
USC00043491,1938,12,6,,,0.0,,,,,,,,,,,,-9999.0,
USC00043491,1938,12,7,,,0.0,,,,,,,,,,,,-9999.0,
USC00043491,1938,12,8,,,0.0,,,,,,,,,,,,-9999.0,
USC00043491,1938,12,9,,,0.0,,,,,,,,,,,,-9999.0,
USC00043491,1939,1,1,,,0.0,-9999.0,-9999.0,,,,,,,,,,-9999.0,-9999.0
USC00043491,1939,1,10,,,0.0,-9999.0,-9999.0,,,,,,,,,,-9999.0,-9999.0
USC00043491,1939,1,11,,,0.0,-9999.0,-9999.0,,,,,,,,,,-9999.0,-9999.0
USC00043491,1939,1,12,,,0.0,-9999.0,-9999.0,,,,,,,,,,-9999.0,-9999.0
USC00043491,1939,1,13,,,0.0,-9999.0,-9999.0,,,,,,,,,,-9999.0,-9999.0
USC00043491,1939,1,14,,,0.0,-9999.0,-9999.0,,,,,,,,,,-9999.0,-9999.0
USC00043491,1939,1,15,,,0.0,-9999.0,-9999.0,,,,,,,,,,-9999.0,-9999.0
USC00043491,1939,1,16,,,0.0,-9999.0,-9999.0,,,,,,,,,,-9999.0,-9999.0
USC00043491,1939,1,17,,,0.0,-9999.0,-9999.0,,,,,,,,,,-9999.0,-9999.0
USC00043491,1939,1,18,,,0.0,-9999.0,-9999.0,,,,,,,,,,-9999.0,-9999.0
USC00043491,1939,1,19,,,0.0,-9999.0,-9999.0,,,,,,,,,,-9999.0,-9999.0
USC00043491,1939,1,2,,,0.0,-9999.0,-9999.0,,,,,,,,,,-9999.0,-9999.0
USC00043491,1939,1,20,,,0.0,-9999.0,-9999.0,,,,,,,,,,-9999.0,-9999.0
USC00043491,1939,1,21,,,58.0,-9999.0,-9999.0,,,,,,,,,,-9999.0,-9999.0
USC00043491,1939,1,22,,,0.0,-9999.0,-9999.0,,,,,,,,,,-9999.0,-9999.0
USC00043491,1939,1,23,,,0.0,-9999.0,-9999.0,,,,,,,,,,-9999.0,-9999.0
USC00043491,1939,1,24,,,0.0,-9999.0,-9999.0,,,,,,,,,,-9999.0,-9999.0
USC00043491,1939,1,25,,,0.0,-9999.0,-9999.0,,,,,,,,,,-9999.0,-9999.0
USC00043491,1939,1,26,,,0.0,-9999.0,-9999.0,,,,,,,,,,-9999.0,-9999.0
USC00043491,1939,1,27,,,64.0,-9999.0,-9999.0,,,,,,,,,,-9999.0,-9999.0
USC00043491,1939,1,28,,,300.0,-9999.0,-9999.0,,,,,,,,,,-9999.0,-9999.0
USC00043491,1939,1,29,,,0.0,-9999.0,-9999.0,,,,,,,,,,-9999.0,-9999.0
USC00043491,1939,1,3,,,0.0,-9999.0,-9999.0,,,,,,,,,,-9999.0,-9999.0
USC00043491,1939,1,30,,,330.0,152.0,152.0,,,,,,,,,,-9999.0,1.0
USC00043491,1939,1,31,,,127.0,-9999.0,127.0,,,,,,,,,,-9999.0,-9999.0
USC00043491,1939,1,4,,,86.0,-9999.0,-9999.0,,,,,,,,,,1.0,-9999.0
USC00043491,1939,1,5,,,452.0,-9999.0,-9999.0,,,,,,,,,,1.0,-9999.0
USC00043491,1939,1,6,,,112.0,-9999.0,-9999.0,,,,,,,,,,-9999.0,-9999.0
USC00043491,1939,1,7,,,0.0,-9999.0,-9999.0,,,,,,,,,,-9999.0,-9999.0
USC00043491,1939,1,8,,,0.0,-9999.0,-9999.0,,,,,,,,,,-9999.0,-9999.0
USC00043491,1939,1,9,,,0.0,-9999.0,-9999.0,,,,,,,,,,-9999.0,-9999.0
USC00043491,1939,2,1,,,38.0,76.0,152.0,,,,,,,,,,-9999.0,-9999.0
USC00043491,1939,2,10,,,-9999.0,51.0,559.0,,,,,,,,,,-9999.0,1.0
USC00043491,1939,2,11,,,0.0,-9999.0,508.0,,,,,,,,,,-9999.0,-9999.0
USC00043491,1939,2,12,,,-9999.0,0.0,0.0,,,,,,,,,,-9999.0,-9999.0
USC00043491,1939,2,13,,,305.0,0.0,381.0,,,,,,,,,,-9999.0,-9999.0
USC00043491,1939,2,14,,,0.0,-9999.0,330.0,,,,,,,,,,-9999.0,-9999.0
USC00043491,1939,2,15,,,0.0,-9999.0,254.0,,,,,,,,,,-9999.0,-9999.0
USC00043491,1939,2,16,,,0.0,-9999.0,203.0,,,,,,,,,,-9999.0,-9999.0
USC00043491,1939,2,17,,,0.0,-9999.0,152.0,,,,,,,,,,-9999.0,-9999.0
USC00043491,1939,2,18,,,0.0,-9999.0,102.0,,,,,,,,,,-9999.0,-9999.0
USC00043491,1939,2,19,,,0.0,-9999.0,-9999.0,,,,,,,,,,-9999.0,-9999.0
USC00043491,1939,2,2,,,0.0,-9999.0,-9999.0,,,,,,,,,,-9999.0,-9999.0
USC00043491,1939,2,20,,,0.0,-9999.0,-9999.0,,,,,,,,,,-9999.0,-9999.0
USC00043491,1939,2,21,,,0.0,-9999.0,-9999.0,,,,,,,,,,-9999.0,-9999.0
USC00043491,1939,2,22,,,0.0,-9999.0,-9999.0,,,,,,,,,,-9999.0,-9999.0
USC00043491,1939,2,23,,,0.0,-9999.0,-9999.0,,,,,,,,,,-9999.0,-9999.0
USC00043491,1939,2,24,,,0.0,-9999.0,-9999.0,,,,,,,,,,-9999.0,-9999.0
USC00043491,1939,2,25,,,0.0,-9999.0,-9999.0,,,,,,,,,,-9999.0,-9999.0
USC00043491,1939,2,26,,,0.0,-9999.0,-9999.0,,,,,,,,,,-9999.0,-9999.0
USC00043491,1939,2,27,,,0.0,-9999.0,-9999.0,,,,,,,,,,-9999.0,-9999.0
USC00043491,1939,2,28,,,0.0,-9999.0,0.0,,,,,,,,,,-9999.0,-9999.0
USC00043491,1939,2,29,,,-9999.0,-9999.0,-9999.0,,,,,,,,,,-9999.0,-9999.0
USC00043491,1939,2,3,,,229.0,279.0,432.0,,,,,,,,,,-9999.0,1.0
USC00043491,1939,2,30,,,-9999.0,-9999.0,-9999.0,,,,,,,,,,-9999.0,-9999.0
USC00043491,1939,2,31,,,-9999.0,-9999.0,-9999.0,,,,,,,,,,-9999.0,-9999.0
USC00043491,1939,2,4,,,102.0,51.0,457.0,,,,,,,,,,-9999.0,-9999.0
USC00043491,1939,2,5,,,0.0,-9999.0,381.0,,,,,,,,,,-9999.0,-9999.0
USC00043491,1939,2,6,,,81.0,-9999.0,330.0,,,,,,,,,,1.0,1.0
USC00043491,1939,2,7,,,274.0,0.0,305.0,,,,,,,,,,-9999.0,1.0
USC00043491,1939,2,8,,,262.0,203.0,508.0,,,,,,,,,,-9999.0,-9999.0
USC00043491,1939,2,9,,,51.0,-9999.0,-9999.0,,,,,,,,,,-9999.0,-9999.0
USC00043491,1939,3,1,,,0.0,-9999.0,-9999.0,,,,,,,,,-9999.0,-9999.0,-9999.0
USC00043491,1939,3,10,,,122.0,51.0,610.0,,,,,,,,,-9999.0,-9999.0,-9999.0
USC00043491,1939,3,11,,,0.0,-9999.0,356.0,,,,,,,,,-9999.0,-9999.0,-9999.0
USC00043491,1939,3,12,,,0.0,-9999.0,305.0,,,,,,,,,-9999.0,-9999.0,-9999.0
USC00043491,1939,3,13,,,0.0,-9999.0,254.0,,,,,,,,,-9999.0,-9999.0,-9999.0
USC00043491,1939,3,14,,,0.0,-9999.0,-9999.0,,,,,,,,,1.0,-9999.0,-9999.0
USC00043491,1939,3,15,,,127.0,-9999.0,-9999.0,,,,,,,,,-9999.0,-9999.0,-9999.0
USC00043491,1939,3,16,,,0.0,-9999.0,-9999.0,,,,,,,,,-9999.0,-9999.0,-9999.0
USC00043491,1939,3,17,,,0.0,-9999.0,-9999.0,,,,,,,,,-9999.0,-9999.0,-9999.0
USC00043491,1939,3,18,,,0.0,-9999.0,-9999.0,,,,,,,,,-9999.0,-9999.0,-9999.0
USC00043491,1939,3,19,,,0.0,-9999.0,-9999.0,,,,,,,,,-9999.0,-9999.0,-9999.0
USC00043491,1939,3,2,,,0.0,-9999.0,-9999.0,,,,,,,,,-9999.0,-9999.0,-9999.0
USC00043491,1939,3,20,,,0.0,-9999.0,-9999.0,,,,,,,,,-9999.0,-9999.0,-9999.0
USC00043491,1939,3,21,,,0.0,-9999.0,-9999.0,,,,,,,,,-9999.0,-9999.0,-9999.0
USC00043491,1939,3,22,,,0.0,-9999.0,-9999.0,,,,,,,,,-9999.0,-9999.0,-9999.0
USC00043491,1939,3,23,,,0.0,-9999.0,-9999.0,,,,,,,,,-9999.0,-9999.0,-9999.0
USC00043491,1939,3,24,,,0.0,-9999.0,-9999.0,,,,,,,,,-9999.0,-9999.0,-9999.0
USC00043491,1939,3,25,,,0.0,-9999.0,-9999.0,,,,,,,,,-9999.0,-9999.0,-9999.0
USC00043491,1939,3,26,,,51.0,-9999.0,-9999.0,,,,,,,,,-9999.0,1.0,-9999.0
USC00043491,1939,3,27,,,292.0,-9999.0,-9999.0,,,,,,,,,-9999.0,1.0,-9999.0
USC00043491,1939,3,28,,,13.0,-9999.0,-9999.0,,,,,,,,,-9999.0,-9999.0,-9999.0
USC00043491,1939,3,29,,,0.0,-9999.0,-9999.0,,,,,,,,,-9999.0,-9999.0,-9999.0
USC00043491,1939,3,3,,,0.0,-9999.0,-9999.0,,,,,,,,,-9999.0,-9999.0,-9999.0
USC00043491,1939,3,30,,,51.0,-9999.0,-9999.0,,,,,,,,,-9999.0,-9999.0,-9999.0
USC00043491,1939,3,31,,,0.0,-9999.0,-9999.0,,,,,,,,,-9999.0,-9999.0,-9999.0
USC00043491,1939,3,4,,,0.0,-9999.0,-9999.0,,,,,,,,,-9999.0,-9999.0,-9999.0
USC00043491,1939,3,5,,,0.0,-9999.0,-9999.0,,,,,,,,,-9999.0,-9999.0,-9999.0
USC00043491,1939,3,6,,,0.0,-9999.0,-9999.0,,,,,,,,,-9999.0,1.0,-9999.0
USC00043491,1939,3,7,,,203.0,-9999.0,-9999.0,,,,,,,,,-9999.0,-9999.0,-9999.0
USC00043491,1939,3,8,,,135.0,76.0,76.0,,,,,,,,,-9999.0,-9999.0,1.0
USC00043491,1939,3,9,,,869.0,610.0,660.0,,,,,,,,,-9999.0,-9999.0,1.0
USC00043491,1939,4,1,,,0.0,,,,,,,,,,,,,
USC00043491,1939,4,10,,,0.0,,,,,,,,,,,,,
USC00043491,1939,4,11,,,0.0,,,,,,,,,,,,,
USC00043491,1939,4,12,,,0.0,,,,,,,,,,,,,
USC00043491,1939,4,13,,,0.0,,,,,,,,,,,,,
USC00043491,1939,4,14,,,0.0,,,,,,,,,,,,,
USC00043491,1939,4,15,,,0.0,,,,,,,,,,,,,
USC00043491,1939,4,16,,,0.0,,,,,,,,,,,,,
USC00043491,1939,4,17,,,0.0,,,,,,,,,,,,,
USC00043491,1939,4,18,,,0.0,,,,,,,,,,,,,
USC00043491,1939,4,19,,,0.0,,,,,,,,,,,,,
USC00043491,1939,4,2,,,0.0,,,,,,,,,,,,,
USC00043491,1939,4,20,,,0.0,,,,,,,,,,,,,
USC00043491,1939,4,21,,,0.0,,,,,,,,,,,,,
USC00043491,1939,4,22,,,0.0,,,,,,,,,,,,,
USC00043491,1939,4,23,,,13.0,,,,,,,,,,,,,
USC00043491,1939,4,24,,,61.0,,,,,,,,,,,,,
USC00043491,1939,4,25,,,0.0,,,,,,,,,,,,,
USC00043491,1939,4,26,,,0.0,,,,,,,,,,,,,
USC00043491,1939,4,27,,,0.0,,,,,,,,,,,,,
USC00043491,1939,4,28,,,0.0,,,,,,,,,,,,,
USC00043491,1939,4,29,,,0.0,,,,,,,,,,,,,
USC00043491,1939,4,3,,,0.0,,,,,,,,,,,,,
USC00043491,1939,4,30,,,0.0,,,,,,,,,,,,,
USC00043491,1939,4,31,,,-9999.0,,,,,,,,,,,,,
USC00043491,1939,4,4,,,0.0,,,,,,,,,,,,,
USC00043491,1939,4,5,,,0.0,,,,,,,,,,,,,
USC00043491,1939,4,6,,,0.0,,,,,,,,,,,,,
USC00043491,1939,4,7,,,0.0,,,,,,,,,,,,,
USC00043491,1939,4,8,,,0.0,,,,,,,,,,,,,
USC00043491,1939,4,9,,,0.0,,,,,,,,,,,,,
USC00043491,1939,5,1,,,0.0,,,,,,,,,,,,-9999.0,
USC00043491,1939,5,10,,,0.0,,,,,,,,,,,,-9999.0,
USC00043491,1939,5,11,,,300.0,,,,,,,,,,,,-9999.0,
USC00043491,1939,5,12,,,0.0,,,,,,,,,,,,-9999.0,
USC00043491,1939,5,13,,,0.0,,,,,,,,,,,,-9999.0,
USC00043491,1939,5,14,,,0.0,,,,,,,,,,,,-9999.0,
USC00043491,1939,5,15,,,0.0,,,,,,,,,,,,-9999.0,
USC00043491,1939,5,16,,,0.0,,,,,,,,,,,,-9999.0,
USC00043491,1939,5,17,,,0.0,,,,,,,,,,,,-9999.0,
USC00043491,1939,5,18,,,13.0,,,,,,,,,,,,-9999.0,
USC00043491,1939,5,19,,,0.0,,,,,,,,,,,,-9999.0,
USC00043491,1939,5,2,,,0.0,,,,,,,,,,,,-9999.0,
USC00043491,1939,5,20,,,0.0,,,,,,,,,,,,-9999.0,
USC00043491,1939,5,21,,,89.0,,,,,,,,,,,,1.0,
USC00043491,1939,5,22,,,368.0,,,,,,,,,,,,1.0,
USC00043491,1939,5,23,,,325.0,,,,,,,,,,,,-9999.0,
USC00043491,1939,5,24,,,0.0,,,,,,,,,,,,-9999.0,
USC00043491,1939,5,25,,,0.0,,,,,,,,,,,,-9999.0,
USC00043491,1939,5,26,,,0.0,,,,,,,,,,,,-9999.0,
USC00043491,1939,5,27,,,0.0,,,,,,,,,,,,-9999.0,
USC00043491,1939,5,28,,,0.0,,,,,,,,,,,,-9999.0,
USC00043491,1939,5,29,,,0.0,,,,,,,,,,,,-9999.0,
USC00043491,1939,5,3,,,0.0,,,,,,,,,,,,-9999.0,
USC00043491,1939,5,30,,,0.0,,,,,,,,,,,,-9999.0,
USC00043491,1939,5,31,,,0.0,,,,,,,,,,,,-9999.0,
USC00043491,1939,5,4,,,0.0,,,,,,,,,,,,-9999.0,
USC00043491,1939,5,5,,,0.0,,,,,,,,,,,,-9999.0,
USC00043491,1939,5,6,,,0.0,,,,,,,,,,,,-9999.0,
USC00043491,1939,5,7,,,0.0,,,,,,,,,,,,-9999.0,
USC00043491,1939,5,8,,,0.0,,,,,,,,,,,,-9999.0,
USC00043491,1939,5,9,,,0.0,,,,,,,,,,,,-9999.0,
USC00043491,1939,6,1,,,0.0,,-9999.0,,,,,,,,,,-9999.0,
USC00043491,1939,6,10,,,0.0,,-9999.0,,,,,,,,,,-9999.0,
USC00043491,1939,6,11,,,0.0,,-9999.0,,,,,,,,,,-9999.0,
USC00043491,1939,6,12,,,0.0,,-9999.0,,,,,,,,,,-9999.0,
USC00043491,1939,6,13,,,0.0,,-9999.0,,,,,,,,,,-9999.0,
USC00043491,1939,6,14,,,0.0,,-9999.0,,,,,,,,,,-9999.0,
USC00043491,1939,6,15,,,0.0,,0.0,,,,,,,,,,1.0,
USC00043491,1939,6,16,,,0.0,,-9999.0,,,,,,,,,,1.0,
USC00043491,1939,6,17,,,0.0,,-9999.0,,,,,,,,,,-9999.0,
USC00043491,1939,6,18,,,0.0,,-9999.0,,,,,,,,,,-9999.0,
USC00043491,1939,6,19,,,0.0,,-9999.0,,,,,,,,,,-9999.0,
USC00043491,1939,6,2,,,0.0,,-9999.0,,,,,,,,,,-9999.0,
USC00043491,1939,6,20,,,0.0,,-9999.0,,,,,,,,,,-9999.0,
USC00043491,1939,6,21,,,0.0,,-9999.0,,,,,,,,,,-9999.0,
USC00043491,1939,6,22,,,0.0,,-9999.0,,,,,,,,,,-9999.0,
USC00043491,1939,6,23,,,0.0,,-9999.0,,,,,,,,,,-9999.0,
USC00043491,1939,6,24,,,0.0,,-9999.0,,,,,,,,,,-9999.0,
USC00043491,1939,6,25,,,0.0,,-9999.0,,,,,,,,,,-9999.0,
USC00043491,1939,6,26,,,0.0,,-9999.0,,,,,,,,,,-9999.0,
USC00043491,1939,6,27,,,0.0,,-9999.0,,,,,,,,,,-9999.0,
USC00043491,1939,6,28,,,0.0,,-9999.0,,,,,,,,,,-9999.0,
USC00043491,1939,6,29,,,0.0,,-9999.0,,,,,,,,,,-9999.0,
USC00043491,1939,6,3,,,0.0,,-9999.0,,,,,,,,,,-9999.0,
USC00043491,1939,6,30,,,0.0,,-9999.0,,,,,,,,,,-9999.0,
USC00043491,1939,6,31,,,-9999.0,,-9999.0,,,,,,,,,,-9999.0,
USC00043491,1939,6,4,,,0.0,,-9999.0,,,,,,,,,,-9999.0,
USC00043491,1939,6,5,,,0.0,,-9999.0,,,,,,,,,,-9999.0,
USC00043491,1939,6,6,,,0.0,,-9999.0,,,,,,,,,,-9999.0,
USC00043491,1939,6,7,,,0.0,,-9999.0,,,,,,,,,,-9999.0,
USC00043491,1939,6,8,,,0.0,,-9999.0,,,,,,,,,,-9999.0,
USC00043491,1939,6,9,,,0.0,,-9999.0,,,,,,,,,,-9999.0,
USC00043491,1939,7,1,,,0.0,,,,,,,,,,,,,
USC00043491,1939,7,10,,,0.0,,,,,,,,,,,,,
USC00043491,1939,7,11,,,0.0,,,,,,,,,,,,,
USC00043491,1939,7,12,,,0.0,,,,,,,,,,,,,
USC00043491,1939,7,13,,,0.0,,,,,,,,,,,,,
USC00043491,1939,7,14,,,0.0,,,,,,,,,,,,,
USC00043491,1939,7,15,,,0.0,,,,,,,,,,,,,
USC00043491,1939,7,16,,,0.0,,,,,,,,,,,,,
USC00043491,1939,7,17,,,0.0,,,,,,,,,,,,,
USC00043491,1939,7,18,,,0.0,,,,,,,,,,,,,
USC00043491,1939,7,19,,,0.0,,,,,,,,,,,,,
USC00043491,1939,7,2,,,0.0,,,,,,,,,,,,,
USC00043491,1939,7,20,,,0.0,,,,,,,,,,,,,
USC00043491,1939,7,21,,,0.0,,,,,,,,,,,,,
USC00043491,1939,7,22,,,0.0,,,,,,,,,,,,,
USC00043491,1939,7,23,,,0.0,,,,,,,,,,,,,
USC00043491,1939,7,24,,,0.0,,,,,,,,,,,,,
USC00043491,1939,7,25,,,0.0,,,,,,,,,,,,,
USC00043491,1939,7,26,,,0.0,,,,,,,,,,,,,
USC00043491,1939,7,27,,,0.0,,,,,,,,,,,,,
USC00043491,1939,7,28,,,0.0,,,,,,,,,,,,,
USC00043491,1939,7,29,,,0.0,,,,,,,,,,,,,
USC00043491,1939,7,3,,,0.0,,,,,,,,,,,,,
USC00043491,1939,7,30,,,0.0,,,,,,,,,,,,,
USC00043491,1939,7,31,,,0.0,,,,,,,,,,,,,
USC00043491,1939,7,4,,,0.0,,,,,,,,,,,,,
USC00043491,1939,7,5,,,0.0,,,,,,,,,,,,,
USC00043491,1939,7,6,,,0.0,,,,,,,,,,,,,
USC00043491,1939,7,7,,,0.0,,,,,,,,,,,,,
USC00043491,1939,7,8,,,0.0,,,,,,,,,,,,,
USC00043491,1939,7,9,,,0.0,,,,,,,,,,,,,
USC00043491,1939,8,1,,,0.0,,,,,,,,,,,,,
USC00043491,1939,8,10,,,0.0,,,,,,,,,,,,,
USC00043491,1939,8,11,,,0.0,,,,,,,,,,,,,
USC00043491,1939,8,12,,,0.0,,,,,,,,,,,,,
USC00043491,1939,8,13,,,0.0,,,,,,,,,,,,,
USC00043491,1939,8,14,,,0.0,,,,,,,,,,,,,
USC00043491,1939,8,15,,,0.0,,,,,,,,,,,,,
USC00043491,1939,8,16,,,0.0,,,,,,,,,,,,,
USC00043491,1939,8,17,,,0.0,,,,,,,,,,,,,
USC00043491,1939,8,18,,,0.0,,,,,,,,,,,,,
USC00043491,1939,8,19,,,0.0,,,,,,,,,,,,,
USC00043491,1939,8,2,,,0.0,,,,,,,,,,,,,
USC00043491,1939,8,20,,,0.0,,,,,,,,,,,,,
USC00043491,1939,8,21,,,0.0,,,,,,,,,,,,,
USC00043491,1939,8,22,,,0.0,,,,,,,,,,,,,
USC00043491,1939,8,23,,,0.0,,,,,,,,,,,,,
USC00043491,1939,8,24,,,0.0,,,,,,,,,,,,,
USC00043491,1939,8,25,,,0.0,,,,,,,,,,,,,
USC00043491,1939,8,26,,,0.0,,,,,,,,,,,,,
USC00043491,1939,8,27,,,0.0,,,,,,,,,,,,,
USC00043491,1939,8,28,,,0.0,,,,,,,,,,,,,
USC00043491,1939,8,29,,,0.0,,,,,,,,,,,,,
USC00043491,1939,8,3,,,0.0,,,,,,,,,,,,,
USC00043491,1939,8,30,,,0.0,,,,,,,,,,,,,
USC00043491,1939,8,31,,,0.0,,,,,,,,,,,,,
USC00043491,1939,8,4,,,0.0,,,,,,,,,,,,,
USC00043491,1939,8,5,,,0.0,,,,,,,,,,,,,
USC00043491,1939,8,6,,,0.0,,,,,,,,,,,,,
USC00043491,1939,8,7,,,0.0,,,,,,,,,,,,,
USC00043491,1939,8,8,,,0.0,,,,,,,,,,,,,
USC00043491,1939,8,9,,,0.0,,,,,,,,,,,,,
USC00043491,1939,9,1,,,0.0,,,,,,,,,,,,-9999.0,
USC00043491,1939,9,10,,,0.0,,,,,,,,,,,,-9999.0,
USC00043491,1939,9,11,,,0.0,,,,,,,,,,,,-9999.0,
USC00043491,1939,9,12,,,0.0,,,,,,,,,,,,-9999.0,
USC00043491,1939,9,13,,,127.0,,,,,,,,,,,,-9999.0,
USC00043491,1939,9,14,,,0.0,,,,,,,,,,,,-9999.0,
USC00043491,1939,9,15,,,0.0,,,,,,,,,,,,-9999.0,
USC00043491,1939,9,16,,,0.0,,,,,,,,,,,,-9999.0,
USC00043491,1939,9,17,,,0.0,,,,,,,,,,,,-9999.0,
USC00043491,1939,9,18,,,0.0,,,,,,,,,,,,-9999.0,
USC00043491,1939,9,19,,,0.0,,,,,,,,,,,,-9999.0,
USC00043491,1939,9,2,,,0.0,,,,,,,,,,,,-9999.0,
USC00043491,1939,9,20,,,0.0,,,,,,,,,,,,-9999.0,
USC00043491,1939,9,21,,,0.0,,,,,,,,,,,,-9999.0,
USC00043491,1939,9,22,,,0.0,,,,,,,,,,,,-9999.0,
USC00043491,1939,9,23,,,0.0,,,,,,,,,,,,-9999.0,
USC00043491,1939,9,24,,,0.0,,,,,,,,,,,,-9999.0,
USC00043491,1939,9,25,,,0.0,,,,,,,,,,,,1.0,
USC00043491,1939,9,26,,,107.0,,,,,,,,,,,,1.0,
USC00043491,1939,9,27,,,0.0,,,,,,,,,,,,-9999.0,
USC00043491,1939,9,28,,,0.0,,,,,,,,,,,,-9999.0,
USC00043491,1939,9,29,,,0.0,,,,,,,,,,,,-9999.0,
USC00043491,1939,9,3,,,0.0,,,,,,,,,,,,-9999.0,
USC00043491,1939,9,30,,,0.0,,,,,,,,,,,,-9999.0,
USC00043491,1939,9,31,,,-9999.0,,,,,,,,,,,,-9999.0,
USC00043491,1939,9,4,,,0.0,,,,,,,,,,,,-9999.0,
USC00043491,1939,9,5,,,0.0,,,,,,,,,,,,-9999.0,
USC00043491,1939,9,6,,,0.0,,,,,,,,,,,,-9999.0,
USC00043491,1939,9,7,,,0.0,,,,,,,,,,,,-9999.0,
USC00043491,1939,9,8,,,0.0,,,,,,,,,,,,-9999.0,
USC00043491,1939,9,9,,,0.0,,,,,,,,,,,,-9999.0,
USC00043491,1939,10,1,,,0.0,,,,,,,,,,,,-9999.0,
USC00043491,1939,10,10,,,0.0,,,,,,,,,,,,-9999.0,
USC00043491,1939,10,11,,,0.0,,,,,,,,,,,,-9999.0,
USC00043491,1939,10,12,,,0.0,,,,,,,,,,,,-9999.0,
USC00043491,1939,10,13,,,0.0,,,,,,,,,,,,-9999.0,
USC00043491,1939,10,14,,,0.0,,,,,,,,,,,,-9999.0,
USC00043491,1939,10,15,,,0.0,,,,,,,,,,,,-9999.0,
USC00043491,1939,10,16,,,0.0,,,,,,,,,,,,-9999.0,
USC00043491,1939,10,17,,,0.0,,,,,,,,,,,,-9999.0,
USC00043491,1939,10,18,,,0.0,,,,,,,,,,,,-9999.0,
USC00043491,1939,10,19,,,0.0,,,,,,,,,,,,-9999.0,
USC00043491,1939,10,2,,,274.0,,,,,,,,,,,,-9999.0,
USC00043491,1939,10,20,,,0.0,,,,,,,,,,,,-9999.0,
USC00043491,1939,10,21,,,0.0,,,,,,,,,,,,-9999.0,
USC00043491,1939,10,22,,,0.0,,,,,,,,,,,,-9999.0,
USC00043491,1939,10,23,,,0.0,,,,,,,,,,,,-9999.0,
USC00043491,1939,10,24,,,0.0,,,,,,,,,,,,1.0,
USC00043491,1939,10,25,,,267.0,,,,,,,,,,,,-9999.0,
USC00043491,1939,10,26,,,0.0,,,,,,,,,,,,-9999.0,
USC00043491,1939,10,27,,,0.0,,,,,,,,,,,,-9999.0,
USC00043491,1939,10,28,,,0.0,,,,,,,,,,,,-9999.0,
USC00043491,1939,10,29,,,0.0,,,,,,,,,,,,-9999.0,
USC00043491,1939,10,3,,,0.0,,,,,,,,,,,,-9999.0,
USC00043491,1939,10,30,,,0.0,,,,,,,,,,,,-9999.0,
USC00043491,1939,10,31,,,0.0,,,,,,,,,,,,-9999.0,
USC00043491,1939,10,4,,,0.0,,,,,,,,,,,,-9999.0,
USC00043491,1939,10,5,,,0.0,,,,,,,,,,,,-9999.0,
USC00043491,1939,10,6,,,56.0,,,,,,,,,,,,1.0,
USC00043491,1939,10,7,,,140.0,,,,,,,,,,,,-9999.0,
USC00043491,1939,10,8,,,0.0,,,,,,,,,,,,-9999.0,
USC00043491,1939,10,9,,,0.0,,,,,,,,,,,,-9999.0,
USC00043491,1939,11,1,,,0.0,,,,,,,,,,,,,
USC00043491,1939,11,10,,,0.0,,,,,,,,,,,,,
USC00043491,1939,11,11,,,0.0,,,,,,,,,,,,,
USC00043491,1939,11,12,,,0.0,,,,,,,,,,,,,
USC00043491,1939,11,13,,,0.0,,,,,,,,,,,,,
USC00043491,1939,11,14,,,0.0,,,,,,,,,,,,,
USC00043491,1939,11,15,,,0.0,,,,,,,,,,,,,
USC00043491,1939,11,16,,,0.0,,,,,,,,,,,,,
USC00043491,1939,11,17,,,0.0,,,,,,,,,,,,,
USC00043491,1939,11,18,,,0.0,,,,,,,,,,,,,
USC00043491,1939,11,19,,,0.0,,,,,,,,,,,,,
USC00043491,1939,11,2,,,0.0,,,,,,,,,,,,,
USC00043491,1939,11,20,,,0.0,,,,,,,,,,,,,
USC00043491,1939,11,21,,,0.0,,,,,,,,,,,,,
USC00043491,1939,11,22,,,0.0,,,,,,,,,,,,,
USC00043491,1939,11,23,,,0.0,,,,,,,,,,,,,
USC00043491,1939,11,24,,,0.0,,,,,,,,,,,,,
USC00043491,1939,11,25,,,25.0,,,,,,,,,,,,,
USC00043491,1939,11,26,,,0.0,,,,,,,,,,,,,
USC00043491,1939,11,27,,,0.0,,,,,,,,,,,,,
USC00043491,1939,11,28,,,0.0,,,,,,,,,,,,,
USC00043491,1939,11,29,,,0.0,,,,,,,,,,,,,
USC00043491,1939,11,3,,,0.0,,,,,,,,,,,,,
USC00043491,1939,11,30,,,0.0,,,,,,,,,,,,,
USC00043491,1939,11,31,,,-9999.0,,,,,,,,,,,,,
USC00043491,1939,11,4,,,0.0,,,,,,,,,,,,,
USC00043491,1939,11,5,,,0.0,,,,,,,,,,,,,
USC00043491,1939,11,6,,,0.0,,,,,,,,,,,,,
USC00043491,1939,11,7,,,0.0,,,,,,,,,,,,,
USC00043491,1939,11,8,,,0.0,,,,,,,,,,,,,
USC00043491,1939,11,9,,,0.0,,,,,,,,,,,,,
USC00043491,1939,12,1,,,0.0,0.0,,,,,,,,,,,-9999.0,
USC00043491,1939,12,10,,,0.0,0.0,,,,,,,,,,,-9999.0,
USC00043491,1939,12,11,,,457.0,0.0,,,,,,,,,,,-9999.0,
USC00043491,1939,12,12,,,0.0,0.0,,,,,,,,,,,-9999.0,
USC00043491,1939,12,13,,,0.0,0.0,,,,,,,,,,,-9999.0,
USC00043491,1939,12,14,,,0.0,0.0,,,,,,,,,,,-9999.0,
USC00043491,1939,12,15,,,0.0,0.0,,,,,,,,,,,-9999.0,
USC00043491,1939,12,16,,,0.0,0.0,,,,,,,,,,,-9999.0,
USC00043491,1939,12,17,,,0.0,0.0,,,,,,,,,,,1.0,
USC00043491,1939,12,18,,,20.0,0.0,,,,,,,,,,,-9999.0,
USC00043491,1939,12,19,,,46.0,0.0,,,,,,,,,,,-9999.0,
USC00043491,1939,12,2,,,0.0,0.0,,,,,,,,,,,-9999.0,
USC00043491,1939,12,20,,,0.0,0.0,,,,,,,,,,,-9999.0,
USC00043491,1939,12,21,,,0.0,0.0,,,,,,,,,,,-9999.0,
USC00043491,1939,12,22,,,0.0,0.0,,,,,,,,,,,-9999.0,
USC00043491,1939,12,23,,,0.0,0.0,,,,,,,,,,,-9999.0,
USC00043491,1939,12,24,,,0.0,0.0,,,,,,,,,,,-9999.0,
USC00043491,1939,12,25,,,0.0,0.0,,,,,,,,,,,-9999.0,
USC00043491,1939,12,26,,,0.0,0.0,,,,,,,,,,,-9999.0,
USC00043491,1939,12,27,,,0.0,0.0,,,,,,,,,,,-9999.0,
USC00043491,1939,12,28,,,0.0,0.0,,,,,,,,,,,-9999.0,
USC00043491,1939,12,29,,,71.0,0.0,,,,,,,,,,,-9999.0,
USC00043491,1939,12,3,,,0.0,0.0,,,,,,,,,,,-9999.0,
USC00043491,1939,12,30,,,-9999.0,0.0,,,,,,,,,,,-9999.0,
USC00043491,1939,12,31,,,0.0,0.0,,,,,,,,,,,-9999.0,
USC00043491,1939,12,4,,,0.0,0.0,,,,,,,,,,,-9999.0,
USC00043491,1939,12,5,,,0.0,0.0,,,,,,,,,,,-9999.0,
USC00043491,1939,12,6,,,89.0,0.0,,,,,,,,,,,-9999.0,
USC00043491,1939,12,7,,,0.0,0.0,,,,,,,,,,,-9999.0,
USC00043491,1939,12,8,,,0.0,0.0,,,,,,,,,,,-9999.0,
USC00043491,1939,12,9,,,0.0,0.0,,,,,,,,,,,-9999.0,
USC00043491,1940,1,1,,,147.0,,,,,,,,,,,,-9999.0,
USC00043491,1940,1,10,,,127.0,,,,,,,,,,,,1.0,
USC00043491,1940,1,11,,,305.0,,,,,,,,,,,,1.0,
USC00043491,1940,1,12,,,401.0,,,,,,,,,,,,1.0,
USC00043491,1940,1,13,,,81.0,,,,,,,,,,,,-9999.0,
USC00043491,1940,1,14,,,0.0,,,,,,,,,,,,-9999.0,
USC00043491,1940,1,15,,,0.0,,,,,,,,,,,,-9999.0,
USC00043491,1940,1,16,,,0.0,,,,,,,,,,,,-9999.0,
USC00043491,1940,1,17,,,0.0,,,,,,,,,,,,-9999.0,
USC00043491,1940,1,18,,,0.0,,,,,,,,,,,,-9999.0,
USC00043491,1940,1,19,,,0.0,,,,,,,,,,,,-9999.0,
USC00043491,1940,1,2,,,643.0,,,,,,,,,,,,1.0,
USC00043491,1940,1,20,,,0.0,,,,,,,,,,,,-9999.0,
USC00043491,1940,1,21,,,0.0,,,,,,,,,,,,-9999.0,
USC00043491,1940,1,22,,,0.0,,,,,,,,,,,,-9999.0,
USC00043491,1940,1,23,,,0.0,,,,,,,,,,,,-9999.0,
USC00043491,1940,1,24,,,30.0,,,,,,,,,,,,1.0,
USC00043491,1940,1,25,,,107.0,,,,,,,,,,,,1.0,
USC00043491,1940,1,26,,,775.0,,,,,,,,,,,,1.0,
USC00043491,1940,1,27,,,366.0,,,,,,,,,,,,-9999.0,
USC00043491,1940,1,28,,,0.0,,,,,,,,,,,,-9999.0,
USC00043491,1940,1,29,,,0.0,,,,,,,,,,,,-9999.0,
USC00043491,1940,1,3,,,457.0,,,,,,,,,,,,-9999.0,
USC00043491,1940,1,30,,,0.0,,,,,,,,,,,,-9999.0,
USC00043491,1940,1,31,,,0.0,,,,,,,,,,,,-9999.0,
USC00043491,1940,1,4,,,254.0,,,,,,,,,,,,1.0,
USC00043491,1940,1,5,,,51.0,,,,,,,,,,,,-9999.0,
USC00043491,1940,1,6,,,13.0,,,,,,,,,,,,-9999.0,
USC00043491,1940,1,7,,,0.0,,,,,,,,,,,,-9999.0,
USC00043491,1940,1,8,,,584.0,,,,,,,,,,,,1.0,
USC00043491,1940,1,9,,,851.0,,,,,,,,,,,,1.0,
USC00043491,1940,2,1,,,0.0,,,,,,,,,,,,-9999.0,
USC00043491,1940,2,10,,,0.0,,,,,,,,,,,,-9999.0,
USC00043491,1940,2,11,,,0.0,,,,,,,,,,,,-9999.0,
USC00043491,1940,2,12,,,0.0,,,,,,,,,,,,-9999.0,
USC00043491,1940,2,13,,,0.0,,,,,,,,,,,,1.0,
USC00043491,1940,2,14,,,452.0,,,,,,,,,,,,1.0,
USC00043491,1940,2,15,,,211.0,,,,,,,,,,,,-9999.0,
USC00043491,1940,2,16,,,0.0,,,,,,,,,,,,-9999.0,
USC00043491,1940,2,17,,,58.0,,,,,,,,,,,,1.0,
USC00043491,1940,2,18,,,226.0,,,,,,,,,,,,-9999.0,
USC00043491,1940,2,19,,,0.0,,,,,,,,,,,,-9999.0,
USC00043491,1940,2,2,,,0.0,,,,,,,,,,,,-9999.0,
USC00043491,1940,2,20,,,0.0,,,,,,,,,,,,-9999.0,
USC00043491,1940,2,21,,,0.0,,,,,,,,,,,,-9999.0,
USC00043491,1940,2,22,,,0.0,,,,,,,,,,,,-9999.0,
USC00043491,1940,2,23,,,109.0,,,,,,,,,,,,1.0,
USC00043491,1940,2,24,,,185.0,,,,,,,,,,,,-9999.0,
USC00043491,1940,2,25,,,28.0,,,,,,,,,,,,1.0,
USC00043491,1940,2,26,,,389.0,,,,,,,,,,,,1.0,
USC00043491,1940,2,27,,,909.0,,,,,,,,,,,,1.0,
USC00043491,1940,2,28,,,752.0,,,,,,,,,,,,1.0,
USC00043491,1940,2,29,,,724.0,,,,,,,,,,,,1.0,
USC00043491,1940,2,3,,,107.0,,,,,,,,,,,,1.0,
USC00043491,1940,2,30,,,-9999.0,,,,,,,,,,,,-9999.0,
USC00043491,1940,2,31,,,-9999.0,,,,,,,,,,,,-9999.0,
USC00043491,1940,2,4,,,297.0,,,,,,,,,,,,1.0,
USC00043491,1940,2,5,,,231.0,,,,,,,,,,,,1.0,
USC00043491,1940,2,6,,,0.0,,,,,,,,,,,,1.0,
USC00043491,1940,2,7,,,198.0,,,,,,,,,,,,-9999.0,
USC00043491,1940,2,8,,,0.0,,,,,,,,,,,,-9999.0,
USC00043491,1940,2,9,,,0.0,,,,,,,,,,,,-9999.0,
USC00043491,1940,3,1,,,86.0,,,,,,,,,,,-9999.0,-9999.0,
USC00043491,1940,3,10,,,0.0,,,,,,,,,,,-9999.0,1.0,
USC00043491,1940,3,11,,,46.0,,,,,,,,,,,-9999.0,-9999.0,
USC00043491,1940,3,12,,,0.0,,,,,,,,,,,-9999.0,-9999.0,
USC00043491,1940,3,13,,,0.0,,,,,,,,,,,-9999.0,-9999.0,
USC00043491,1940,3,14,,,0.0,,,,,,,,,,,-9999.0,-9999.0,
USC00043491,1940,3,15,,,0.0,,,,,,,,,,,-9999.0,-9999.0,
USC00043491,1940,3,16,,,66.0,,,,,,,,,,,-9999.0,-9999.0,
USC00043491,1940,3,17,,,0.0,,,,,,,,,,,-9999.0,-9999.0,
USC00043491,1940,3,18,,,0.0,,,,,,,,,,,-9999.0,-9999.0,
USC00043491,1940,3,19,,,0.0,,,,,,,,,,,-9999.0,-9999.0,
USC00043491,1940,3,2,,,69.0,,,,,,,,,,,1.0,-9999.0,
USC00043491,1940,3,20,,,0.0,,,,,,,,,,,-9999.0,-9999.0,
USC00043491,1940,3,21,,,0.0,,,,,,,,,,,-9999.0,-9999.0,
USC00043491,1940,3,22,,,0.0,,,,,,,,,,,-9999.0,-9999.0,
USC00043491,1940,3,23,,,0.0,,,,,,,,,,,-9999.0,-9999.0,
USC00043491,1940,3,24,,,0.0,,,,,,,,,,,-9999.0,-9999.0,
USC00043491,1940,3,25,,,213.0,,,,,,,,,,,-9999.0,-9999.0,
USC00043491,1940,3,26,,,109.0,,,,,,,,,,,-9999.0,1.0,
USC00043491,1940,3,27,,,871.0,,,,,,,,,,,-9999.0,1.0,
USC00043491,1940,3,28,,,76.0,,,,,,,,,,,-9999.0,1.0,
USC00043491,1940,3,29,,,249.0,,,,,,,,,,,-9999.0,1.0,
USC00043491,1940,3,3,,,0.0,,,,,,,,,,,-9999.0,-9999.0,
USC00043491,1940,3,30,,,960.0,,,,,,,,,,,-9999.0,1.0,
USC00043491,1940,3,31,,,729.0,,,,,,,,,,,-9999.0,-9999.0,
USC00043491,1940,3,4,,,0.0,,,,,,,,,,,-9999.0,-9999.0,
USC00043491,1940,3,5,,,0.0,,,,,,,,,,,-9999.0,-9999.0,
USC00043491,1940,3,6,,,0.0,,,,,,,,,,,-9999.0,-9999.0,
USC00043491,1940,3,7,,,0.0,,,,,,,,,,,-9999.0,-9999.0,
USC00043491,1940,3,8,,,0.0,,,,,,,,,,,-9999.0,-9999.0,
USC00043491,1940,3,9,,,0.0,,,,,,,,,,,-9999.0,-9999.0,
USC00043491,1940,4,1,,,0.0,,,,,,,,,,,,,
USC00043491,1940,4,10,,,0.0,,,,,,,,,,,,,
USC00043491,1940,4,11,,,0.0,,,,,,,,,,,,,
USC00043491,1940,4,12,,,0.0,,,,,,,,,,,,,
USC00043491,1940,4,13,,,0.0,,,,,,,,,,,,,
USC00043491,1940,4,14,,,0.0,,,,,,,,,,,,,
USC00043491,1940,4,15,,,165.0,,,,,,,,,,,,,
USC00043491,1940,4,16,,,0.0,,,,,,,,,,,,,
USC00043491,1940,4,17,,,0.0,,,,,,,,,,,,,
USC00043491,1940,4,18,,,0.0,,,,,,,,,,,,,
USC00043491,1940,4,19,,,0.0,,,,,,,,,,,,,
USC00043491,1940,4,2,,,0.0,,,,,,,,,,,,,
USC00043491,1940,4,20,,,0.0,,,,,,,,,,,,,
USC00043491,1940,4,21,,,0.0,,,,,,,,,,,,,
USC00043491,1940,4,22,,,0.0,,,,,,,,,,,,,
USC00043491,1940,4,23,,,0.0,,,,,,,,,,,,,
USC00043491,1940,4,24,,,0.0,,,,,,,,,,,,,
USC00043491,1940,4,25,,,0.0,,,,,,,,,,,,,
USC00043491,1940,4,26,,,86.0,,,,,,,,,,,,,
USC00043491,1940,4,27,,,71.0,,,,,,,,,,,,,
USC00043491,1940,4,28,,,0.0,,,,,,,,,,,,,
USC00043491,1940,4,29,,,51.0,,,,,,,,,,,,,
USC00043491,1940,4,3,,,0.0,,,,,,,,,,,,,
USC00043491,1940,4,30,,,0.0,,,,,,,,,,,,,
USC00043491,1940,4,31,,,-9999.0,,,,,,,,,,,,,
USC00043491,1940,4,4,,,99.0,,,,,,,,,,,,,
USC00043491,1940,4,5,,,0.0,,,,,,,,,,,,,
USC00043491,1940,4,6,,,0.0,,,,,,,,,,,,,
USC00043491,1940,4,7,,,13.0,,,,,,,,,,,,,
USC00043491,1940,4,8,,,30.0,,,,,,,,,,,,,
USC00043491,1940,4,9,,,0.0,,,,,,,,,,,,,
USC00043491,1940,5,1,,,0.0,,,,,,,,,,,,,
USC00043491,1940,5,10,,,0.0,,,,,,,,,,,,,
USC00043491,1940,5,11,,,0.0,,,,,,,,,,,,,
USC00043491,1940,5,12,,,0.0,,,,,,,,,,,,,
USC00043491,1940,5,13,,,0.0,,,,,,,,,,,,,
USC00043491,1940,5,14,,,0.0,,,,,,,,,,,,,
USC00043491,1940,5,15,,,0.0,,,,,,,,,,,,,
USC00043491,1940,5,16,,,0.0,,,,,,,,,,,,,
USC00043491,1940,5,17,,,0.0,,,,,,,,,,,,,
USC00043491,1940,5,18,,,0.0,,,,,,,,,,,,,
USC00043491,1940,5,19,,,0.0,,,,,,,,,,,,,
USC00043491,1940,5,2,,,0.0,,,,,,,,,,,,,
USC00043491,1940,5,20,,,0.0,,,,,,,,,,,,,
USC00043491,1940,5,21,,,0.0,,,,,,,,,,,,,
USC00043491,1940,5,22,,,0.0,,,,,,,,,,,,,
USC00043491,1940,5,23,,,0.0,,,,,,,,,,,,,
USC00043491,1940,5,24,,,0.0,,,,,,,,,,,,,
USC00043491,1940,5,25,,,0.0,,,,,,,,,,,,,
USC00043491,1940,5,26,,,0.0,,,,,,,,,,,,,
USC00043491,1940,5,27,,,0.0,,,,,,,,,,,,,
USC00043491,1940,5,28,,,0.0,,,,,,,,,,,,,
USC00043491,1940,5,29,,,0.0,,,,,,,,,,,,,
USC00043491,1940,5,3,,,56.0,,,,,,,,,,,,,
USC00043491,1940,5,30,,,0.0,,,,,,,,,,,,,
USC00043491,1940,5,31,,,188.0,,,,,,,,,,,,,
USC00043491,1940,5,4,,,114.0,,,,,,,,,,,,,
USC00043491,1940,5,5,,,51.0,,,,,,,,,,,,,
USC00043491,1940,5,6,,,0.0,,,,,,,,,,,,,
USC00043491,1940,5,7,,,0.0,,,,,,,,,,,,,
USC00043491,1940,5,8,,,0.0,,,,,,,,,,,,,
USC00043491,1940,5,9,,,0.0,,,,,,,,,,,,,
USC00043491,1940,6,1,,,0.0,,,,,,,,,,,,,
USC00043491,1940,6,10,,,0.0,,,,,,,,,,,,,
USC00043491,1940,6,11,,,0.0,,,,,,,,,,,,,
USC00043491,1940,6,12,,,0.0,,,,,,,,,,,,,
USC00043491,1940,6,13,,,0.0,,,,,,,,,,,,,
USC00043491,1940,6,14,,,0.0,,,,,,,,,,,,,
USC00043491,1940,6,15,,,0.0,,,,,,,,,,,,,
USC00043491,1940,6,16,,,0.0,,,,,,,,,,,,,
USC00043491,1940,6,17,,,0.0,,,,,,,,,,,,,
USC00043491,1940,6,18,,,0.0,,,,,,,,,,,,,
USC00043491,1940,6,19,,,0.0,,,,,,,,,,,,,
USC00043491,1940,6,2,,,0.0,,,,,,,,,,,,,
USC00043491,1940,6,20,,,0.0,,,,,,,,,,,,,
USC00043491,1940,6,21,,,0.0,,,,,,,,,,,,,
USC00043491,1940,6,22,,,0.0,,,,,,,,,,,,,
USC00043491,1940,6,23,,,0.0,,,,,,,,,,,,,
USC00043491,1940,6,24,,,0.0,,,,,,,,,,,,,
USC00043491,1940,6,25,,,0.0,,,,,,,,,,,,,
USC00043491,1940,6,26,,,0.0,,,,,,,,,,,,,
USC00043491,1940,6,27,,,0.0,,,,,,,,,,,,,
USC00043491,1940,6,28,,,0.0,,,,,,,,,,,,,
USC00043491,1940,6,29,,,0.0,,,,,,,,,,,,,
USC00043491,1940,6,3,,,0.0,,,,,,,,,,,,,
USC00043491,1940,6,30,,,0.0,,,,,,,,,,,,,
USC00043491,1940,6,31,,,-9999.0,,,,,,,,,,,,,
USC00043491,1940,6,4,,,0.0,,,,,,,,,,,,,
USC00043491,1940,6,5,,,0.0,,,,,,,,,,,,,
USC00043491,1940,6,6,,,0.0,,,,,,,,,,,,,
USC00043491,1940,6,7,,,0.0,,,,,,,,,,,,,
USC00043491,1940,6,8,,,0.0,,,,,,,,,,,,,
USC00043491,1940,6,9,,,0.0,,,,,,,,,,,,,
USC00043491,1940,7,1,,,0.0,,,,,,,,,,,,,
USC00043491,1940,7,10,,,0.0,,,,,,,,,,,,,
USC00043491,1940,7,11,,,0.0,,,,,,,,,,,,,
USC00043491,1940,7,12,,,0.0,,,,,,,,,,,,,
USC00043491,1940,7,13,,,0.0,,,,,,,,,,,,,
USC00043491,1940,7,14,,,0.0,,,,,,,,,,,,,
USC00043491,1940,7,15,,,0.0,,,,,,,,,,,,,
USC00043491,1940,7,16,,,0.0,,,,,,,,,,,,,
USC00043491,1940,7,17,,,0.0,,,,,,,,,,,,,
USC00043491,1940,7,18,,,0.0,,,,,,,,,,,,,
USC00043491,1940,7,19,,,0.0,,,,,,,,,,,,,
USC00043491,1940,7,2,,,0.0,,,,,,,,,,,,,
USC00043491,1940,7,20,,,0.0,,,,,,,,,,,,,
USC00043491,1940,7,21,,,0.0,,,,,,,,,,,,,
USC00043491,1940,7,22,,,0.0,,,,,,,,,,,,,
USC00043491,1940,7,23,,,0.0,,,,,,,,,,,,,
USC00043491,1940,7,24,,,0.0,,,,,,,,,,,,,
USC00043491,1940,7,25,,,0.0,,,,,,,,,,,,,
USC00043491,1940,7,26,,,0.0,,,,,,,,,,,,,
USC00043491,1940,7,27,,,0.0,,,,,,,,,,,,,
USC00043491,1940,7,28,,,0.0,,,,,,,,,,,,,
USC00043491,1940,7,29,,,0.0,,,,,,,,,,,,,
USC00043491,1940,7,3,,,0.0,,,,,,,,,,,,,
USC00043491,1940,7,30,,,0.0,,,,,,,,,,,,,
USC00043491,1940,7,31,,,0.0,,,,,,,,,,,,,
USC00043491,1940,7,4,,,0.0,,,,,,,,,,,,,
USC00043491,1940,7,5,,,0.0,,,,,,,,,,,,,
USC00043491,1940,7,6,,,0.0,,,,,,,,,,,,,
USC00043491,1940,7,7,,,0.0,,,,,,,,,,,,,
USC00043491,1940,7,8,,,0.0,,,,,,,,,,,,,
USC00043491,1940,7,9,,,0.0,,,,,,,,,,,,,
USC00043491,1940,8,1,,,0.0,,,,,,,,,,,,,
USC00043491,1940,8,10,,,0.0,,,,,,,,,,,,,
USC00043491,1940,8,11,,,0.0,,,,,,,,,,,,,
USC00043491,1940,8,12,,,0.0,,,,,,,,,,,,,
USC00043491,1940,8,13,,,0.0,,,,,,,,,,,,,
USC00043491,1940,8,14,,,0.0,,,,,,,,,,,,,
USC00043491,1940,8,15,,,0.0,,,,,,,,,,,,,
USC00043491,1940,8,16,,,0.0,,,,,,,,,,,,,
USC00043491,1940,8,17,,,0.0,,,,,,,,,,,,,
USC00043491,1940,8,18,,,0.0,,,,,,,,,,,,,
USC00043491,1940,8,19,,,0.0,,,,,,,,,,,,,
USC00043491,1940,8,2,,,0.0,,,,,,,,,,,,,
USC00043491,1940,8,20,,,0.0,,,,,,,,,,,,,
USC00043491,1940,8,21,,,0.0,,,,,,,,,,,,,
USC00043491,1940,8,22,,,0.0,,,,,,,,,,,,,
USC00043491,1940,8,23,,,0.0,,,,,,,,,,,,,
USC00043491,1940,8,24,,,0.0,,,,,,,,,,,,,
USC00043491,1940,8,25,,,0.0,,,,,,,,,,,,,
USC00043491,1940,8,26,,,0.0,,,,,,,,,,,,,
USC00043491,1940,8,27,,,0.0,,,,,,,,,,,,,
USC00043491,1940,8,28,,,0.0,,,,,,,,,,,,,
USC00043491,1940,8,29,,,0.0,,,,,,,,,,,,,
USC00043491,1940,8,3,,,0.0,,,,,,,,,,,,,
USC00043491,1940,8,30,,,0.0,,,,,,,,,,,,,
USC00043491,1940,8,31,,,0.0,,,,,,,,,,,,,
USC00043491,1940,8,4,,,0.0,,,,,,,,,,,,,
USC00043491,1940,8,5,,,0.0,,,,,,,,,,,,,
USC00043491,1940,8,6,,,0.0,,,,,,,,,,,,,
USC00043491,1940,8,7,,,0.0,,,,,,,,,,,,,
USC00043491,1940,8,8,,,0.0,,,,,,,,,,,,,
USC00043491,1940,8,9,,,0.0,,,,,,,,,,,,,
USC00043491,1940,9,1,,,0.0,,,,,,,,,,,,,
USC00043491,1940,9,10,,,0.0,,,,,,,,,,,,,
USC00043491,1940,9,11,,,0.0,,,,,,,,,,,,,
USC00043491,1940,9,12,,,0.0,,,,,,,,,,,,,
USC00043491,1940,9,13,,,0.0,,,,,,,,,,,,,
USC00043491,1940,9,14,,,0.0,,,,,,,,,,,,,
USC00043491,1940,9,15,,,0.0,,,,,,,,,,,,,
USC00043491,1940,9,16,,,0.0,,,,,,,,,,,,,
USC00043491,1940,9,17,,,0.0,,,,,,,,,,,,,
USC00043491,1940,9,18,,,69.0,,,,,,,,,,,,,
USC00043491,1940,9,19,,,0.0,,,,,,,,,,,,,
USC00043491,1940,9,2,,,0.0,,,,,,,,,,,,,
USC00043491,1940,9,20,,,0.0,,,,,,,,,,,,,
USC00043491,1940,9,21,,,0.0,,,,,,,,,,,,,
USC00043491,1940,9,22,,,0.0,,,,,,,,,,,,,
USC00043491,1940,9,23,,,0.0,,,,,,,,,,,,,
USC00043491,1940,9,24,,,0.0,,,,,,,,,,,,,
USC00043491,1940,9,25,,,0.0,,,,,,,,,,,,,
USC00043491,1940,9,26,,,0.0,,,,,,,,,,,,,
USC00043491,1940,9,27,,,102.0,,,,,,,,,,,,,
USC00043491,1940,9,28,,,0.0,,,,,,,,,,,,,
USC00043491,1940,9,29,,,0.0,,,,,,,,,,,,,
USC00043491,1940,9,3,,,0.0,,,,,,,,,,,,,
USC00043491,1940,9,30,,,0.0,,,,,,,,,,,,,
USC00043491,1940,9,31,,,-9999.0,,,,,,,,,,,,,
USC00043491,1940,9,4,,,0.0,,,,,,,,,,,,,
USC00043491,1940,9,5,,,0.0,,,,,,,,,,,,,
USC00043491,1940,9,6,,,0.0,,,,,,,,,,,,,
USC00043491,1940,9,7,,,0.0,,,,,,,,,,,,,
USC00043491,1940,9,8,,,0.0,,,,,,,,,,,,,
USC00043491,1940,9,9,,,0.0,,,,,,,,,,,,,
USC00043491,1940,10,1,,,0.0,,,,,,,,,,,,-9999.0,
USC00043491,1940,10,10,,,0.0,,,,,,,,,,,,-9999.0,
USC00043491,1940,10,11,,,0.0,,,,,,,,,,,,-9999.0,
USC00043491,1940,10,12,,,0.0,,,,,,,,,,,,-9999.0,
USC00043491,1940,10,13,,,0.0,,,,,,,,,,,,-9999.0,
USC00043491,1940,10,14,,,0.0,,,,,,,,,,,,-9999.0,
USC00043491,1940,10,15,,,0.0,,,,,,,,,,,,-9999.0,
USC00043491,1940,10,16,,,0.0,,,,,,,,,,,,-9999.0,
USC00043491,1940,10,17,,,0.0,,,,,,,,,,,,-9999.0,
USC00043491,1940,10,18,,,0.0,,,,,,,,,,,,-9999.0,
USC00043491,1940,10,19,,,0.0,,,,,,,,,,,,-9999.0,
USC00043491,1940,10,2,,,0.0,,,,,,,,,,,,-9999.0,
USC00043491,1940,10,20,,,0.0,,,,,,,,,,,,-9999.0,
USC00043491,1940,10,21,,,0.0,,,,,,,,,,,,-9999.0,
USC00043491,1940,10,22,,,0.0,,,,,,,,,,,,-9999.0,
USC00043491,1940,10,23,,,0.0,,,,,,,,,,,,-9999.0,
USC00043491,1940,10,24,,,0.0,,,,,,,,,,,,-9999.0,
USC00043491,1940,10,25,,,335.0,,,,,,,,,,,,1.0,
USC00043491,1940,10,26,,,76.0,,,,,,,,,,,,1.0,
USC00043491,1940,10,27,,,229.0,,,,,,,,,,,,-9999.0,
USC00043491,1940,10,28,,,0.0,,,,,,,,,,,,-9999.0,
USC00043491,1940,10,29,,,0.0,,,,,,,,,,,,1.0,
USC00043491,1940,10,3,,,64.0,,,,,,,,,,,,-9999.0,
USC00043491,1940,10,30,,,58.0,,,,,,,,,,,,-9999.0,
USC00043491,1940,10,31,,,0.0,,,,,,,,,,,,-9999.0,
USC00043491,1940,10,4,,,0.0,,,,,,,,,,,,-9999.0,
USC00043491,1940,10,5,,,0.0,,,,,,,,,,,,-9999.0,
USC00043491,1940,10,6,,,0.0,,,,,,,,,,,,-9999.0,
USC00043491,1940,10,7,,,0.0,,,,,,,,,,,,-9999.0,
USC00043491,1940,10,8,,,0.0,,,,,,,,,,,,-9999.0,
USC00043491,1940,10,9,,,0.0,,,,,,,,,,,,-9999.0,
USC00043491,1940,11,1,,,-9999.0,,,,,,,,,,,,-9999.0,
USC00043491,1940,11,10,,,89.0,,,,,,,,,,,,-9999.0,
USC00043491,1940,11,11,,,-9999.0,,,,,,,,,,,,-9999.0,
USC00043491,1940,11,12,,,-9999.0,,,,,,,,,,,,-9999.0,
USC00043491,1940,11,13,,,-9999.0,,,,,,,,,,,,-9999.0,
USC00043491,1940,11,14,,,-9999.0,,,,,,,,,,,,-9999.0,
USC00043491,1940,11,15,,,-9999.0,,,,,,,,,,,,-9999.0,
USC00043491,1940,11,16,,,-9999.0,,,,,,,,,,,,-9999.0,
USC00043491,1940,11,17,,,-9999.0,,,,,,,,,,,,-9999.0,
USC00043491,1940,11,18,,,-9999.0,,,,,,,,,,,,-9999.0,
USC00043491,1940,11,19,,,-9999.0,,,,,,,,,,,,-9999.0,
USC00043491,1940,11,2,,,549.0,,,,,,,,,,,,1.0,
USC00043491,1940,11,20,,,-9999.0,,,,,,,,,,,,-9999.0,
USC00043491,1940,11,21,,,-9999.0,,,,,,,,,,,,-9999.0,
USC00043491,1940,11,22,,,-9999.0,,,,,,,,,,,,-9999.0,
USC00043491,1940,11,23,,,-9999.0,,,,,,,,,,,,-9999.0,
USC00043491,1940,11,24,,,-9999.0,,,,,,,,,,,,-9999.0,
USC00043491,1940,11,25,,,-9999.0,,,,,,,,,,,,-9999.0,
USC00043491,1940,11,26,,,-9999.0,,,,,,,,,,,,-9999.0,
USC00043491,1940,11,27,,,-9999.0,,,,,,,,,,,,-9999.0,
USC00043491,1940,11,28,,,-9999.0,,,,,,,,,,,,-9999.0,
USC00043491,1940,11,29,,,-9999.0,,,,,,,,,,,,-9999.0,
USC00043491,1940,11,3,,,150.0,,,,,,,,,,,,-9999.0,
USC00043491,1940,11,30,,,-9999.0,,,,,,,,,,,,-9999.0,
USC00043491,1940,11,31,,,-9999.0,,,,,,,,,,,,-9999.0,
USC00043491,1940,11,4,,,0.0,,,,,,,,,,,,-9999.0,
USC00043491,1940,11,5,,,-9999.0,,,,,,,,,,,,-9999.0,
USC00043491,1940,11,6,,,198.0,,,,,,,,,,,,1.0,
USC00043491,1940,11,7,,,648.0,,,,,,,,,,,,1.0,
USC00043491,1940,11,8,,,76.0,,,,,,,,,,,,-9999.0,
USC00043491,1940,11,9,,,-9999.0,,,,,,,,,,,,-9999.0,
USC00043491,1940,12,1,,,0.0,,,,,,,,,,,,-9999.0,
USC00043491,1940,12,10,,,0.0,,,,,,,,,,,,-9999.0,
USC00043491,1940,12,11,,,0.0,,,,,,,,,,,,-9999.0,
USC00043491,1940,12,12,,,0.0,,,,,,,,,,,,-9999.0,
USC00043491,1940,12,13,,,0.0,,,,,,,,,,,,-9999.0,
USC00043491,1940,12,14,,,0.0,,,,,,,,,,,,-9999.0,
USC00043491,1940,12,15,,,0.0,,,,,,,,,,,,-9999.0,
USC00043491,1940,12,16,,,0.0,,,,,,,,,,,,1.0,
USC00043491,1940,12,17,,,417.0,,,,,,,,,,,,1.0,
USC00043491,1940,12,18,,,391.0,,,,,,,,,,,,1.0,
USC00043491,1940,12,19,,,328.0,,,,,,,,,,,,-9999.0,
USC00043491,1940,12,2,,,0.0,,,,,,,,,,,,-9999.0,
USC00043491,1940,12,20,,,0.0,,,,,,,,,,,,-9999.0,
USC00043491,1940,12,21,,,211.0,,,,,,,,,,,,1.0,
USC00043491,1940,12,22,,,559.0,,,,,,,,,,,,1.0,
USC00043491,1940,12,23,,,353.0,,,,,,,,,,,,1.0,
USC00043491,1940,12,24,,,495.0,,,,,,,,,,,,1.0,
USC00043491,1940,12,25,,,330.0,,,,,,,,,,,,1.0,
USC00043491,1940,12,26,,,447.0,,,,,,,,,,,,1.0,
USC00043491,1940,12,27,,,643.0,,,,,,,,,,,,1.0,
USC00043491,1940,12,28,,,297.0,,,,,,,,,,,,1.0,
USC00043491,1940,12,29,,,8.0,,,,,,,,,,,,-9999.0,
USC00043491,1940,12,3,,,0.0,,,,,,,,,,,,-9999.0,
USC00043491,1940,12,30,,,160.0,,,,,,,,,,,,-9999.0,
USC00043491,1940,12,31,,,0.0,,,,,,,,,,,,-9999.0,
USC00043491,1940,12,4,,,0.0,,,,,,,,,,,,-9999.0,
USC00043491,1940,12,5,,,0.0,,,,,,,,,,,,-9999.0,
USC00043491,1940,12,6,,,0.0,,,,,,,,,,,,-9999.0,
USC00043491,1940,12,7,,,0.0,,,,,,,,,,,,-9999.0,
USC00043491,1940,12,8,,,0.0,,,,,,,,,,,,-9999.0,
USC00043491,1940,12,9,,,0.0,,,,,,,,,,,,-9999.0,
USC00043491,1941,1,1,,,-9999.0,,,,,,,,,,,,-9999.0,
USC00043491,1941,1,10,,,-9999.0,,,,,,,,,,,,-9999.0,
USC00043491,1941,1,11,,,-9999.0,,,,,,,,,,,,-9999.0,
USC00043491,1941,1,12,,,-9999.0,,,,,,,,,,,,-9999.0,
USC00043491,1941,1,13,,,0.0,,,,,,,,,,,,-9999.0,
USC00043491,1941,1,14,,,655.0,,,,,,,,,,,,1.0,
USC00043491,1941,1,15,,,38.0,,,,,,,,,,,,-9999.0,
USC00043491,1941,1,16,,,241.0,,,,,,,,,,,,-9999.0,
USC00043491,1941,1,17,,,-9999.0,,,,,,,,,,,,-9999.0,
USC00043491,1941,1,18,,,-9999.0,,,,,,,,,,,,-9999.0,
USC00043491,1941,1,19,,,-9999.0,,,,,,,,,,,,-9999.0,
USC00043491,1941,1,2,,,-9999.0,,,,,,,,,,,,-9999.0,
USC00043491,1941,1,20,,,-9999.0,,,,,,,,,,,,-9999.0,
USC00043491,1941,1,21,,,0.0,,,,,,,,,,,,1.0,
USC00043491,1941,1,22,,,272.0,,,,,,,,,,,,1.0,
USC00043491,1941,1,23,,,320.0,,,,,,,,,,,,-9999.0,
USC00043491,1941,1,24,,,259.0,,,,,,,,,,,,-9999.0,
USC00043491,1941,1,25,,,325.0,,,,,,,,,,,,1.0,
USC00043491,1941,1,26,,,424.0,,,,,,,,,,,,1.0,
USC00043491,1941,1,27,,,15.0,,,,,,,,,,,,1.0,
USC00043491,1941,1,28,,,-9999.0,,,,,,,,,,,,-9999.0,
USC00043491,1941,1,29,,,-9999.0,,,,,,,,,,,,-9999.0,
USC00043491,1941,1,3,,,-9999.0,,,,,,,,,,,,-9999.0,
USC00043491,1941,1,30,,,-9999.0,,,,,,,,,,,,-9999.0,
USC00043491,1941,1,31,,,-9999.0,,,,,,,,,,,,-9999.0,
USC00043491,1941,1,4,,,109.0,,,,,,,,,,,,1.0,
USC00043491,1941,1,5,,,-9999.0,,,,,,,,,,,,-9999.0,
USC00043491,1941,1,6,,,160.0,,,,,,,,,,,,-9999.0,
USC00043491,1941,1,7,,,630.0,,,,,,,,,,,,1.0,
USC00043491,1941,1,8,,,114.0,,,,,,,,,,,,-9999.0,
USC00043491,1941,1,9,,,-9999.0,,,,,,,,,,,,-9999.0,
USC00043491,1941,2,1,,,0.0,,,,,,,,,,,,-9999.0,
USC00043491,1941,2,10,,,249.0,,,,,,,,,,,,1.0,
USC00043491,1941,2,11,,,414.0,,,,,,,,,,,,-9999.0,
USC00043491,1941,2,12,,,462.0,,,,,,,,,,,,1.0,
USC00043491,1941,2,13,,,18.0,,,,,,,,,,,,-9999.0,
USC00043491,1941,2,14,,,0.0,,,,,,,,,,,,-9999.0,
USC00043491,1941,2,15,,,38.0,,,,,,,,,,,,-9999.0,
USC00043491,1941,2,16,,,94.0,,,,,,,,,,,,-9999.0,
USC00043491,1941,2,17,,,84.0,,,,,,,,,,,,-9999.0,
USC00043491,1941,2,18,,,267.0,,,,,,,,,,,,1.0,
USC00043491,1941,2,19,,,0.0,,,,,,,,,,,,-9999.0,
USC00043491,1941,2,2,,,0.0,,,,,,,,,,,,-9999.0,
USC00043491,1941,2,20,,,0.0,,,,,,,,,,,,-9999.0,
USC00043491,1941,2,21,,,353.0,,,,,,,,,,,,1.0,
USC00043491,1941,2,22,,,46.0,,,,,,,,,,,,-9999.0,
USC00043491,1941,2,23,,,0.0,,,,,,,,,,,,-9999.0,
USC00043491,1941,2,24,,,198.0,,,,,,,,,,,,1.0,
USC00043491,1941,2,25,,,20.0,,,,,,,,,,,,-9999.0,
USC00043491,1941,2,26,,,0.0,,,,,,,,,,,,-9999.0,
USC00043491,1941,2,27,,,25.0,,,,,,,,,,,,1.0,
USC00043491,1941,2,28,,,51.0,,,,,,,,,,,,1.0,
USC00043491,1941,2,29,,,-9999.0,,,,,,,,,,,,-9999.0,
USC00043491,1941,2,3,,,0.0,,,,,,,,,,,,-9999.0,
USC00043491,1941,2,30,,,-9999.0,,,,,,,,,,,,-9999.0,
USC00043491,1941,2,31,,,-9999.0,,,,,,,,,,,,-9999.0,
USC00043491,1941,2,4,,,0.0,,,,,,,,,,,,-9999.0,
USC00043491,1941,2,5,,,0.0,,,,,,,,,,,,-9999.0,
USC00043491,1941,2,6,,,119.0,,,,,,,,,,,,1.0,
USC00043491,1941,2,7,,,66.0,,,,,,,,,,,,-9999.0,
USC00043491,1941,2,8,,,114.0,,,,,,,,,,,,1.0,
USC00043491,1941,2,9,,,191.0,,,,,,,,,,,,1.0,
USC00043491,1941,3,1,,,450.0,,-9999.0,,,,,,,,,,1.0,-9999.0
USC00043491,1941,3,10,,,0.0,,-9999.0,,,,,,,,,,-9999.0,-9999.0
USC00043491,1941,3,11,,,0.0,,-9999.0,,,,,,,,,,-9999.0,-9999.0
USC00043491,1941,3,12,,,0.0,,-9999.0,,,,,,,,,,-9999.0,-9999.0
USC00043491,1941,3,13,,,0.0,,-9999.0,,,,,,,,,,-9999.0,-9999.0
USC00043491,1941,3,14,,,0.0,,-9999.0,,,,,,,,,,-9999.0,-9999.0
USC00043491,1941,3,15,,,0.0,,-9999.0,,,,,,,,,,-9999.0,-9999.0
USC00043491,1941,3,16,,,0.0,,-9999.0,,,,,,,,,,-9999.0,-9999.0
USC00043491,1941,3,17,,,0.0,,-9999.0,,,,,,,,,,-9999.0,-9999.0
USC00043491,1941,3,18,,,0.0,,-9999.0,,,,,,,,,,-9999.0,-9999.0
USC00043491,1941,3,19,,,0.0,,-9999.0,,,,,,,,,,-9999.0,-9999.0
USC00043491,1941,3,2,,,330.0,,0.0,,,,,,,,,,-9999.0,1.0
USC00043491,1941,3,20,,,0.0,,-9999.0,,,,,,,,,,-9999.0,-9999.0
USC00043491,1941,3,21,,,0.0,,-9999.0,,,,,,,,,,-9999.0,-9999.0
USC00043491,1941,3,22,,,0.0,,-9999.0,,,,,,,,,,-9999.0,-9999.0
USC00043491,1941,3,23,,,0.0,,-9999.0,,,,,,,,,,-9999.0,-9999.0
USC00043491,1941,3,24,,,0.0,,-9999.0,,,,,,,,,,-9999.0,-9999.0
USC00043491,1941,3,25,,,0.0,,-9999.0,,,,,,,,,,-9999.0,-9999.0
USC00043491,1941,3,26,,,0.0,,-9999.0,,,,,,,,,,-9999.0,-9999.0
USC00043491,1941,3,27,,,0.0,,-9999.0,,,,,,,,,,-9999.0,-9999.0
USC00043491,1941,3,28,,,0.0,,-9999.0,,,,,,,,,,-9999.0,-9999.0
USC00043491,1941,3,29,,,135.0,,-9999.0,,,,,,,,,,1.0,-9999.0
USC00043491,1941,3,3,,,229.0,,-9999.0,,,,,,,,,,-9999.0,-9999.0
USC00043491,1941,3,30,,,185.0,,-9999.0,,,,,,,,,,-9999.0,-9999.0
USC00043491,1941,3,31,,,30.0,,-9999.0,,,,,,,,,,1.0,-9999.0
USC00043491,1941,3,4,,,178.0,,-9999.0,,,,,,,,,,1.0,-9999.0
USC00043491,1941,3,5,,,74.0,,-9999.0,,,,,,,,,,-9999.0,-9999.0
USC00043491,1941,3,6,,,0.0,,-9999.0,,,,,,,,,,-9999.0,-9999.0
USC00043491,1941,3,7,,,0.0,,-9999.0,,,,,,,,,,-9999.0,-9999.0
USC00043491,1941,3,8,,,0.0,,-9999.0,,,,,,,,,,-9999.0,-9999.0
USC00043491,1941,3,9,,,0.0,,-9999.0,,,,,,,,,,-9999.0,-9999.0
USC00043491,1941,4,1,,,76.0,0.0,-9999.0,,,,,,,,,,-9999.0,
USC00043491,1941,4,10,,,89.0,0.0,-9999.0,,,,,,,,,,-9999.0,
USC00043491,1941,4,11,,,0.0,0.0,-9999.0,,,,,,,,,,-9999.0,
USC00043491,1941,4,12,,,0.0,0.0,-9999.0,,,,,,,,,,-9999.0,
USC00043491,1941,4,13,,,0.0,0.0,-9999.0,,,,,,,,,,-9999.0,
USC00043491,1941,4,14,,,0.0,0.0,-9999.0,,,,,,,,,,-9999.0,
USC00043491,1941,4,15,,,0.0,0.0,-9999.0,,,,,,,,,,-9999.0,
USC00043491,1941,4,16,,,38.0,0.0,-9999.0,,,,,,,,,,-9999.0,
USC00043491,1941,4,17,,,0.0,0.0,-9999.0,,,,,,,,,,-9999.0,
USC00043491,1941,4,18,,,0.0,0.0,-9999.0,,,,,,,,,,-9999.0,
USC00043491,1941,4,19,,,0.0,0.0,-9999.0,,,,,,,,,,-9999.0,
USC00043491,1941,4,2,,,386.0,51.0,51.0,,,,,,,,,,-9999.0,
USC00043491,1941,4,20,,,0.0,0.0,-9999.0,,,,,,,,,,-9999.0,
USC00043491,1941,4,21,,,0.0,0.0,-9999.0,,,,,,,,,,-9999.0,
USC00043491,1941,4,22,,,0.0,0.0,-9999.0,,,,,,,,,,-9999.0,
USC00043491,1941,4,23,,,0.0,0.0,-9999.0,,,,,,,,,,-9999.0,
USC00043491,1941,4,24,,,0.0,0.0,-9999.0,,,,,,,,,,-9999.0,
USC00043491,1941,4,25,,,0.0,0.0,-9999.0,,,,,,,,,,-9999.0,
USC00043491,1941,4,26,,,0.0,0.0,-9999.0,,,,,,,,,,-9999.0,
USC00043491,1941,4,27,,,0.0,0.0,-9999.0,,,,,,,,,,-9999.0,
USC00043491,1941,4,28,,,0.0,0.0,-9999.0,,,,,,,,,,-9999.0,
USC00043491,1941,4,29,,,0.0,0.0,-9999.0,,,,,,,,,,-9999.0,
USC00043491,1941,4,3,,,91.0,0.0,-9999.0,,,,,,,,,,1.0,
USC00043491,1941,4,30,,,76.0,0.0,-9999.0,,,,,,,,,,-9999.0,
USC00043491,1941,4,31,,,-9999.0,-9999.0,-9999.0,,,,,,,,,,-9999.0,
USC00043491,1941,4,4,,,330.0,0.0,-9999.0,,,,,,,,,,1.0,
USC00043491,1941,4,5,,,488.0,0.0,-9999.0,,,,,,,,,,1.0,
USC00043491,1941,4,6,,,18.0,0.0,-9999.0,,,,,,,,,,-9999.0,
USC00043491,1941,4,7,,,0.0,0.0,-9999.0,,,,,,,,,,1.0,
USC00043491,1941,4,8,,,104.0,0.0,-9999.0,,,,,,,,,,-9999.0,
USC00043491,1941,4,9,,,241.0,0.0,-9999.0,,,,,,,,,,1.0,
USC00043491,1941,5,1,,,0.0,,,,,,,,,,,,-9999.0,
USC00043491,1941,5,10,,,0.0,,,,,,,,,,,,-9999.0,
USC00043491,1941,5,11,,,0.0,,,,,,,,,,,,-9999.0,
USC00043491,1941,5,12,,,51.0,,,,,,,,,,,,1.0,
USC00043491,1941,5,13,,,325.0,,,,,,,,,,,,1.0,
USC00043491,1941,5,14,,,163.0,,,,,,,,,,,,-9999.0,
USC00043491,1941,5,15,,,0.0,,,,,,,,,,,,-9999.0,
USC00043491,1941,5,16,,,0.0,,,,,,,,,,,,-9999.0,
USC00043491,1941,5,17,,,0.0,,,,,,,,,,,,-9999.0,
USC00043491,1941,5,18,,,61.0,,,,,,,,,,,,-9999.0,
USC00043491,1941,5,19,,,0.0,,,,,,,,,,,,-9999.0,
USC00043491,1941,5,2,,,0.0,,,,,,,,,,,,-9999.0,
USC00043491,1941,5,20,,,0.0,,,,,,,,,,,,-9999.0,
USC00043491,1941,5,21,,,0.0,,,,,,,,,,,,-9999.0,
USC00043491,1941,5,22,,,0.0,,,,,,,,,,,,-9999.0,
USC00043491,1941,5,23,,,0.0,,,,,,,,,,,,-9999.0,
USC00043491,1941,5,24,,,0.0,,,,,,,,,,,,-9999.0,
USC00043491,1941,5,25,,,0.0,,,,,,,,,,,,-9999.0,
USC00043491,1941,5,26,,,0.0,,,,,,,,,,,,-9999.0,
USC00043491,1941,5,27,,,0.0,,,,,,,,,,,,-9999.0,
USC00043491,1941,5,28,,,0.0,,,,,,,,,,,,-9999.0,
USC00043491,1941,5,29,,,0.0,,,,,,,,,,,,-9999.0,
USC00043491,1941,5,3,,,244.0,,,,,,,,,,,,1.0,
USC00043491,1941,5,30,,,0.0,,,,,,,,,,,,-9999.0,
USC00043491,1941,5,31,,,122.0,,,,,,,,,,,,-9999.0,
USC00043491,1941,5,4,,,71.0,,,,,,,,,,,,1.0,
USC00043491,1941,5,5,,,71.0,,,,,,,,,,,,1.0,
USC00043491,1941,5,6,,,38.0,,,,,,,,,,,,-9999.0,
USC00043491,1941,5,7,,,0.0,,,,,,,,,,,,-9999.0,
USC00043491,1941,5,8,,,0.0,,,,,,,,,,,,-9999.0,
USC00043491,1941,5,9,,,0.0,,,,,,,,,,,,-9999.0,
USC00043491,1941,6,1,,,0.0,,,,,,,,,,,,,
USC00043491,1941,6,10,,,0.0,,,,,,,,,,,,,
USC00043491,1941,6,11,,,0.0,,,,,,,,,,,,,
USC00043491,1941,6,12,,,0.0,,,,,,,,,,,,,
USC00043491,1941,6,13,,,0.0,,,,,,,,,,,,,
USC00043491,1941,6,14,,,0.0,,,,,,,,,,,,,
USC00043491,1941,6,15,,,0.0,,,,,,,,,,,,,
USC00043491,1941,6,16,,,0.0,,,,,,,,,,,,,
USC00043491,1941,6,17,,,0.0,,,,,,,,,,,,,
USC00043491,1941,6,18,,,0.0,,,,,,,,,,,,,
USC00043491,1941,6,19,,,0.0,,,,,,,,,,,,,
USC00043491,1941,6,2,,,0.0,,,,,,,,,,,,,
USC00043491,1941,6,20,,,0.0,,,,,,,,,,,,,
USC00043491,1941,6,21,,,0.0,,,,,,,,,,,,,
USC00043491,1941,6,22,,,0.0,,,,,,,,,,,,,
USC00043491,1941,6,23,,,0.0,,,,,,,,,,,,,
USC00043491,1941,6,24,,,0.0,,,,,,,,,,,,,
USC00043491,1941,6,25,,,97.0,,,,,,,,,,,,,
USC00043491,1941,6,26,,,0.0,,,,,,,,,,,,,
USC00043491,1941,6,27,,,0.0,,,,,,,,,,,,,
USC00043491,1941,6,28,,,0.0,,,,,,,,,,,,,
USC00043491,1941,6,29,,,0.0,,,,,,,,,,,,,
USC00043491,1941,6,3,,,0.0,,,,,,,,,,,,,
USC00043491,1941,6,30,,,0.0,,,,,,,,,,,,,
USC00043491,1941,6,31,,,-9999.0,,,,,,,,,,,,,
USC00043491,1941,6,4,,,0.0,,,,,,,,,,,,,
USC00043491,1941,6,5,,,0.0,,,,,,,,,,,,,
USC00043491,1941,6,6,,,0.0,,,,,,,,,,,,,
USC00043491,1941,6,7,,,0.0,,,,,,,,,,,,,
USC00043491,1941,6,8,,,0.0,,,,,,,,,,,,,
USC00043491,1941,6,9,,,0.0,,,,,,,,,,,,,
USC00043491,1941,7,1,,,0.0,,,,,,,,,,,,,
USC00043491,1941,7,10,,,0.0,,,,,,,,,,,,,
USC00043491,1941,7,11,,,0.0,,,,,,,,,,,,,
USC00043491,1941,7,12,,,0.0,,,,,,,,,,,,,
USC00043491,1941,7,13,,,0.0,,,,,,,,,,,,,
USC00043491,1941,7,14,,,0.0,,,,,,,,,,,,,
USC00043491,1941,7,15,,,0.0,,,,,,,,,,,,,
USC00043491,1941,7,16,,,0.0,,,,,,,,,,,,,
USC00043491,1941,7,17,,,0.0,,,,,,,,,,,,,
USC00043491,1941,7,18,,,0.0,,,,,,,,,,,,,
USC00043491,1941,7,19,,,0.0,,,,,,,,,,,,,
USC00043491,1941,7,2,,,0.0,,,,,,,,,,,,,
USC00043491,1941,7,20,,,0.0,,,,,,,,,,,,,
USC00043491,1941,7,21,,,0.0,,,,,,,,,,,,,
USC00043491,1941,7,22,,,0.0,,,,,,,,,,,,,
USC00043491,1941,7,23,,,0.0,,,,,,,,,,,,,
USC00043491,1941,7,24,,,0.0,,,,,,,,,,,,,
USC00043491,1941,7,25,,,0.0,,,,,,,,,,,,,
USC00043491,1941,7,26,,,0.0,,,,,,,,,,,,,
USC00043491,1941,7,27,,,0.0,,,,,,,,,,,,,
USC00043491,1941,7,28,,,0.0,,,,,,,,,,,,,
USC00043491,1941,7,29,,,0.0,,,,,,,,,,,,,
USC00043491,1941,7,3,,,0.0,,,,,,,,,,,,,
USC00043491,1941,7,30,,,0.0,,,,,,,,,,,,,
USC00043491,1941,7,31,,,0.0,,,,,,,,,,,,,
USC00043491,1941,7,4,,,0.0,,,,,,,,,,,,,
USC00043491,1941,7,5,,,0.0,,,,,,,,,,,,,
USC00043491,1941,7,6,,,0.0,,,,,,,,,,,,,
USC00043491,1941,7,7,,,0.0,,,,,,,,,,,,,
USC00043491,1941,7,8,,,0.0,,,,,,,,,,,,,
USC00043491,1941,7,9,,,0.0,,,,,,,,,,,,,
USC00043491,1941,8,1,,,0.0,,,,,,,,,,,,,
USC00043491,1941,8,10,,,0.0,,,,,,,,,,,,,
USC00043491,1941,8,11,,,0.0,,,,,,,,,,,,,
USC00043491,1941,8,12,,,0.0,,,,,,,,,,,,,
USC00043491,1941,8,13,,,0.0,,,,,,,,,,,,,
USC00043491,1941,8,14,,,0.0,,,,,,,,,,,,,
USC00043491,1941,8,15,,,0.0,,,,,,,,,,,,,
USC00043491,1941,8,16,,,0.0,,,,,,,,,,,,,
USC00043491,1941,8,17,,,0.0,,,,,,,,,,,,,
USC00043491,1941,8,18,,,0.0,,,,,,,,,,,,,
USC00043491,1941,8,19,,,0.0,,,,,,,,,,,,,
USC00043491,1941,8,2,,,0.0,,,,,,,,,,,,,
USC00043491,1941,8,20,,,0.0,,,,,,,,,,,,,
USC00043491,1941,8,21,,,0.0,,,,,,,,,,,,,
USC00043491,1941,8,22,,,0.0,,,,,,,,,,,,,
USC00043491,1941,8,23,,,0.0,,,,,,,,,,,,,
USC00043491,1941,8,24,,,0.0,,,,,,,,,,,,,
USC00043491,1941,8,25,,,0.0,,,,,,,,,,,,,
USC00043491,1941,8,26,,,0.0,,,,,,,,,,,,,
USC00043491,1941,8,27,,,0.0,,,,,,,,,,,,,
USC00043491,1941,8,28,,,0.0,,,,,,,,,,,,,
USC00043491,1941,8,29,,,0.0,,,,,,,,,,,,,
USC00043491,1941,8,3,,,0.0,,,,,,,,,,,,,
USC00043491,1941,8,30,,,0.0,,,,,,,,,,,,,
USC00043491,1941,8,31,,,0.0,,,,,,,,,,,,,
USC00043491,1941,8,4,,,0.0,,,,,,,,,,,,,
USC00043491,1941,8,5,,,0.0,,,,,,,,,,,,,
USC00043491,1941,8,6,,,0.0,,,,,,,,,,,,,
USC00043491,1941,8,7,,,0.0,,,,,,,,,,,,,
USC00043491,1941,8,8,,,0.0,,,,,,,,,,,,,
USC00043491,1941,8,9,,,0.0,,,,,,,,,,,,,
USC00043491,1941,9,1,,,0.0,,,,,,-9999.0,,,,,,,
USC00043491,1941,9,10,,,0.0,,,,,,-9999.0,,,,,,,
USC00043491,1941,9,11,,,0.0,,,,,,-9999.0,,,,,,,
USC00043491,1941,9,12,,,0.0,,,,,,-9999.0,,,,,,,
USC00043491,1941,9,13,,,0.0,,,,,,-9999.0,,,,,,,
USC00043491,1941,9,14,,,0.0,,,,,,-9999.0,,,,,,,
USC00043491,1941,9,15,,,0.0,,,,,,-9999.0,,,,,,,
USC00043491,1941,9,16,,,0.0,,,,,,-9999.0,,,,,,,
USC00043491,1941,9,17,,,0.0,,,,,,-9999.0,,,,,,,
USC00043491,1941,9,18,,,0.0,,,,,,-9999.0,,,,,,,
USC00043491,1941,9,19,,,0.0,,,,,,-9999.0,,,,,,,
USC00043491,1941,9,2,,,81.0,,,,,,1.0,,,,,,,
USC00043491,1941,9,20,,,0.0,,,,,,-9999.0,,,,,,,
USC00043491,1941,9,21,,,0.0,,,,,,-9999.0,,,,,,,
USC00043491,1941,9,22,,,0.0,,,,,,-9999.0,,,,,,,
USC00043491,1941,9,23,,,0.0,,,,,,-9999.0,,,,,,,
USC00043491,1941,9,24,,,0.0,,,,,,-9999.0,,,,,,,
USC00043491,1941,9,25,,,0.0,,,,,,-9999.0,,,,,,,
USC00043491,1941,9,26,,,0.0,,,,,,-9999.0,,,,,,,
USC00043491,1941,9,27,,,0.0,,,,,,-9999.0,,,,,,,
USC00043491,1941,9,28,,,0.0,,,,,,-9999.0,,,,,,,
USC00043491,1941,9,29,,,0.0,,,,,,-9999.0,,,,,,,
USC00043491,1941,9,3,,,0.0,,,,,,-9999.0,,,,,,,
USC00043491,1941,9,30,,,0.0,,,,,,-9999.0,,,,,,,
USC00043491,1941,9,31,,,-9999.0,,,,,,-9999.0,,,,,,,
USC00043491,1941,9,4,,,0.0,,,,,,-9999.0,,,,,,,
USC00043491,1941,9,5,,,0.0,,,,,,-9999.0,,,,,,,
USC00043491,1941,9,6,,,0.0,,,,,,-9999.0,,,,,,,
USC00043491,1941,9,7,,,0.0,,,,,,-9999.0,,,,,,,
USC00043491,1941,9,8,,,0.0,,,,,,-9999.0,,,,,,,
USC00043491,1941,9,9,,,0.0,,,,,,-9999.0,,,,,,,
USC00043491,1941,10,1,,,0.0,,,,,,,,,,,,-9999.0,
USC00043491,1941,10,10,,,0.0,,,,,,,,,,,,-9999.0,
USC00043491,1941,10,11,,,0.0,,,,,,,,,,,,-9999.0,
USC00043491,1941,10,12,,,0.0,,,,,,,,,,,,-9999.0,
USC00043491,1941,10,13,,,0.0,,,,,,,,,,,,-9999.0,
USC00043491,1941,10,14,,,0.0,,,,,,,,,,,,-9999.0,
USC00043491,1941,10,15,,,0.0,,,,,,,,,,,,-9999.0,
USC00043491,1941,10,16,,,0.0,,,,,,,,,,,,-9999.0,
USC00043491,1941,10,17,,,0.0,,,,,,,,,,,,-9999.0,
USC00043491,1941,10,18,,,0.0,,,,,,,,,,,,-9999.0,
USC00043491,1941,10,19,,,0.0,,,,,,,,,,,,-9999.0,
USC00043491,1941,10,2,,,0.0,,,,,,,,,,,,-9999.0,
USC00043491,1941,10,20,,,0.0,,,,,,,,,,,,-9999.0,
USC00043491,1941,10,21,,,46.0,,,,,,,,,,,,-9999.0,
USC00043491,1941,10,22,,,0.0,,,,,,,,,,,,-9999.0,
USC00043491,1941,10,23,,,0.0,,,,,,,,,,,,-9999.0,
USC00043491,1941,10,24,,,0.0,,,,,,,,,,,,-9999.0,
USC00043491,1941,10,25,,,119.0,,,,,,,,,,,,-9999.0,
USC00043491,1941,10,26,,,0.0,,,,,,,,,,,,-9999.0,
USC00043491,1941,10,27,,,203.0,,,,,,,,,,,,1.0,
USC00043491,1941,10,28,,,112.0,,,,,,,,,,,,-9999.0,
USC00043491,1941,10,29,,,0.0,,,,,,,,,,,,-9999.0,
USC00043491,1941,10,3,,,0.0,,,,,,,,,,,,-9999.0,
USC00043491,1941,10,30,,,0.0,,,,,,,,,,,,-9999.0,
USC00043491,1941,10,31,,,0.0,,,,,,,,,,,,-9999.0,
USC00043491,1941,10,4,,,0.0,,,,,,,,,,,,-9999.0,
USC00043491,1941,10,5,,,0.0,,,,,,,,,,,,-9999.0,
USC00043491,1941,10,6,,,0.0,,,,,,,,,,,,-9999.0,
USC00043491,1941,10,7,,,0.0,,,,,,,,,,,,-9999.0,
USC00043491,1941,10,8,,,0.0,,,,,,,,,,,,-9999.0,
USC00043491,1941,10,9,,,0.0,,,,,,,,,,,,-9999.0,
USC00043491,1941,11,1,,,0.0,,,,,,,,,,,,1.0,
USC00043491,1941,11,10,,,0.0,,,,,,,,,,,,-9999.0,
USC00043491,1941,11,11,,,0.0,,,,,,,,,,,,-9999.0,
USC00043491,1941,11,12,,,0.0,,,,,,,,,,,,-9999.0,
USC00043491,1941,11,13,,,0.0,,,,,,,,,,,,-9999.0,
USC00043491,1941,11,14,,,0.0,,,,,,,,,,,,-9999.0,
USC00043491,1941,11,15,,,0.0,,,,,,,,,,,,-9999.0,
USC00043491,1941,11,16,,,203.0,,,,,,,,,,,,-9999.0,
USC00043491,1941,11,17,,,13.0,,,,,,,,,,,,-9999.0,
USC00043491,1941,11,18,,,0.0,,,,,,,,,,,,-9999.0,
USC00043491,1941,11,19,,,0.0,,,,,,,,,,,,-9999.0,
USC00043491,1941,11,2,,,653.0,,,,,,,,,,,,1.0,
USC00043491,1941,11,20,,,0.0,,,,,,,,,,,,-9999.0,
USC00043491,1941,11,21,,,0.0,,,,,,,,,,,,-9999.0,
USC00043491,1941,11,22,,,0.0,,,,,,,,,,,,-9999.0,
USC00043491,1941,11,23,,,0.0,,,,,,,,,,,,-9999.0,
USC00043491,1941,11,24,,,0.0,,,,,,,,,,,,-9999.0,
USC00043491,1941,11,25,,,0.0,,,,,,,,,,,,-9999.0,
USC00043491,1941,11,26,,,0.0,,,,,,,,,,,,-9999.0,
USC00043491,1941,11,27,,,0.0,,,,,,,,,,,,-9999.0,
USC00043491,1941,11,28,,,0.0,,,,,,,,,,,,-9999.0,
USC00043491,1941,11,29,,,0.0,,,,,,,,,,,,-9999.0,
USC00043491,1941,11,3,,,208.0,,,,,,,,,,,,1.0,
USC00043491,1941,11,30,,,203.0,,,,,,,,,,,,-9999.0,
USC00043491,1941,11,31,,,-9999.0,,,,,,,,,,,,-9999.0,
USC00043491,1941,11,4,,,43.0,,,,,,,,,,,,-9999.0,
USC00043491,1941,11,5,,,0.0,,,,,,,,,,,,-9999.0,
USC00043491,1941,11,6,,,0.0,,,,,,,,,,,,-9999.0,
USC00043491,1941,11,7,,,0.0,,,,,,,,,,,,-9999.0,
USC00043491,1941,11,8,,,0.0,,,,,,,,,,,,-9999.0,
USC00043491,1941,11,9,,,0.0,,,,,,,,,,,,-9999.0,
USC00043491,1941,12,1,,,0.0,-9999.0,,,,,,,,,,,-9999.0,-9999.0
USC00043491,1941,12,10,,,58.0,-9999.0,,,,,,,,,,,-9999.0,-9999.0
USC00043491,1941,12,11,,,0.0,-9999.0,,,,,,,,,,,-9999.0,-9999.0
USC00043491,1941,12,12,,,0.0,-9999.0,,,,,,,,,,,-9999.0,-9999.0
USC00043491,1941,12,13,,,81.0,-9999.0,,,,,,,,,,,1.0,-9999.0
USC00043491,1941,12,14,,,389.0,-9999.0,,,,,,,,,,,1.0,-9999.0
USC00043491,1941,12,15,,,516.0,-9999.0,,,,,,,,,,,1.0,-9999.0
USC00043491,1941,12,16,,,358.0,-9999.0,,,,,,,,,,,1.0,-9999.0
USC00043491,1941,12,17,,,300.0,-9999.0,,,,,,,,,,,-9999.0,-9999.0
USC00043491,1941,12,18,,,155.0,-9999.0,,,,,,,,,,,1.0,-9999.0
USC00043491,1941,12,19,,,69.0,-9999.0,,,,,,,,,,,-9999.0,-9999.0
USC00043491,1941,12,2,,,145.0,-9999.0,,,,,,,,,,,1.0,-9999.0
USC00043491,1941,12,20,,,102.0,-9999.0,,,,,,,,,,,1.0,-9999.0
USC00043491,1941,12,21,,,64.0,-9999.0,,,,,,,,,,,-9999.0,-9999.0
USC00043491,1941,12,22,,,13.0,-9999.0,,,,,,,,,,,-9999.0,-9999.0
USC00043491,1941,12,23,,,152.0,0.0,,,,,,,,,,,1.0,1.0
USC00043491,1941,12,24,,,102.0,-9999.0,,,,,,,,,,,-9999.0,-9999.0
USC00043491,1941,12,25,,,0.0,-9999.0,,,,,,,,,,,-9999.0,-9999.0
USC00043491,1941,12,26,,,91.0,76.0,,,,,,,,,,,-9999.0,-9999.0
USC00043491,1941,12,27,,,0.0,76.0,,,,,,,,,,,-9999.0,1.0
USC00043491,1941,12,28,,,330.0,-9999.0,,,,,,,,,,,1.0,-9999.0
USC00043491,1941,12,29,,,307.0,-9999.0,,,,,,,,,,,1.0,-9999.0
USC00043491,1941,12,3,,,864.0,-9999.0,,,,,,,,,,,1.0,-9999.0
USC00043491,1941,12,30,,,178.0,25.0,,,,,,,,,,,-9999.0,1.0
USC00043491,1941,12,31,,,71.0,-9999.0,,,,,,,,,,,-9999.0,-9999.0
USC00043491,1941,12,4,,,25.0,-9999.0,,,,,,,,,,,-9999.0,-9999.0
USC00043491,1941,12,5,,,0.0,-9999.0,,,,,,,,,,,-9999.0,-9999.0
USC00043491,1941,12,6,,,0.0,-9999.0,,,,,,,,,,,-9999.0,-9999.0
USC00043491,1941,12,7,,,0.0,-9999.0,,,,,,,,,,,-9999.0,-9999.0
USC00043491,1941,12,8,,,0.0,-9999.0,,,,,,,,,,,-9999.0,-9999.0
USC00043491,1941,12,9,,,0.0,-9999.0,,,,,,,,,,,-9999.0,-9999.0
USC00043491,1942,1,1,,,56.0,,,,,,,,,,,,-9999.0,
USC00043491,1942,1,10,,,0.0,,,,,,,,,,,,-9999.0,
USC00043491,1942,1,11,,,0.0,,,,,,,,,,,,-9999.0,
USC00043491,1942,1,12,,,0.0,,,,,,,,,,,,-9999.0,
USC00043491,1942,1,13,,,0.0,,,,,,,,,,,,-9999.0,
USC00043491,1942,1,14,,,0.0,,,,,,,,,,,,-9999.0,
USC00043491,1942,1,15,,,0.0,,,,,,,,,,,,-9999.0,
USC00043491,1942,1,16,,,0.0,,,,,,,,,,,,-9999.0,
USC00043491,1942,1,17,,,0.0,,,,,,,,,,,,-9999.0,
USC00043491,1942,1,18,,,0.0,,,,,,,,,,,,-9999.0,
USC00043491,1942,1,19,,,0.0,,,,,,,,,,,,-9999.0,
USC00043491,1942,1,2,,,0.0,,,,,,,,,,,,-9999.0,
USC00043491,1942,1,20,,,0.0,,,,,,,,,,,,-9999.0,
USC00043491,1942,1,21,,,0.0,,,,,,,,,,,,-9999.0,
USC00043491,1942,1,22,,,89.0,,,,,,,,,,,,1.0,
USC00043491,1942,1,23,,,152.0,,,,,,,,,,,,1.0,
USC00043491,1942,1,24,,,191.0,,,,,,,,,,,,-9999.0,
USC00043491,1942,1,25,,,673.0,,,,,,,,,,,,1.0,
USC00043491,1942,1,26,,,564.0,,,,,,,,,,,,1.0,
USC00043491,1942,1,27,,,686.0,,,,,,,,,,,,1.0,
USC00043491,1942,1,28,,,371.0,,,,,,,,,,,,1.0,
USC00043491,1942,1,29,,,20.0,,,,,,,,,,,,-9999.0,
USC00043491,1942,1,3,,,0.0,,,,,,,,,,,,-9999.0,
USC00043491,1942,1,30,,,0.0,,,,,,,,,,,,-9999.0,
USC00043491,1942,1,31,,,0.0,,,,,,,,,,,,-9999.0,
USC00043491,1942,1,4,,,0.0,,,,,,,,,,,,-9999.0,
USC00043491,1942,1,5,,,0.0,,,,,,,,,,,,-9999.0,
USC00043491,1942,1,6,,,0.0,,,,,,,,,,,,-9999.0,
USC00043491,1942,1,7,,,0.0,,,,,,,,,,,,-9999.0,
USC00043491,1942,1,8,,,53.0,,,,,,,,,,,,1.0,
USC00043491,1942,1,9,,,434.0,,,,,,,,,,,,-9999.0,
USC00043491,1942,2,1,,,0.0,0.0,-9999.0,,,,,,,,,,-9999.0,
USC00043491,1942,2,10,,,0.0,0.0,-9999.0,,,,,,,,,,-9999.0,
USC00043491,1942,2,11,,,0.0,0.0,-9999.0,,,,,,,,,,-9999.0,
USC00043491,1942,2,12,,,0.0,0.0,-9999.0,,,,,,,,,,-9999.0,
USC00043491,1942,2,13,,,0.0,0.0,-9999.0,,,,,,,,,,-9999.0,
USC00043491,1942,2,14,,,0.0,0.0,-9999.0,,,,,,,,,,-9999.0,
USC00043491,1942,2,15,,,0.0,0.0,-9999.0,,,,,,,,,,-9999.0,
USC00043491,1942,2,16,,,0.0,0.0,-9999.0,,,,,,,,,,-9999.0,
USC00043491,1942,2,17,,,0.0,0.0,-9999.0,,,,,,,,,,-9999.0,
USC00043491,1942,2,18,,,0.0,0.0,-9999.0,,,,,,,,,,-9999.0,
USC00043491,1942,2,19,,,0.0,0.0,-9999.0,,,,,,,,,,-9999.0,
USC00043491,1942,2,2,,,170.0,0.0,-9999.0,,,,,,,,,,1.0,
USC00043491,1942,2,20,,,0.0,0.0,-9999.0,,,,,,,,,,-9999.0,
USC00043491,1942,2,21,,,0.0,0.0,-9999.0,,,,,,,,,,-9999.0,
USC00043491,1942,2,22,,,318.0,203.0,203.0,,,,,,,,,,-9999.0,
USC00043491,1942,2,23,,,0.0,0.0,127.0,,,,,,,,,,-9999.0,
USC00043491,1942,2,24,,,0.0,0.0,76.0,,,,,,,,,,-9999.0,
USC00043491,1942,2,25,,,122.0,76.0,76.0,,,,,,,,,,-9999.0,
USC00043491,1942,2,26,,,0.0,0.0,-9999.0,,,,,,,,,,-9999.0,
USC00043491,1942,2,27,,,0.0,0.0,-9999.0,,,,,,,,,,-9999.0,
USC00043491,1942,2,28,,,0.0,0.0,-9999.0,,,,,,,,,,-9999.0,
USC00043491,1942,2,29,,,-9999.0,-9999.0,-9999.0,,,,,,,,,,-9999.0,
USC00043491,1942,2,3,,,401.0,0.0,-9999.0,,,,,,,,,,1.0,
USC00043491,1942,2,30,,,-9999.0,-9999.0,-9999.0,,,,,,,,,,-9999.0,
USC00043491,1942,2,31,,,-9999.0,-9999.0,-9999.0,,,,,,,,,,-9999.0,
USC00043491,1942,2,4,,,312.0,0.0,-9999.0,,,,,,,,,,1.0,
USC00043491,1942,2,5,,,356.0,0.0,-9999.0,,,,,,,,,,1.0,
USC00043491,1942,2,6,,,864.0,0.0,-9999.0,,,,,,,,,,1.0,
USC00043491,1942,2,7,,,305.0,0.0,-9999.0,,,,,,,,,,1.0,
USC00043491,1942,2,8,,,25.0,0.0,-9999.0,,,,,,,,,,-9999.0,
USC00043491,1942,2,9,,,0.0,0.0,-9999.0,,,,,,,,,,-9999.0,
USC00043491,1942,3,1,,,0.0,0.0,-9999.0,,,,,,,,,,-9999.0,-9999.0
USC00043491,1942,3,10,,,0.0,0.0,-9999.0,,,,,,,,,,-9999.0,-9999.0
USC00043491,1942,3,11,,,241.0,0.0,-9999.0,,,,,,,,,,1.0,-9999.0
USC00043491,1942,3,12,,,114.0,0.0,-9999.0,,,,,,,,,,1.0,-9999.0
USC00043491,1942,3,13,,,20.0,0.0,0.0,,,,,,,,,,-9999.0,1.0
USC00043491,1942,3,14,,,132.0,51.0,51.0,,,,,,,,,,-9999.0,1.0
USC00043491,1942,3,15,,,279.0,356.0,330.0,,,,,,,,,,-9999.0,-9999.0
USC00043491,1942,3,16,,,0.0,0.0,-9999.0,,,,,,,,,,-9999.0,-9999.0
USC00043491,1942,3,17,,,0.0,0.0,-9999.0,,,,,,,,,,-9999.0,-9999.0
USC00043491,1942,3,18,,,0.0,0.0,-9999.0,,,,,,,,,,-9999.0,-9999.0
USC00043491,1942,3,19,,,20.0,0.0,-9999.0,,,,,,,,,,-9999.0,-9999.0
USC00043491,1942,3,2,,,0.0,0.0,-9999.0,,,,,,,,,,-9999.0,-9999.0
USC00043491,1942,3,20,,,0.0,0.0,-9999.0,,,,,,,,,,-9999.0,-9999.0
USC00043491,1942,3,21,,,0.0,0.0,-9999.0,,,,,,,,,,-9999.0,-9999.0
USC00043491,1942,3,22,,,0.0,0.0,-9999.0,,,,,,,,,,-9999.0,-9999.0
USC00043491,1942,3,23,,,0.0,0.0,-9999.0,,,,,,,,,,-9999.0,-9999.0
USC00043491,1942,3,24,,,0.0,0.0,-9999.0,,,,,,,,,,-9999.0,-9999.0
USC00043491,1942,3,25,,,0.0,0.0,-9999.0,,,,,,,,,,-9999.0,-9999.0
USC00043491,1942,3,26,,,0.0,0.0,-9999.0,,,,,,,,,,-9999.0,-9999.0
USC00043491,1942,3,27,,,0.0,0.0,-9999.0,,,,,,,,,,-9999.0,-9999.0
USC00043491,1942,3,28,,,0.0,0.0,-9999.0,,,,,,,,,,-9999.0,-9999.0
USC00043491,1942,3,29,,,0.0,0.0,-9999.0,,,,,,,,,,-9999.0,-9999.0
USC00043491,1942,3,3,,,0.0,0.0,-9999.0,,,,,,,,,,-9999.0,-9999.0
USC00043491,1942,3,30,,,0.0,0.0,-9999.0,,,,,,,,,,-9999.0,-9999.0
USC00043491,1942,3,31,,,0.0,0.0,-9999.0,,,,,,,,,,-9999.0,-9999.0
USC00043491,1942,3,4,,,0.0,0.0,-9999.0,,,,,,,,,,-9999.0,-9999.0
USC00043491,1942,3,5,,,0.0,0.0,-9999.0,,,,,,,,,,-9999.0,-9999.0
USC00043491,1942,3,6,,,0.0,0.0,-9999.0,,,,,,,,,,-9999.0,-9999.0
USC00043491,1942,3,7,,,0.0,0.0,-9999.0,,,,,,,,,,-9999.0,-9999.0
USC00043491,1942,3,8,,,0.0,0.0,-9999.0,,,,,,,,,,-9999.0,-9999.0
USC00043491,1942,3,9,,,0.0,0.0,-9999.0,,,,,,,,,,-9999.0,-9999.0
USC00043491,1942,4,1,,,140.0,,,,,,,,,,,,-9999.0,
USC00043491,1942,4,10,,,38.0,,,,,,,,,,,,-9999.0,
USC00043491,1942,4,11,,,0.0,,,,,,,,,,,,-9999.0,
USC00043491,1942,4,12,,,0.0,,,,,,,,,,,,-9999.0,
USC00043491,1942,4,13,,,0.0,,,,,,,,,,,,-9999.0,
USC00043491,1942,4,14,,,0.0,,,,,,,,,,,,-9999.0,
USC00043491,1942,4,15,,,0.0,,,,,,,,,,,,-9999.0,
USC00043491,1942,4,16,,,0.0,,,,,,,,,,,,-9999.0,
USC00043491,1942,4,17,,,0.0,,,,,,,,,,,,-9999.0,
USC00043491,1942,4,18,,,795.0,,,,,,,,,,,,-9999.0,
USC00043491,1942,4,19,,,0.0,,,,,,,,,,,,-9999.0,
USC00043491,1942,4,2,,,0.0,,,,,,,,,,,,-9999.0,
USC00043491,1942,4,20,,,0.0,,,,,,,,,,,,-9999.0,
USC00043491,1942,4,21,,,0.0,,,,,,,,,,,,-9999.0,
USC00043491,1942,4,22,,,0.0,,,,,,,,,,,,-9999.0,
USC00043491,1942,4,23,,,0.0,,,,,,,,,,,,-9999.0,
USC00043491,1942,4,24,,,0.0,,,,,,,,,,,,-9999.0,
USC00043491,1942,4,25,,,0.0,,,,,,,,,,,,-9999.0,
USC00043491,1942,4,26,,,0.0,,,,,,,,,,,,-9999.0,
USC00043491,1942,4,27,,,0.0,,,,,,,,,,,,-9999.0,
USC00043491,1942,4,28,,,363.0,,,,,,,,,,,,1.0,
USC00043491,1942,4,29,,,109.0,,,,,,,,,,,,-9999.0,
USC00043491,1942,4,3,,,71.0,,,,,,,,,,,,-9999.0,
USC00043491,1942,4,30,,,0.0,,,,,,,,,,,,-9999.0,
USC00043491,1942,4,31,,,-9999.0,,,,,,,,,,,,-9999.0,
USC00043491,1942,4,4,,,584.0,,,,,,,,,,,,-9999.0,
USC00043491,1942,4,5,,,368.0,,,,,,,,,,,,1.0,
USC00043491,1942,4,6,,,175.0,,,,,,,,,,,,-9999.0,
USC00043491,1942,4,7,,,0.0,,,,,,,,,,,,-9999.0,
USC00043491,1942,4,8,,,0.0,,,,,,,,,,,,-9999.0,
USC00043491,1942,4,9,,,0.0,,,,,,,,,,,,-9999.0,
USC00043491,1942,5,1,,,307.0,0.0,-9999.0,,,,,,,,,,-9999.0,-9999.0
USC00043491,1942,5,10,,,33.0,0.0,-9999.0,,,,,,,,,,-9999.0,-9999.0
USC00043491,1942,5,11,,,251.0,203.0,203.0,,,,,,,,,,-9999.0,1.0
USC00043491,1942,5,12,,,257.0,51.0,51.0,,,,,,,,,,-9999.0,-9999.0
USC00043491,1942,5,13,,,0.0,0.0,-9999.0,,,,,,,,,,-9999.0,-9999.0
USC00043491,1942,5,14,,,0.0,0.0,-9999.0,,,,,,,,,,-9999.0,-9999.0
USC00043491,1942,5,15,,,142.0,0.0,-9999.0,,,,,,,,,,1.0,-9999.0
USC00043491,1942,5,16,,,89.0,0.0,-9999.0,,,,,,,,,,-9999.0,-9999.0
USC00043491,1942,5,17,,,0.0,0.0,-9999.0,,,,,,,,,,-9999.0,-9999.0
USC00043491,1942,5,18,,,0.0,0.0,-9999.0,,,,,,,,,,-9999.0,-9999.0
USC00043491,1942,5,19,,,0.0,0.0,-9999.0,,,,,,,,,,-9999.0,-9999.0
USC00043491,1942,5,2,,,0.0,0.0,-9999.0,,,,,,,,,,-9999.0,-9999.0
USC00043491,1942,5,20,,,0.0,0.0,-9999.0,,,,,,,,,,-9999.0,-9999.0
USC00043491,1942,5,21,,,0.0,0.0,-9999.0,,,,,,,,,,-9999.0,-9999.0
USC00043491,1942,5,22,,,0.0,0.0,-9999.0,,,,,,,,,,-9999.0,-9999.0
USC00043491,1942,5,23,,,0.0,0.0,-9999.0,,,,,,,,,,-9999.0,-9999.0
USC00043491,1942,5,24,,,0.0,0.0,-9999.0,,,,,,,,,,-9999.0,-9999.0
USC00043491,1942,5,25,,,0.0,0.0,-9999.0,,,,,,,,,,1.0,-9999.0
USC00043491,1942,5,26,,,871.0,0.0,-9999.0,,,,,,,,,,-9999.0,-9999.0
USC00043491,1942,5,27,,,25.0,0.0,-9999.0,,,,,,,,,,-9999.0,-9999.0
USC00043491,1942,5,28,,,25.0,0.0,-9999.0,,,,,,,,,,-9999.0,-9999.0
USC00043491,1942,5,29,,,0.0,0.0,-9999.0,,,,,,,,,,-9999.0,-9999.0
USC00043491,1942,5,3,,,0.0,0.0,-9999.0,,,,,,,,,,-9999.0,-9999.0
USC00043491,1942,5,30,,,0.0,0.0,-9999.0,,,,,,,,,,-9999.0,-9999.0
USC00043491,1942,5,31,,,0.0,0.0,-9999.0,,,,,,,,,,-9999.0,-9999.0
USC00043491,1942,5,4,,,0.0,0.0,-9999.0,,,,,,,,,,-9999.0,-9999.0
USC00043491,1942,5,5,,,0.0,0.0,-9999.0,,,,,,,,,,-9999.0,-9999.0
USC00043491,1942,5,6,,,0.0,0.0,-9999.0,,,,,,,,,,-9999.0,-9999.0
USC00043491,1942,5,7,,,0.0,0.0,-9999.0,,,,,,,,,,-9999.0,-9999.0
USC00043491,1942,5,8,,,0.0,0.0,-9999.0,,,,,,,,,,-9999.0,-9999.0
USC00043491,1942,5,9,,,0.0,0.0,-9999.0,,,,,,,,,,-9999.0,-9999.0
USC00043491,1942,6,1,,,0.0,,,,,,,,,,,,,
USC00043491,1942,6,10,,,0.0,,,,,,,,,,,,,
USC00043491,1942,6,11,,,0.0,,,,,,,,,,,,,
USC00043491,1942,6,12,,,0.0,,,,,,,,,,,,,
USC00043491,1942,6,13,,,0.0,,,,,,,,,,,,,
USC00043491,1942,6,14,,,0.0,,,,,,,,,,,,,
USC00043491,1942,6,15,,,0.0,,,,,,,,,,,,,
USC00043491,1942,6,16,,,0.0,,,,,,,,,,,,,
USC00043491,1942,6,17,,,0.0,,,,,,,,,,,,,
USC00043491,1942,6,18,,,0.0,,,,,,,,,,,,,
USC00043491,1942,6,19,,,0.0,,,,,,,,,,,,,
USC00043491,1942,6,2,,,0.0,,,,,,,,,,,,,
USC00043491,1942,6,20,,,0.0,,,,,,,,,,,,,
USC00043491,1942,6,21,,,0.0,,,,,,,,,,,,,
USC00043491,1942,6,22,,,0.0,,,,,,,,,,,,,
USC00043491,1942,6,23,,,0.0,,,,,,,,,,,,,
USC00043491,1942,6,24,,,0.0,,,,,,,,,,,,,
USC00043491,1942,6,25,,,0.0,,,,,,,,,,,,,
USC00043491,1942,6,26,,,0.0,,,,,,,,,,,,,
USC00043491,1942,6,27,,,0.0,,,,,,,,,,,,,
USC00043491,1942,6,28,,,0.0,,,,,,,,,,,,,
USC00043491,1942,6,29,,,0.0,,,,,,,,,,,,,
USC00043491,1942,6,3,,,0.0,,,,,,,,,,,,,
USC00043491,1942,6,30,,,0.0,,,,,,,,,,,,,
USC00043491,1942,6,31,,,-9999.0,,,,,,,,,,,,,
USC00043491,1942,6,4,,,0.0,,,,,,,,,,,,,
USC00043491,1942,6,5,,,0.0,,,,,,,,,,,,,
USC00043491,1942,6,6,,,0.0,,,,,,,,,,,,,
USC00043491,1942,6,7,,,0.0,,,,,,,,,,,,,
USC00043491,1942,6,8,,,0.0,,,,,,,,,,,,,
USC00043491,1942,6,9,,,0.0,,,,,,,,,,,,,
USC00043491,1942,7,1,,,0.0,,,,,,,,,,,,,
USC00043491,1942,7,10,,,0.0,,,,,,,,,,,,,
USC00043491,1942,7,11,,,0.0,,,,,,,,,,,,,
USC00043491,1942,7,12,,,0.0,,,,,,,,,,,,,
USC00043491,1942,7,13,,,0.0,,,,,,,,,,,,,
USC00043491,1942,7,14,,,0.0,,,,,,,,,,,,,
USC00043491,1942,7,15,,,0.0,,,,,,,,,,,,,
USC00043491,1942,7,16,,,0.0,,,,,,,,,,,,,
USC00043491,1942,7,17,,,0.0,,,,,,,,,,,,,
USC00043491,1942,7,18,,,0.0,,,,,,,,,,,,,
USC00043491,1942,7,19,,,0.0,,,,,,,,,,,,,
USC00043491,1942,7,2,,,0.0,,,,,,,,,,,,,
USC00043491,1942,7,20,,,0.0,,,,,,,,,,,,,
USC00043491,1942,7,21,,,0.0,,,,,,,,,,,,,
USC00043491,1942,7,22,,,0.0,,,,,,,,,,,,,
USC00043491,1942,7,23,,,0.0,,,,,,,,,,,,,
USC00043491,1942,7,24,,,0.0,,,,,,,,,,,,,
USC00043491,1942,7,25,,,0.0,,,,,,,,,,,,,
USC00043491,1942,7,26,,,0.0,,,,,,,,,,,,,
USC00043491,1942,7,27,,,0.0,,,,,,,,,,,,,
USC00043491,1942,7,28,,,0.0,,,,,,,,,,,,,
USC00043491,1942,7,29,,,0.0,,,,,,,,,,,,,
USC00043491,1942,7,3,,,0.0,,,,,,,,,,,,,
USC00043491,1942,7,30,,,0.0,,,,,,,,,,,,,
USC00043491,1942,7,31,,,0.0,,,,,,,,,,,,,
USC00043491,1942,7,4,,,0.0,,,,,,,,,,,,,
USC00043491,1942,7,5,,,0.0,,,,,,,,,,,,,
USC00043491,1942,7,6,,,0.0,,,,,,,,,,,,,
USC00043491,1942,7,7,,,0.0,,,,,,,,,,,,,
USC00043491,1942,7,8,,,0.0,,,,,,,,,,,,,
USC00043491,1942,7,9,,,0.0,,,,,,,,,,,,,
USC00043491,1942,8,1,,,0.0,,,,,,,,,,,,,
USC00043491,1942,8,10,,,0.0,,,,,,,,,,,,,
USC00043491,1942,8,11,,,0.0,,,,,,,,,,,,,
USC00043491,1942,8,12,,,0.0,,,,,,,,,,,,,
USC00043491,1942,8,13,,,0.0,,,,,,,,,,,,,
USC00043491,1942,8,14,,,0.0,,,,,,,,,,,,,
USC00043491,1942,8,15,,,0.0,,,,,,,,,,,,,
USC00043491,1942,8,16,,,0.0,,,,,,,,,,,,,
USC00043491,1942,8,17,,,0.0,,,,,,,,,,,,,
USC00043491,1942,8,18,,,0.0,,,,,,,,,,,,,
USC00043491,1942,8,19,,,0.0,,,,,,,,,,,,,
USC00043491,1942,8,2,,,0.0,,,,,,,,,,,,,
USC00043491,1942,8,20,,,0.0,,,,,,,,,,,,,
USC00043491,1942,8,21,,,0.0,,,,,,,,,,,,,
USC00043491,1942,8,22,,,0.0,,,,,,,,,,,,,
USC00043491,1942,8,23,,,0.0,,,,,,,,,,,,,
USC00043491,1942,8,24,,,0.0,,,,,,,,,,,,,
USC00043491,1942,8,25,,,0.0,,,,,,,,,,,,,
USC00043491,1942,8,26,,,0.0,,,,,,,,,,,,,
USC00043491,1942,8,27,,,0.0,,,,,,,,,,,,,
USC00043491,1942,8,28,,,0.0,,,,,,,,,,,,,
USC00043491,1942,8,29,,,0.0,,,,,,,,,,,,,
USC00043491,1942,8,3,,,0.0,,,,,,,,,,,,,
USC00043491,1942,8,30,,,0.0,,,,,,,,,,,,,
USC00043491,1942,8,31,,,0.0,,,,,,,,,,,,,
USC00043491,1942,8,4,,,0.0,,,,,,,,,,,,,
USC00043491,1942,8,5,,,0.0,,,,,,,,,,,,,
USC00043491,1942,8,6,,,0.0,,,,,,,,,,,,,
USC00043491,1942,8,7,,,0.0,,,,,,,,,,,,,
USC00043491,1942,8,8,,,0.0,,,,,,,,,,,,,
USC00043491,1942,8,9,,,0.0,,,,,,,,,,,,,
USC00043491,1942,9,1,,,0.0,,,,,,,,,,,,,
USC00043491,1942,9,10,,,0.0,,,,,,,,,,,,,
USC00043491,1942,9,11,,,0.0,,,,,,,,,,,,,
USC00043491,1942,9,12,,,0.0,,,,,,,,,,,,,
USC00043491,1942,9,13,,,0.0,,,,,,,,,,,,,
USC00043491,1942,9,14,,,0.0,,,,,,,,,,,,,
USC00043491,1942,9,15,,,0.0,,,,,,,,,,,,,
USC00043491,1942,9,16,,,0.0,,,,,,,,,,,,,
USC00043491,1942,9,17,,,0.0,,,,,,,,,,,,,
USC00043491,1942,9,18,,,0.0,,,,,,,,,,,,,
USC00043491,1942,9,19,,,0.0,,,,,,,,,,,,,
USC00043491,1942,9,2,,,0.0,,,,,,,,,,,,,
USC00043491,1942,9,20,,,0.0,,,,,,,,,,,,,
USC00043491,1942,9,21,,,0.0,,,,,,,,,,,,,
USC00043491,1942,9,22,,,0.0,,,,,,,,,,,,,
USC00043491,1942,9,23,,,0.0,,,,,,,,,,,,,
USC00043491,1942,9,24,,,0.0,,,,,,,,,,,,,
USC00043491,1942,9,25,,,0.0,,,,,,,,,,,,,
USC00043491,1942,9,26,,,0.0,,,,,,,,,,,,,
USC00043491,1942,9,27,,,0.0,,,,,,,,,,,,,
USC00043491,1942,9,28,,,0.0,,,,,,,,,,,,,
USC00043491,1942,9,29,,,0.0,,,,,,,,,,,,,
USC00043491,1942,9,3,,,0.0,,,,,,,,,,,,,
USC00043491,1942,9,30,,,0.0,,,,,,,,,,,,,
USC00043491,1942,9,31,,,-9999.0,,,,,,,,,,,,,
USC00043491,1942,9,4,,,0.0,,,,,,,,,,,,,
USC00043491,1942,9,5,,,0.0,,,,,,,,,,,,,
USC00043491,1942,9,6,,,0.0,,,,,,,,,,,,,
USC00043491,1942,9,7,,,0.0,,,,,,,,,,,,,
USC00043491,1942,9,8,,,0.0,,,,,,,,,,,,,
USC00043491,1942,9,9,,,0.0,,,,,,,,,,,,,
USC00043491,1942,10,1,,,0.0,,,,,,-9999.0,,,,,,-9999.0,
USC00043491,1942,10,10,,,0.0,,,,,,1.0,,,,,,-9999.0,
USC00043491,1942,10,11,,,25.0,,,,,,-9999.0,,,,,,1.0,
USC00043491,1942,10,12,,,69.0,,,,,,-9999.0,,,,,,1.0,
USC00043491,1942,10,13,,,0.0,,,,,,-9999.0,,,,,,-9999.0,
USC00043491,1942,10,14,,,0.0,,,,,,-9999.0,,,,,,-9999.0,
USC00043491,1942,10,15,,,0.0,,,,,,-9999.0,,,,,,-9999.0,
USC00043491,1942,10,16,,,0.0,,,,,,-9999.0,,,,,,-9999.0,
USC00043491,1942,10,17,,,0.0,,,,,,-9999.0,,,,,,-9999.0,
USC00043491,1942,10,18,,,0.0,,,,,,-9999.0,,,,,,-9999.0,
USC00043491,1942,10,19,,,0.0,,,,,,-9999.0,,,,,,-9999.0,
USC00043491,1942,10,2,,,0.0,,,,,,-9999.0,,,,,,-9999.0,
USC00043491,1942,10,20,,,0.0,,,,,,-9999.0,,,,,,-9999.0,
USC00043491,1942,10,21,,,0.0,,,,,,-9999.0,,,,,,-9999.0,
USC00043491,1942,10,22,,,0.0,,,,,,-9999.0,,,,,,-9999.0,
USC00043491,1942,10,23,,,0.0,,,,,,-9999.0,,,,,,-9999.0,
USC00043491,1942,10,24,,,0.0,,,,,,-9999.0,,,,,,-9999.0,
USC00043491,1942,10,25,,,0.0,,,,,,-9999.0,,,,,,-9999.0,
USC00043491,1942,10,26,,,0.0,,,,,,-9999.0,,,,,,-9999.0,
USC00043491,1942,10,27,,,0.0,,,,,,-9999.0,,,,,,-9999.0,
USC00043491,1942,10,28,,,0.0,,,,,,-9999.0,,,,,,-9999.0,
USC00043491,1942,10,29,,,0.0,,,,,,-9999.0,,,,,,-9999.0,
USC00043491,1942,10,3,,,0.0,,,,,,-9999.0,,,,,,-9999.0,
USC00043491,1942,10,30,,,0.0,,,,,,-9999.0,,,,,,-9999.0,
USC00043491,1942,10,31,,,0.0,,,,,,-9999.0,,,,,,-9999.0,
USC00043491,1942,10,4,,,0.0,,,,,,-9999.0,,,,,,-9999.0,
USC00043491,1942,10,5,,,0.0,,,,,,-9999.0,,,,,,-9999.0,
USC00043491,1942,10,6,,,0.0,,,,,,-9999.0,,,,,,-9999.0,
USC00043491,1942,10,7,,,0.0,,,,,,-9999.0,,,,,,-9999.0,
USC00043491,1942,10,8,,,0.0,,,,,,-9999.0,,,,,,-9999.0,
USC00043491,1942,10,9,,,0.0,,,,,,-9999.0,,,,,,-9999.0,
USC00043491,1942,11,1,,,-9999.0,,,,,,,,,,,,-9999.0,
USC00043491,1942,11,10,,,-9999.0,,,,,,,,,,,,-9999.0,
USC00043491,1942,11,11,,,-9999.0,,,,,,,,,,,,-9999.0,
USC00043491,1942,11,12,,,-9999.0,,,,,,,,,,,,-9999.0,
USC00043491,1942,11,13,,,-9999.0,,,,,,,,,,,,-9999.0,
USC00043491,1942,11,14,,,0.0,,,,,,,,,,,,-9999.0,
USC00043491,1942,11,15,,,254.0,,,,,,,,,,,,1.0,
USC00043491,1942,11,16,,,58.0,,,,,,,,,,,,-9999.0,
USC00043491,1942,11,17,,,711.0,,,,,,,,,,,,1.0,
USC00043491,1942,11,18,,,1110.0,,,,,,,,,,,,1.0,
USC00043491,1942,11,19,,,157.0,,,,,,,,,,,,-9999.0,
USC00043491,1942,11,2,,,-9999.0,,,,,,,,,,,,-9999.0,
USC00043491,1942,11,20,,,-9999.0,,,,,,,,,,,,-9999.0,
USC00043491,1942,11,21,,,-9999.0,,,,,,,,,,,,-9999.0,
USC00043491,1942,11,22,,,-9999.0,,,,,,,,,,,,-9999.0,
USC00043491,1942,11,23,,,-9999.0,,,,,,,,,,,,-9999.0,
USC00043491,1942,11,24,,,-9999.0,,,,,,,,,,,,-9999.0,
USC00043491,1942,11,25,,,-9999.0,,,,,,,,,,,,-9999.0,
USC00043491,1942,11,26,,,-9999.0,,,,,,,,,,,,-9999.0,
USC00043491,1942,11,27,,,330.0,,,,,,,,,,,,1.0,
USC00043491,1942,11,28,,,56.0,,,,,,,,,,,,-9999.0,
USC00043491,1942,11,29,,,-9999.0,,,,,,,,,,,,-9999.0,
USC00043491,1942,11,3,,,597.0,,,,,,,,,,,,1.0,
USC00043491,1942,11,30,,,23.0,,,,,,,,,,,,-9999.0,
USC00043491,1942,11,31,,,-9999.0,,,,,,,,,,,,-9999.0,
USC00043491,1942,11,4,,,102.0,,,,,,,,,,,,-9999.0,
USC00043491,1942,11,5,,,-9999.0,,,,,,,,,,,,-9999.0,
USC00043491,1942,11,6,,,-9999.0,,,,,,,,,,,,-9999.0,
USC00043491,1942,11,7,,,-9999.0,,,,,,,,,,,,-9999.0,
USC00043491,1942,11,8,,,-9999.0,,,,,,,,,,,,-9999.0,
USC00043491,1942,11,9,,,-9999.0,,,,,,,,,,,,-9999.0,
USC00043491,1942,12,1,,,0.0,0.0,,,,,,,,,,,,
USC00043491,1942,12,10,,,0.0,0.0,,,,,,,,,,,,
USC00043491,1942,12,11,,,0.0,0.0,,,,,,,,,,,,
USC00043491,1942,12,12,,,0.0,0.0,,,,,,,,,,,,
USC00043491,1942,12,13,,,0.0,0.0,,,,,,,,,,,,
USC00043491,1942,12,14,,,0.0,0.0,,,,,,,,,,,,
USC00043491,1942,12,15,,,0.0,0.0,,,,,,,,,,,,
USC00043491,1942,12,16,,,0.0,0.0,,,,,,,,,,,,
USC00043491,1942,12,17,,,0.0,0.0,,,,,,,,,,,,
USC00043491,1942,12,18,,,0.0,0.0,,,,,,,,,,,,
USC00043491,1942,12,19,,,0.0,0.0,,,,,,,,,,,,
USC00043491,1942,12,2,,,97.0,0.0,,,,,,,,,,,,
USC00043491,1942,12,20,,,0.0,0.0,,,,,,,,,,,,
USC00043491,1942,12,21,,,84.0,0.0,,,,,,,,,,,,
USC00043491,1942,12,22,,,0.0,0.0,,,,,,,,,,,,
USC00043491,1942,12,23,,,538.0,0.0,,,,,,,,,,,,
USC00043491,1942,12,24,,,541.0,0.0,,,,,,,,,,,,
USC00043491,1942,12,25,,,236.0,0.0,,,,,,,,,,,,
USC00043491,1942,12,26,,,0.0,0.0,,,,,,,,,,,,
USC00043491,1942,12,27,,,0.0,0.0,,,,,,,,,,,,
USC00043491,1942,12,28,,,0.0,0.0,,,,,,,,,,,,
USC00043491,1942,12,29,,,422.0,0.0,,,,,,,,,,,,
USC00043491,1942,12,3,,,0.0,0.0,,,,,,,,,,,,
USC00043491,1942,12,30,,,0.0,0.0,,,,,,,,,,,,
USC00043491,1942,12,31,,,18.0,0.0,,,,,,,,,,,,
USC00043491,1942,12,4,,,0.0,0.0,,,,,,,,,,,,
USC00043491,1942,12,5,,,0.0,0.0,,,,,,,,,,,,
USC00043491,1942,12,6,,,0.0,0.0,,,,,,,,,,,,
USC00043491,1942,12,7,,,300.0,127.0,,,,,,,,,,,,
USC00043491,1942,12,8,,,0.0,0.0,,,,,,,,,,,,
USC00043491,1942,12,9,,,0.0,0.0,,,,,,,,,,,,
USC00043491,1943,1,1,,,0.0,0.0,-9999.0,,,,,,,,,,-9999.0,-9999.0
USC00043491,1943,1,10,,,0.0,0.0,-9999.0,,,,,,,,,,-9999.0,-9999.0
USC00043491,1943,1,11,,,0.0,0.0,-9999.0,,,,,,,,,,-9999.0,-9999.0
USC00043491,1943,1,12,,,0.0,0.0,-9999.0,,,,,,,,,,-9999.0,-9999.0
USC00043491,1943,1,13,,,0.0,0.0,-9999.0,,,,,,,,,,-9999.0,-9999.0
USC00043491,1943,1,14,,,0.0,0.0,-9999.0,,,,,,,,,,-9999.0,-9999.0
USC00043491,1943,1,15,,,0.0,0.0,-9999.0,,,,,,,,,,-9999.0,-9999.0
USC00043491,1943,1,16,,,0.0,0.0,-9999.0,,,,,,,,,,-9999.0,-9999.0
USC00043491,1943,1,17,,,0.0,0.0,-9999.0,,,,,,,,,,-9999.0,-9999.0
USC00043491,1943,1,18,,,0.0,0.0,-9999.0,,,,,,,,,,-9999.0,-9999.0
USC00043491,1943,1,19,,,0.0,0.0,-9999.0,,,,,,,,,,-9999.0,-9999.0
USC00043491,1943,1,2,,,71.0,0.0,-9999.0,,,,,,,,,,-9999.0,-9999.0
USC00043491,1943,1,20,,,0.0,0.0,0.0,,,,,,,,,,-9999.0,1.0
USC00043491,1943,1,21,,,1067.0,0.0,-9999.0,,,,,,,,,,1.0,-9999.0
USC00043491,1943,1,22,,,1372.0,0.0,-9999.0,,,,,,,,,,1.0,-9999.0
USC00043491,1943,1,23,,,574.0,0.0,-9999.0,,,,,,,,,,1.0,-9999.0
USC00043491,1943,1,24,,,191.0,0.0,-9999.0,,,,,,,,,,-9999.0,-9999.0
USC00043491,1943,1,25,,,0.0,0.0,-9999.0,,,,,,,,,,-9999.0,-9999.0
USC00043491,1943,1,26,,,185.0,0.0,-9999.0,,,,,,,,,,1.0,-9999.0
USC00043491,1943,1,27,,,201.0,0.0,-9999.0,,,,,,,,,,-9999.0,-9999.0
USC00043491,1943,1,28,,,71.0,0.0,-9999.0,,,,,,,,,,1.0,-9999.0
USC00043491,1943,1,29,,,94.0,0.0,-9999.0,,,,,,,,,,1.0,-9999.0
USC00043491,1943,1,3,,,0.0,0.0,-9999.0,,,,,,,,,,-9999.0,-9999.0
USC00043491,1943,1,30,,,711.0,0.0,-9999.0,,,,,,,,,,1.0,-9999.0
USC00043491,1943,1,31,,,201.0,0.0,-9999.0,,,,,,,,,,-9999.0,-9999.0
USC00043491,1943,1,4,,,0.0,0.0,-9999.0,,,,,,,,,,-9999.0,-9999.0
USC00043491,1943,1,5,,,0.0,0.0,-9999.0,,,,,,,,,,-9999.0,-9999.0
USC00043491,1943,1,6,,,0.0,0.0,-9999.0,,,,,,,,,,-9999.0,-9999.0
USC00043491,1943,1,7,,,0.0,0.0,-9999.0,,,,,,,,,,-9999.0,-9999.0
USC00043491,1943,1,8,,,0.0,0.0,-9999.0,,,,,,,,,,-9999.0,-9999.0
USC00043491,1943,1,9,,,0.0,0.0,-9999.0,,,,,,,,,,-9999.0,-9999.0
USC00043491,1943,2,1,,,0.0,0.0,-9999.0,,,,,,,,,,-9999.0,-9999.0
USC00043491,1943,2,10,,,0.0,0.0,-9999.0,,,,,,,,,,-9999.0,-9999.0
USC00043491,1943,2,11,,,0.0,0.0,-9999.0,,,,,,,,,,-9999.0,-9999.0
USC00043491,1943,2,12,,,0.0,0.0,-9999.0,,,,,,,,,,-9999.0,-9999.0
USC00043491,1943,2,13,,,0.0,0.0,-9999.0,,,,,,,,,,-9999.0,-9999.0
USC00043491,1943,2,14,,,0.0,0.0,-9999.0,,,,,,,,,,-9999.0,-9999.0
USC00043491,1943,2,15,,,0.0,0.0,-9999.0,,,,,,,,,,-9999.0,-9999.0
USC00043491,1943,2,16,,,0.0,0.0,-9999.0,,,,,,,,,,-9999.0,-9999.0
USC00043491,1943,2,17,,,0.0,0.0,-9999.0,,,,,,,,,,-9999.0,-9999.0
USC00043491,1943,2,18,,,0.0,0.0,-9999.0,,,,,,,,,,-9999.0,-9999.0
USC00043491,1943,2,19,,,0.0,0.0,-9999.0,,,,,,,,,,-9999.0,-9999.0
USC00043491,1943,2,2,,,0.0,0.0,-9999.0,,,,,,,,,,-9999.0,-9999.0
USC00043491,1943,2,20,,,0.0,0.0,-9999.0,,,,,,,,,,-9999.0,-9999.0
USC00043491,1943,2,21,,,0.0,0.0,-9999.0,,,,,,,,,,-9999.0,-9999.0
USC00043491,1943,2,22,,,254.0,0.0,-9999.0,,,,,,,,,,1.0,-9999.0
USC00043491,1943,2,23,,,229.0,0.0,-9999.0,,,,,,,,,,1.0,-9999.0
USC00043491,1943,2,24,,,23.0,0.0,-9999.0,,,,,,,,,,1.0,-9999.0
USC00043491,1943,2,25,,,378.0,0.0,-9999.0,,,,,,,,,,-9999.0,-9999.0
USC00043491,1943,2,26,,,0.0,0.0,-9999.0,,,,,,,,,,-9999.0,-9999.0
USC00043491,1943,2,27,,,142.0,0.0,-9999.0,,,,,,,,,,-9999.0,-9999.0
USC00043491,1943,2,28,,,0.0,0.0,-9999.0,,,,,,,,,,-9999.0,-9999.0
USC00043491,1943,2,29,,,-9999.0,-9999.0,-9999.0,,,,,,,,,,-9999.0,-9999.0
USC00043491,1943,2,3,,,0.0,0.0,-9999.0,,,,,,,,,,-9999.0,-9999.0
USC00043491,1943,2,30,,,-9999.0,-9999.0,-9999.0,,,,,,,,,,-9999.0,-9999.0
USC00043491,1943,2,31,,,-9999.0,-9999.0,-9999.0,,,,,,,,,,-9999.0,-9999.0
USC00043491,1943,2,4,,,0.0,0.0,-9999.0,,,,,,,,,,-9999.0,-9999.0
USC00043491,1943,2,5,,,94.0,0.0,-9999.0,,,,,,,,,,-9999.0,-9999.0
USC00043491,1943,2,6,,,0.0,0.0,-9999.0,,,,,,,,,,-9999.0,-9999.0
USC00043491,1943,2,7,,,0.0,0.0,-9999.0,,,,,,,,,,1.0,-9999.0
USC00043491,1943,2,8,,,251.0,0.0,-9999.0,,,,,,,,,,-9999.0,1.0
USC00043491,1943,2,9,,,51.0,0.0,0.0,,,,,,,,,,-9999.0,-9999.0
USC00043491,1943,3,1,,,0.0,,,,,,,,,,,,-9999.0,
USC00043491,1943,3,10,,,704.0,,,,,,,,,,,,1.0,
USC00043491,1943,3,11,,,114.0,,,,,,,,,,,,-9999.0,
USC00043491,1943,3,12,,,0.0,,,,,,,,,,,,-9999.0,
USC00043491,1943,3,13,,,0.0,,,,,,,,,,,,-9999.0,
USC00043491,1943,3,14,,,234.0,,,,,,,,,,,,1.0,
USC00043491,1943,3,15,,,160.0,,,,,,,,,,,,-9999.0,
USC00043491,1943,3,16,,,0.0,,,,,,,,,,,,-9999.0,
USC00043491,1943,3,17,,,0.0,,,,,,,,,,,,-9999.0,
USC00043491,1943,3,18,,,188.0,,,,,,,,,,,,-9999.0,
USC00043491,1943,3,19,,,0.0,,,,,,,,,,,,-9999.0,
USC00043491,1943,3,2,,,0.0,,,,,,,,,,,,-9999.0,
USC00043491,1943,3,20,,,0.0,,,,,,,,,,,,-9999.0,
USC00043491,1943,3,21,,,0.0,,,,,,,,,,,,-9999.0,
USC00043491,1943,3,22,,,114.0,,,,,,,,,,,,-9999.0,
USC00043491,1943,3,23,,,0.0,,,,,,,,,,,,-9999.0,
USC00043491,1943,3,24,,,0.0,,,,,,,,,,,,-9999.0,
USC00043491,1943,3,25,,,0.0,,,,,,,,,,,,-9999.0,
USC00043491,1943,3,26,,,0.0,,,,,,,,,,,,-9999.0,
USC00043491,1943,3,27,,,0.0,,,,,,,,,,,,-9999.0,
USC00043491,1943,3,28,,,0.0,,,,,,,,,,,,-9999.0,
USC00043491,1943,3,29,,,0.0,,,,,,,,,,,,1.0,
USC00043491,1943,3,3,,,0.0,,,,,,,,,,,,-9999.0,
USC00043491,1943,3,30,,,234.0,,,,,,,,,,,,-9999.0,
USC00043491,1943,3,31,,,0.0,,,,,,,,,,,,-9999.0,
USC00043491,1943,3,4,,,97.0,,,,,,,,,,,,1.0,
USC00043491,1943,3,5,,,48.0,,,,,,,,,,,,1.0,
USC00043491,1943,3,6,,,483.0,,,,,,,,,,,,1.0,
USC00043491,1943,3,7,,,102.0,,,,,,,,,,,,-9999.0,
USC00043491,1943,3,8,,,51.0,,,,,,,,,,,,1.0,
USC00043491,1943,3,9,,,635.0,,,,,,,,,,,,1.0,
USC00043491,1943,4,1,,,0.0,,,,,,,,,,,,-9999.0,
USC00043491,1943,4,10,,,0.0,,,,,,,,,,,,-9999.0,
USC00043491,1943,4,11,,,0.0,,,,,,,,,,,,-9999.0,
USC00043491,1943,4,12,,,0.0,,,,,,,,,,,,-9999.0,
USC00043491,1943,4,13,,,0.0,,,,,,,,,,,,-9999.0,
USC00043491,1943,4,14,,,0.0,,,,,,,,,,,,-9999.0,
USC00043491,1943,4,15,,,0.0,,,,,,,,,,,,-9999.0,
USC00043491,1943,4,16,,,0.0,,,,,,,,,,,,-9999.0,
USC00043491,1943,4,17,,,0.0,,,,,,,,,,,,-9999.0,
USC00043491,1943,4,18,,,0.0,,,,,,,,,,,,-9999.0,
USC00043491,1943,4,19,,,0.0,,,,,,,,,,,,-9999.0,
USC00043491,1943,4,2,,,0.0,,,,,,,,,,,,-9999.0,
USC00043491,1943,4,20,,,0.0,,,,,,,,,,,,-9999.0,
USC00043491,1943,4,21,,,0.0,,,,,,,,,,,,-9999.0,
USC00043491,1943,4,22,,,0.0,,,,,,,,,,,,-9999.0,
USC00043491,1943,4,23,,,0.0,,,,,,,,,,,,-9999.0,
USC00043491,1943,4,24,,,0.0,,,,,,,,,,,,-9999.0,
USC00043491,1943,4,25,,,0.0,,,,,,,,,,,,-9999.0,
USC00043491,1943,4,26,,,0.0,,,,,,,,,,,,-9999.0,
USC00043491,1943,4,27,,,0.0,,,,,,,,,,,,1.0,
USC00043491,1943,4,28,,,650.0,,,,,,,,,,,,1.0,
USC00043491,1943,4,29,,,0.0,,,,,,,,,,,,-9999.0,
USC00043491,1943,4,3,,,0.0,,,,,,,,,,,,-9999.0,
USC00043491,1943,4,30,,,0.0,,,,,,,,,,,,-9999.0,
USC00043491,1943,4,31,,,-9999.0,,,,,,,,,,,,-9999.0,
USC00043491,1943,4,4,,,0.0,,,,,,,,,,,,-9999.0,
USC00043491,1943,4,5,,,41.0,,,,,,,,,,,,-9999.0,
USC00043491,1943,4,6,,,114.0,,,,,,,,,,,,-9999.0,
USC00043491,1943,4,7,,,0.0,,,,,,,,,,,,-9999.0,
USC00043491,1943,4,8,,,221.0,,,,,,,,,,,,-9999.0,
USC00043491,1943,4,9,,,66.0,,,,,,,,,,,,-9999.0,
USC00043491,1943,5,1,,,0.0,,,,,,,,,,,,-9999.0,
USC00043491,1943,5,10,,,0.0,,,,,,,,,,,,-9999.0,
USC00043491,1943,5,11,,,0.0,,,,,,,,,,,,-9999.0,
USC00043491,1943,5,12,,,0.0,,,,,,,,,,,,-9999.0,
USC00043491,1943,5,13,,,0.0,,,,,,,,,,,,-9999.0,
USC00043491,1943,5,14,,,0.0,,,,,,,,,,,,-9999.0,
USC00043491,1943,5,15,,,0.0,,,,,,,,,,,,-9999.0,
USC00043491,1943,5,16,,,0.0,,,,,,,,,,,,-9999.0,
USC00043491,1943,5,17,,,0.0,,,,,,,,,,,,-9999.0,
USC00043491,1943,5,18,,,0.0,,,,,,,,,,,,-9999.0,
USC00043491,1943,5,19,,,0.0,,,,,,,,,,,,-9999.0,
USC00043491,1943,5,2,,,0.0,,,,,,,,,,,,-9999.0,
USC00043491,1943,5,20,,,0.0,,,,,,,,,,,,-9999.0,
USC00043491,1943,5,21,,,0.0,,,,,,,,,,,,-9999.0,
USC00043491,1943,5,22,,,0.0,,,,,,,,,,,,-9999.0,
USC00043491,1943,5,23,,,0.0,,,,,,,,,,,,-9999.0,
USC00043491,1943,5,24,,,0.0,,,,,,,,,,,,-9999.0,
USC00043491,1943,5,25,,,0.0,,,,,,,,,,,,-9999.0,
USC00043491,1943,5,26,,,0.0,,,,,,,,,,,,-9999.0,
USC00043491,1943,5,27,,,0.0,,,,,,,,,,,,-9999.0,
USC00043491,1943,5,28,,,0.0,,,,,,,,,,,,-9999.0,
USC00043491,1943,5,29,,,0.0,,,,,,,,,,,,-9999.0,
USC00043491,1943,5,3,,,0.0,,,,,,,,,,,,-9999.0,
USC00043491,1943,5,30,,,0.0,,,,,,,,,,,,1.0,
USC00043491,1943,5,31,,,241.0,,,,,,,,,,,,1.0,
USC00043491,1943,5,4,,,0.0,,,,,,,,,,,,-9999.0,
USC00043491,1943,5,5,,,0.0,,,,,,,,,,,,-9999.0,
USC00043491,1943,5,6,,,0.0,,,,,,,,,,,,-9999.0,
USC00043491,1943,5,7,,,0.0,,,,,,,,,,,,-9999.0,
USC00043491,1943,5,8,,,0.0,,,,,,,,,,,,-9999.0,
USC00043491,1943,5,9,,,0.0,,,,,,,,,,,,-9999.0,
USC00043491,1943,6,1,,,465.0,,,,,,,,,,,,1.0,
USC00043491,1943,6,10,,,0.0,,,,,,,,,,,,-9999.0,
USC00043491,1943,6,11,,,0.0,,,,,,,,,,,,-9999.0,
USC00043491,1943,6,12,,,0.0,,,,,,,,,,,,-9999.0,
USC00043491,1943,6,13,,,0.0,,,,,,,,,,,,-9999.0,
USC00043491,1943,6,14,,,0.0,,,,,,,,,,,,-9999.0,
USC00043491,1943,6,15,,,0.0,,,,,,,,,,,,-9999.0,
USC00043491,1943,6,16,,,0.0,,,,,,,,,,,,-9999.0,
USC00043491,1943,6,17,,,0.0,,,,,,,,,,,,-9999.0,
USC00043491,1943,6,18,,,0.0,,,,,,,,,,,,-9999.0,
USC00043491,1943,6,19,,,0.0,,,,,,,,,,,,-9999.0,
USC00043491,1943,6,2,,,140.0,,,,,,,,,,,,-9999.0,
USC00043491,1943,6,20,,,0.0,,,,,,,,,,,,-9999.0,
USC00043491,1943,6,21,,,0.0,,,,,,,,,,,,-9999.0,
USC00043491,1943,6,22,,,0.0,,,,,,,,,,,,-9999.0,
USC00043491,1943,6,23,,,0.0,,,,,,,,,,,,-9999.0,
USC00043491,1943,6,24,,,0.0,,,,,,,,,,,,-9999.0,
USC00043491,1943,6,25,,,0.0,,,,,,,,,,,,-9999.0,
USC00043491,1943,6,26,,,0.0,,,,,,,,,,,,-9999.0,
USC00043491,1943,6,27,,,0.0,,,,,,,,,,,,-9999.0,
USC00043491,1943,6,28,,,0.0,,,,,,,,,,,,-9999.0,
USC00043491,1943,6,29,,,0.0,,,,,,,,,,,,-9999.0,
USC00043491,1943,6,3,,,0.0,,,,,,,,,,,,-9999.0,
USC00043491,1943,6,30,,,0.0,,,,,,,,,,,,-9999.0,
USC00043491,1943,6,31,,,-9999.0,,,,,,,,,,,,-9999.0,
USC00043491,1943,6,4,,,0.0,,,,,,,,,,,,-9999.0,
USC00043491,1943,6,5,,,0.0,,,,,,,,,,,,-9999.0,
USC00043491,1943,6,6,,,0.0,,,,,,,,,,,,-9999.0,
USC00043491,1943,6,7,,,0.0,,,,,,,,,,,,-9999.0,
USC00043491,1943,6,8,,,0.0,,,,,,,,,,,,-9999.0,
USC00043491,1943,6,9,,,0.0,,,,,,,,,,,,-9999.0,
USC00043491,1943,7,1,,,0.0,,,,,,,,,,,,,
USC00043491,1943,7,10,,,0.0,,,,,,,,,,,,,
USC00043491,1943,7,11,,,0.0,,,,,,,,,,,,,
USC00043491,1943,7,12,,,0.0,,,,,,,,,,,,,
USC00043491,1943,7,13,,,0.0,,,,,,,,,,,,,
USC00043491,1943,7,14,,,0.0,,,,,,,,,,,,,
USC00043491,1943,7,15,,,0.0,,,,,,,,,,,,,
USC00043491,1943,7,16,,,0.0,,,,,,,,,,,,,
USC00043491,1943,7,17,,,0.0,,,,,,,,,,,,,
USC00043491,1943,7,18,,,0.0,,,,,,,,,,,,,
USC00043491,1943,7,19,,,0.0,,,,,,,,,,,,,
USC00043491,1943,7,2,,,0.0,,,,,,,,,,,,,
USC00043491,1943,7,20,,,0.0,,,,,,,,,,,,,
USC00043491,1943,7,21,,,0.0,,,,,,,,,,,,,
USC00043491,1943,7,22,,,0.0,,,,,,,,,,,,,
USC00043491,1943,7,23,,,0.0,,,,,,,,,,,,,
USC00043491,1943,7,24,,,0.0,,,,,,,,,,,,,
USC00043491,1943,7,25,,,0.0,,,,,,,,,,,,,
USC00043491,1943,7,26,,,0.0,,,,,,,,,,,,,
USC00043491,1943,7,27,,,0.0,,,,,,,,,,,,,
USC00043491,1943,7,28,,,0.0,,,,,,,,,,,,,
USC00043491,1943,7,29,,,0.0,,,,,,,,,,,,,
USC00043491,1943,7,3,,,0.0,,,,,,,,,,,,,
USC00043491,1943,7,30,,,0.0,,,,,,,,,,,,,
USC00043491,1943,7,31,,,0.0,,,,,,,,,,,,,
USC00043491,1943,7,4,,,0.0,,,,,,,,,,,,,
USC00043491,1943,7,5,,,0.0,,,,,,,,,,,,,
USC00043491,1943,7,6,,,0.0,,,,,,,,,,,,,
USC00043491,1943,7,7,,,0.0,,,,,,,,,,,,,
USC00043491,1943,7,8,,,0.0,,,,,,,,,,,,,
USC00043491,1943,7,9,,,0.0,,,,,,,,,,,,,
USC00043491,1943,8,1,,,0.0,,,,,,,,,,,,,
USC00043491,1943,8,10,,,0.0,,,,,,,,,,,,,
USC00043491,1943,8,11,,,0.0,,,,,,,,,,,,,
USC00043491,1943,8,12,,,0.0,,,,,,,,,,,,,
USC00043491,1943,8,13,,,0.0,,,,,,,,,,,,,
USC00043491,1943,8,14,,,0.0,,,,,,,,,,,,,
USC00043491,1943,8,15,,,0.0,,,,,,,,,,,,,
USC00043491,1943,8,16,,,0.0,,,,,,,,,,,,,
USC00043491,1943,8,17,,,0.0,,,,,,,,,,,,,
USC00043491,1943,8,18,,,0.0,,,,,,,,,,,,,
USC00043491,1943,8,19,,,0.0,,,,,,,,,,,,,
USC00043491,1943,8,2,,,0.0,,,,,,,,,,,,,
USC00043491,1943,8,20,,,0.0,,,,,,,,,,,,,
USC00043491,1943,8,21,,,0.0,,,,,,,,,,,,,
USC00043491,1943,8,22,,,0.0,,,,,,,,,,,,,
USC00043491,1943,8,23,,,0.0,,,,,,,,,,,,,
USC00043491,1943,8,24,,,0.0,,,,,,,,,,,,,
USC00043491,1943,8,25,,,0.0,,,,,,,,,,,,,
USC00043491,1943,8,26,,,0.0,,,,,,,,,,,,,
USC00043491,1943,8,27,,,0.0,,,,,,,,,,,,,
USC00043491,1943,8,28,,,0.0,,,,,,,,,,,,,
USC00043491,1943,8,29,,,0.0,,,,,,,,,,,,,
USC00043491,1943,8,3,,,0.0,,,,,,,,,,,,,
USC00043491,1943,8,30,,,0.0,,,,,,,,,,,,,
USC00043491,1943,8,31,,,0.0,,,,,,,,,,,,,
USC00043491,1943,8,4,,,0.0,,,,,,,,,,,,,
USC00043491,1943,8,5,,,0.0,,,,,,,,,,,,,
USC00043491,1943,8,6,,,0.0,,,,,,,,,,,,,
USC00043491,1943,8,7,,,0.0,,,,,,,,,,,,,
USC00043491,1943,8,8,,,0.0,,,,,,,,,,,,,
USC00043491,1943,8,9,,,0.0,,,,,,,,,,,,,
USC00043491,1943,9,1,,,0.0,,,,,,,,,,,,,
USC00043491,1943,9,10,,,0.0,,,,,,,,,,,,,
USC00043491,1943,9,11,,,0.0,,,,,,,,,,,,,
USC00043491,1943,9,12,,,0.0,,,,,,,,,,,,,
USC00043491,1943,9,13,,,0.0,,,,,,,,,,,,,
USC00043491,1943,9,14,,,0.0,,,,,,,,,,,,,
USC00043491,1943,9,15,,,0.0,,,,,,,,,,,,,
USC00043491,1943,9,16,,,0.0,,,,,,,,,,,,,
USC00043491,1943,9,17,,,0.0,,,,,,,,,,,,,
USC00043491,1943,9,18,,,0.0,,,,,,,,,,,,,
USC00043491,1943,9,19,,,0.0,,,,,,,,,,,,,
USC00043491,1943,9,2,,,0.0,,,,,,,,,,,,,
USC00043491,1943,9,20,,,0.0,,,,,,,,,,,,,
USC00043491,1943,9,21,,,0.0,,,,,,,,,,,,,
USC00043491,1943,9,22,,,0.0,,,,,,,,,,,,,
USC00043491,1943,9,23,,,0.0,,,,,,,,,,,,,
USC00043491,1943,9,24,,,0.0,,,,,,,,,,,,,
USC00043491,1943,9,25,,,0.0,,,,,,,,,,,,,
USC00043491,1943,9,26,,,0.0,,,,,,,,,,,,,
USC00043491,1943,9,27,,,0.0,,,,,,,,,,,,,
USC00043491,1943,9,28,,,0.0,,,,,,,,,,,,,
USC00043491,1943,9,29,,,0.0,,,,,,,,,,,,,
USC00043491,1943,9,3,,,0.0,,,,,,,,,,,,,
USC00043491,1943,9,30,,,0.0,,,,,,,,,,,,,
USC00043491,1943,9,31,,,-9999.0,,,,,,,,,,,,,
USC00043491,1943,9,4,,,0.0,,,,,,,,,,,,,
USC00043491,1943,9,5,,,0.0,,,,,,,,,,,,,
USC00043491,1943,9,6,,,0.0,,,,,,,,,,,,,
USC00043491,1943,9,7,,,0.0,,,,,,,,,,,,,
USC00043491,1943,9,8,,,0.0,,,,,,,,,,,,,
USC00043491,1943,9,9,,,0.0,,,,,,,,,,,,,
USC00043491,1943,10,1,,,0.0,,,,,,,,,,,,-9999.0,
USC00043491,1943,10,10,,,0.0,,,,,,,,,,,,-9999.0,
USC00043491,1943,10,11,,,0.0,,,,,,,,,,,,-9999.0,
USC00043491,1943,10,12,,,0.0,,,,,,,,,,,,-9999.0,
USC00043491,1943,10,13,,,0.0,,,,,,,,,,,,-9999.0,
USC00043491,1943,10,14,,,0.0,,,,,,,,,,,,-9999.0,
USC00043491,1943,10,15,,,0.0,,,,,,,,,,,,-9999.0,
USC00043491,1943,10,16,,,0.0,,,,,,,,,,,,-9999.0,
USC00043491,1943,10,17,,,0.0,,,,,,,,,,,,-9999.0,
USC00043491,1943,10,18,,,0.0,,,,,,,,,,,,-9999.0,
USC00043491,1943,10,19,,,51.0,,,,,,,,,,,,-9999.0,
USC00043491,1943,10,2,,,0.0,,,,,,,,,,,,-9999.0,
USC00043491,1943,10,20,,,8.0,,,,,,,,,,,,-9999.0,
USC00043491,1943,10,21,,,272.0,,,,,,,,,,,,1.0,
USC00043491,1943,10,22,,,8.0,,,,,,,,,,,,-9999.0,
USC00043491,1943,10,23,,,0.0,,,,,,,,,,,,-9999.0,
USC00043491,1943,10,24,,,0.0,,,,,,,,,,,,-9999.0,
USC00043491,1943,10,25,,,0.0,,,,,,,,,,,,-9999.0,
USC00043491,1943,10,26,,,0.0,,,,,,,,,,,,-9999.0,
USC00043491,1943,10,27,,,18.0,,,,,,,,,,,,-9999.0,
USC00043491,1943,10,28,,,89.0,,,,,,,,,,,,-9999.0,
USC00043491,1943,10,29,,,0.0,,,,,,,,,,,,-9999.0,
USC00043491,1943,10,3,,,0.0,,,,,,,,,,,,-9999.0,
USC00043491,1943,10,30,,,0.0,,,,,,,,,,,,-9999.0,
USC00043491,1943,10,31,,,0.0,,,,,,,,,,,,-9999.0,
USC00043491,1943,10,4,,,0.0,,,,,,,,,,,,-9999.0,
USC00043491,1943,10,5,,,0.0,,,,,,,,,,,,-9999.0,
USC00043491,1943,10,6,,,0.0,,,,,,,,,,,,-9999.0,
USC00043491,1943,10,7,,,0.0,,,,,,,,,,,,-9999.0,
USC00043491,1943,10,8,,,0.0,,,,,,,,,,,,-9999.0,
USC00043491,1943,10,9,,,0.0,,,,,,,,,,,,-9999.0,
USC00043491,1943,11,1,,,0.0,,,,,,,,,,,,-9999.0,
USC00043491,1943,11,10,,,0.0,,,,,,,,,,,,-9999.0,
USC00043491,1943,11,11,,,0.0,,,,,,,,,,,,-9999.0,
USC00043491,1943,11,12,,,0.0,,,,,,,,,,,,-9999.0,
USC00043491,1943,11,13,,,0.0,,,,,,,,,,,,-9999.0,
USC00043491,1943,11,14,,,0.0,,,,,,,,,,,,-9999.0,
USC00043491,1943,11,15,,,0.0,,,,,,,,,,,,-9999.0,
USC00043491,1943,11,16,,,0.0,,,,,,,,,,,,-9999.0,
USC00043491,1943,11,17,,,0.0,,,,,,,,,,,,-9999.0,
USC00043491,1943,11,18,,,0.0,,,,,,,,,,,,-9999.0,
USC00043491,1943,11,19,,,94.0,,,,,,,,,,,,-9999.0,
USC00043491,1943,11,2,,,0.0,,,,,,,,,,,,-9999.0,
USC00043491,1943,11,20,,,196.0,,,,,,,,,,,,-9999.0,
USC00043491,1943,11,21,,,168.0,,,,,,,,,,,,-9999.0,
USC00043491,1943,11,22,,,0.0,,,,,,,,,,,,-9999.0,
USC00043491,1943,11,23,,,0.0,,,,,,,,,,,,-9999.0,
USC00043491,1943,11,24,,,0.0,,,,,,,,,,,,-9999.0,
USC00043491,1943,11,25,,,0.0,,,,,,,,,,,,-9999.0,
USC00043491,1943,11,26,,,0.0,,,,,,,,,,,,-9999.0,
USC00043491,1943,11,27,,,0.0,,,,,,,,,,,,-9999.0,
USC00043491,1943,11,28,,,0.0,,,,,,,,,,,,-9999.0,
USC00043491,1943,11,29,,,0.0,,,,,,,,,,,,-9999.0,
USC00043491,1943,11,3,,,0.0,,,,,,,,,,,,-9999.0,
USC00043491,1943,11,30,,,140.0,,,,,,,,,,,,1.0,
USC00043491,1943,11,31,,,-9999.0,,,,,,,,,,,,-9999.0,
USC00043491,1943,11,4,,,0.0,,,,,,,,,,,,-9999.0,
USC00043491,1943,11,5,,,0.0,,,,,,,,,,,,-9999.0,
USC00043491,1943,11,6,,,0.0,,,,,,,,,,,,-9999.0,
USC00043491,1943,11,7,,,0.0,,,,,,,,,,,,-9999.0,
USC00043491,1943,11,8,,,0.0,,,,,,,,,,,,-9999.0,
USC00043491,1943,11,9,,,0.0,,,,,,,,,,,,-9999.0,
USC00043491,1943,12,1,,,0.0,0.0,,,,,,,,,,,-9999.0,
USC00043491,1943,12,10,,,0.0,0.0,,,,,,,,,,,-9999.0,
USC00043491,1943,12,11,,,0.0,0.0,,,,,,,,,,,-9999.0,
USC00043491,1943,12,12,,,0.0,0.0,,,,,,,,,,,-9999.0,
USC00043491,1943,12,13,,,0.0,0.0,,,,,,,,,,,-9999.0,
USC00043491,1943,12,14,,,0.0,0.0,,,,,,,,,,,-9999.0,
USC00043491,1943,12,15,,,0.0,0.0,,,,,,,,,,,-9999.0,
USC00043491,1943,12,16,,,0.0,0.0,,,,,,,,,,,-9999.0,
USC00043491,1943,12,17,,,0.0,0.0,,,,,,,,,,,-9999.0,
USC00043491,1943,12,18,,,0.0,0.0,,,,,,,,,,,-9999.0,
USC00043491,1943,12,19,,,127.0,0.0,,,,,,,,,,,1.0,
USC00043491,1943,12,2,,,0.0,0.0,,,,,,,,,,,-9999.0,
USC00043491,1943,12,20,,,287.0,0.0,,,,,,,,,,,1.0,
USC00043491,1943,12,21,,,239.0,0.0,,,,,,,,,,,-9999.0,
USC00043491,1943,12,22,,,0.0,0.0,,,,,,,,,,,-9999.0,
USC00043491,1943,12,23,,,0.0,0.0,,,,,,,,,,,-9999.0,
USC00043491,1943,12,24,,,0.0,0.0,,,,,,,,,,,-9999.0,
USC00043491,1943,12,25,,,0.0,0.0,,,,,,,,,,,-9999.0,
USC00043491,1943,12,26,,,0.0,0.0,,,,,,,,,,,-9999.0,
USC00043491,1943,12,27,,,0.0,0.0,,,,,,,,,,,-9999.0,
USC00043491,1943,12,28,,,0.0,0.0,,,,,,,,,,,-9999.0,
USC00043491,1943,12,29,,,137.0,0.0,,,,,,,,,,,1.0,
USC00043491,1943,12,3,,,0.0,0.0,,,,,,,,,,,-9999.0,
USC00043491,1943,12,30,,,152.0,0.0,,,,,,,,,,,1.0,
USC00043491,1943,12,31,,,33.0,0.0,,,,,,,,,,,-9999.0,
USC00043491,1943,12,4,,,0.0,0.0,,,,,,,,,,,-9999.0,
USC00043491,1943,12,5,,,102.0,0.0,,,,,,,,,,,1.0,
USC00043491,1943,12,6,,,91.0,0.0,,,,,,,,,,,-9999.0,
USC00043491,1943,12,7,,,0.0,0.0,,,,,,,,,,,-9999.0,
USC00043491,1943,12,8,,,0.0,0.0,,,,,,,,,,,-9999.0,
USC00043491,1943,12,9,,,0.0,0.0,,,,,,,,,,,-9999.0,
USC00043491,1944,1,1,,,-9999.0,-9999.0,-9999.0,,,,,,,,,,-9999.0,-9999.0
USC00043491,1944,1,10,,,81.0,76.0,76.0,,,,,,,,,,-9999.0,-9999.0
USC00043491,1944,1,11,,,-9999.0,-9999.0,-9999.0,,,,,,,,,,-9999.0,-9999.0
USC00043491,1944,1,12,,,-9999.0,-9999.0,-9999.0,,,,,,,,,,-9999.0,-9999.0
USC00043491,1944,1,13,,,-9999.0,-9999.0,-9999.0,,,,,,,,,,-9999.0,-9999.0
USC00043491,1944,1,14,,,-9999.0,-9999.0,-9999.0,,,,,,,,,,-9999.0,-9999.0
USC00043491,1944,1,15,,,-9999.0,-9999.0,-9999.0,,,,,,,,,,-9999.0,-9999.0
USC00043491,1944,1,16,,,-9999.0,-9999.0,-9999.0,,,,,,,,,,-9999.0,-9999.0
USC00043491,1944,1,17,,,-9999.0,-9999.0,-9999.0,,,,,,,,,,-9999.0,-9999.0
USC00043491,1944,1,18,,,-9999.0,-9999.0,-9999.0,,,,,,,,,,-9999.0,-9999.0
USC00043491,1944,1,19,,,-9999.0,-9999.0,-9999.0,,,,,,,,,,-9999.0,-9999.0
USC00043491,1944,1,2,,,411.0,-9999.0,-9999.0,,,,,,,,,,1.0,-9999.0
USC00043491,1944,1,20,,,-9999.0,-9999.0,-9999.0,,,,,,,,,,-9999.0,-9999.0
USC00043491,1944,1,21,,,-9999.0,-9999.0,-9999.0,,,,,,,,,,-9999.0,-9999.0
USC00043491,1944,1,22,,,-9999.0,-9999.0,-9999.0,,,,,,,,,,-9999.0,-9999.0
USC00043491,1944,1,23,,,-9999.0,-9999.0,-9999.0,,,,,,,,,,-9999.0,-9999.0
USC00043491,1944,1,24,,,-9999.0,-9999.0,-9999.0,,,,,,,,,,-9999.0,-9999.0
USC00043491,1944,1,25,,,-9999.0,-9999.0,-9999.0,,,,,,,,,,-9999.0,-9999.0
USC00043491,1944,1,26,,,-9999.0,-9999.0,-9999.0,,,,,,,,,,-9999.0,-9999.0
USC00043491,1944,1,27,,,-9999.0,-9999.0,-9999.0,,,,,,,,,,-9999.0,-9999.0
USC00043491,1944,1,28,,,-9999.0,-9999.0,-9999.0,,,,,,,,,,-9999.0,-9999.0
USC00043491,1944,1,29,,,-9999.0,-9999.0,-9999.0,,,,,,,,,,-9999.0,-9999.0
USC00043491,1944,1,3,,,193.0,127.0,102.0,,,,,,,,,,-9999.0,1.0
USC00043491,1944,1,30,,,-9999.0,-9999.0,-9999.0,,,,,,,,,,-9999.0,-9999.0
USC00043491,1944,1,31,,,-9999.0,-9999.0,-9999.0,,,,,,,,,,-9999.0,-9999.0
USC00043491,1944,1,4,,,15.0,-9999.0,-9999.0,,,,,,,,,,1.0,-9999.0
USC00043491,1944,1,5,,,28.0,-9999.0,-9999.0,,,,,,,,,,1.0,-9999.0
USC00043491,1944,1,6,,,523.0,-9999.0,-9999.0,,,,,,,,,,-9999.0,-9999.0
USC00043491,1944,1,7,,,-9999.0,-9999.0,-9999.0,,,,,,,,,,-9999.0,-9999.0
USC00043491,1944,1,8,,,-9999.0,-9999.0,-9999.0,,,,,,,,,,-9999.0,-9999.0
USC00043491,1944,1,9,,,-9999.0,-9999.0,-9999.0,,,,,,,,,,-9999.0,-9999.0
USC00043491,1944,2,1,,,445.0,-9999.0,-9999.0,,,,,,,,,,1.0,-9999.0
USC00043491,1944,2,10,,,0.0,-9999.0,-9999.0,,,,,,,,,,-9999.0,-9999.0
USC00043491,1944,2,11,,,0.0,-9999.0,-9999.0,,,,,,,,,,-9999.0,-9999.0
USC00043491,1944,2,12,,,0.0,-9999.0,-9999.0,,,,,,,,,,-9999.0,-9999.0
USC00043491,1944,2,13,,,0.0,-9999.0,-9999.0,,,,,,,,,,-9999.0,-9999.0
USC00043491,1944,2,14,,,0.0,-9999.0,-9999.0,,,,,,,,,,-9999.0,-9999.0
USC00043491,1944,2,15,,,0.0,-9999.0,-9999.0,,,,,,,,,,-9999.0,-9999.0
USC00043491,1944,2,16,,,0.0,-9999.0,-9999.0,,,,,,,,,,-9999.0,-9999.0
USC00043491,1944,2,17,,,0.0,0.0,0.0,,,,,,,,,,-9999.0,-9999.0
USC00043491,1944,2,18,,,0.0,-9999.0,-9999.0,,,,,,,,,,-9999.0,-9999.0
USC00043491,1944,2,19,,,0.0,-9999.0,-9999.0,,,,,,,,,,1.0,-9999.0
USC00043491,1944,2,2,,,0.0,-9999.0,-9999.0,,,,,,,,,,1.0,-9999.0
USC00043491,1944,2,20,,,-9999.0,-9999.0,-9999.0,,,,,,,,,,-9999.0,-9999.0
USC00043491,1944,2,21,,,-9999.0,114.0,-9999.0,,,,,,,,,,-9999.0,1.0
USC00043491,1944,2,22,,,-9999.0,64.0,178.0,,,,,,,,,,-9999.0,1.0
USC00043491,1944,2,23,,,-9999.0,-9999.0,-9999.0,,,,,,,,,,-9999.0,-9999.0
USC00043491,1944,2,24,,,0.0,-9999.0,0.0,,,,,,,,,,-9999.0,-9999.0
USC00043491,1944,2,25,,,0.0,-9999.0,-9999.0,,,,,,,,,,1.0,-9999.0
USC00043491,1944,2,26,,,508.0,-9999.0,-9999.0,,,,,,,,,,-9999.0,1.0
USC00043491,1944,2,27,,,0.0,-9999.0,-9999.0,,,,,,,,,,-9999.0,-9999.0
USC00043491,1944,2,28,,,0.0,58.0,610.0,,,,,,,,,,1.0,1.0
USC00043491,1944,2,29,,,-9999.0,76.0,686.0,,,,,,,,,,-9999.0,1.0
USC00043491,1944,2,3,,,0.0,-9999.0,-9999.0,,,,,,,,,,-9999.0,-9999.0
USC00043491,1944,2,30,,,-9999.0,-9999.0,-9999.0,,,,,,,,,,-9999.0,-9999.0
USC00043491,1944,2,31,,,-9999.0,-9999.0,-9999.0,,,,,,,,,,-9999.0,-9999.0
USC00043491,1944,2,4,,,0.0,-9999.0,-9999.0,,,,,,,,,,-9999.0,-9999.0
USC00043491,1944,2,5,,,0.0,-9999.0,-9999.0,,,,,,,,,,-9999.0,-9999.0
USC00043491,1944,2,6,,,0.0,-9999.0,-9999.0,,,,,,,,,,-9999.0,-9999.0
USC00043491,1944,2,7,,,0.0,-9999.0,-9999.0,,,,,,,,,,-9999.0,-9999.0
USC00043491,1944,2,8,,,0.0,-9999.0,-9999.0,,,,,,,,,,1.0,-9999.0
USC00043491,1944,2,9,,,0.0,-9999.0,-9999.0,,,,,,,,,,-9999.0,-9999.0
USC00043491,1944,3,1,,,0.0,0.0,508.0,,,,,,,,,,-9999.0,-9999.0
USC00043491,1944,3,10,,,0.0,0.0,0.0,,,,,,,,,,-9999.0,-9999.0
USC00043491,1944,3,11,,,0.0,0.0,-9999.0,,,,,,,,,,-9999.0,-9999.0
USC00043491,1944,3,12,,,0.0,0.0,0.0,,,,,,,,,,-9999.0,-9999.0
USC00043491,1944,3,13,,,0.0,0.0,-9999.0,,,,,,,,,,1.0,1.0
USC00043491,1944,3,14,,,0.0,0.0,0.0,,,,,,,,,,-9999.0,-9999.0
USC00043491,1944,3,15,,,0.0,0.0,0.0,,,,,,,,,,-9999.0,-9999.0
USC00043491,1944,3,16,,,0.0,0.0,0.0,,,,,,,,,,-9999.0,-9999.0
USC00043491,1944,3,17,,,0.0,0.0,0.0,,,,,,,,,,-9999.0,-9999.0
USC00043491,1944,3,18,,,0.0,0.0,0.0,,,,,,,,,,-9999.0,-9999.0
USC00043491,1944,3,19,,,0.0,0.0,0.0,,,,,,,,,,-9999.0,-9999.0
USC00043491,1944,3,2,,,0.0,0.0,457.0,,,,,,,,,,-9999.0,-9999.0
USC00043491,1944,3,20,,,0.0,0.0,0.0,,,,,,,,,,-9999.0,-9999.0
USC00043491,1944,3,21,,,0.0,0.0,0.0,,,,,,,,,,-9999.0,-9999.0
USC00043491,1944,3,22,,,0.0,0.0,0.0,,,,,,,,,,-9999.0,-9999.0
USC00043491,1944,3,23,,,0.0,0.0,0.0,,,,,,,,,,-9999.0,-9999.0
USC00043491,1944,3,24,,,0.0,0.0,0.0,,,,,,,,,,-9999.0,-9999.0
USC00043491,1944,3,25,,,0.0,0.0,-9999.0,,,,,,,,,,-9999.0,-9999.0
USC00043491,1944,3,26,,,0.0,0.0,-9999.0,,,,,,,,,,-9999.0,-9999.0
USC00043491,1944,3,27,,,0.0,0.0,-9999.0,,,,,,,,,,-9999.0,-9999.0
USC00043491,1944,3,28,,,0.0,0.0,-9999.0,,,,,,,,,,-9999.0,-9999.0
USC00043491,1944,3,29,,,0.0,0.0,-9999.0,,,,,,,,,,-9999.0,-9999.0
USC00043491,1944,3,3,,,254.0,0.0,-9999.0,,,,,,,,,,1.0,-9999.0
USC00043491,1944,3,30,,,0.0,0.0,-9999.0,,,,,,,,,,-9999.0,-9999.0
USC00043491,1944,3,31,,,0.0,0.0,-9999.0,,,,,,,,,,-9999.0,-9999.0
USC00043491,1944,3,4,,,762.0,25.0,305.0,,,,,,,,,,1.0,1.0
USC00043491,1944,3,5,,,0.0,0.0,152.0,,,,,,,,,,-9999.0,-9999.0
USC00043491,1944,3,6,,,0.0,0.0,76.0,,,,,,,,,,-9999.0,-9999.0
USC00043491,1944,3,7,,,0.0,0.0,25.0,,,,,,,,,,-9999.0,-9999.0
USC00043491,1944,3,8,,,0.0,0.0,0.0,,,,,,,,,,-9999.0,-9999.0
USC00043491,1944,3,9,,,0.0,0.0,0.0,,,,,,,,,,-9999.0,-9999.0
USC00043491,1944,4,1,,,0.0,0.0,,,,,,,,,,,-9999.0,
USC00043491,1944,4,10,,,0.0,0.0,,,,,,,,,,,1.0,
USC00043491,1944,4,11,,,0.0,0.0,,,,,,,,,,,1.0,
USC00043491,1944,4,12,,,572.0,0.0,,,,,,,,,,,1.0,
USC00043491,1944,4,13,,,0.0,0.0,,,,,,,,,,,1.0,
USC00043491,1944,4,14,,,0.0,0.0,,,,,,,,,,,-9999.0,
USC00043491,1944,4,15,,,0.0,0.0,,,,,,,,,,,1.0,
USC00043491,1944,4,16,,,25.0,0.0,,,,,,,,,,,1.0,
USC00043491,1944,4,17,,,0.0,0.0,,,,,,,,,,,-9999.0,
USC00043491,1944,4,18,,,0.0,0.0,,,,,,,,,,,-9999.0,
USC00043491,1944,4,19,,,0.0,0.0,,,,,,,,,,,1.0,
USC00043491,1944,4,2,,,0.0,0.0,,,,,,,,,,,-9999.0,
USC00043491,1944,4,20,,,536.0,0.0,,,,,,,,,,,1.0,
USC00043491,1944,4,21,,,0.0,0.0,,,,,,,,,,,-9999.0,
USC00043491,1944,4,22,,,0.0,0.0,,,,,,,,,,,-9999.0,
USC00043491,1944,4,23,,,0.0,0.0,,,,,,,,,,,-9999.0,
USC00043491,1944,4,24,,,0.0,0.0,,,,,,,,,,,-9999.0,
USC00043491,1944,4,25,,,0.0,0.0,,,,,,,,,,,-9999.0,
USC00043491,1944,4,26,,,0.0,0.0,,,,,,,,,,,1.0,
USC00043491,1944,4,27,,,0.0,0.0,,,,,,,,,,,1.0,
USC00043491,1944,4,28,,,0.0,0.0,,,,,,,,,,,-9999.0,
USC00043491,1944,4,29,,,0.0,0.0,,,,,,,,,,,-9999.0,
USC00043491,1944,4,3,,,0.0,0.0,,,,,,,,,,,-9999.0,
USC00043491,1944,4,30,,,0.0,0.0,,,,,,,,,,,-9999.0,
USC00043491,1944,4,31,,,-9999.0,-9999.0,,,,,,,,,,,-9999.0,
USC00043491,1944,4,4,,,102.0,0.0,,,,,,,,,,,1.0,
USC00043491,1944,4,5,,,0.0,0.0,,,,,,,,,,,-9999.0,
USC00043491,1944,4,6,,,0.0,0.0,,,,,,,,,,,-9999.0,
USC00043491,1944,4,7,,,0.0,0.0,,,,,,,,,,,-9999.0,
USC00043491,1944,4,8,,,0.0,0.0,,,,,,,,,,,1.0,
USC00043491,1944,4,9,,,0.0,0.0,,,,,,,,,,,-9999.0,
USC00043491,1944,5,1,,,0.0,0.0,,,,,,,,,,,-9999.0,
USC00043491,1944,5,10,,,0.0,0.0,,,,,,,,,,,-9999.0,
USC00043491,1944,5,11,,,0.0,0.0,,,,,,,,,,,-9999.0,
USC00043491,1944,5,12,,,0.0,0.0,,,,,,,,,,,-9999.0,
USC00043491,1944,5,13,,,0.0,0.0,,,,,,,,,,,-9999.0,
USC00043491,1944,5,14,,,25.0,0.0,,,,,,,,,,,1.0,
USC00043491,1944,5,15,,,0.0,0.0,,,,,,,,,,,-9999.0,
USC00043491,1944,5,16,,,0.0,0.0,,,,,,,,,,,-9999.0,
USC00043491,1944,5,17,,,312.0,0.0,,,,,,,,,,,1.0,
USC00043491,1944,5,18,,,0.0,0.0,,,,,,,,,,,-9999.0,
USC00043491,1944,5,19,,,0.0,0.0,,,,,,,,,,,-9999.0,
USC00043491,1944,5,2,,,0.0,0.0,,,,,,,,,,,-9999.0,
USC00043491,1944,5,20,,,0.0,0.0,,,,,,,,,,,-9999.0,
USC00043491,1944,5,21,,,0.0,0.0,,,,,,,,,,,-9999.0,
USC00043491,1944,5,22,,,0.0,0.0,,,,,,,,,,,-9999.0,
USC00043491,1944,5,23,,,0.0,0.0,,,,,,,,,,,-9999.0,
USC00043491,1944,5,24,,,0.0,0.0,,,,,,,,,,,-9999.0,
USC00043491,1944,5,25,,,0.0,0.0,,,,,,,,,,,-9999.0,
USC00043491,1944,5,26,,,0.0,0.0,,,,,,,,,,,-9999.0,
USC00043491,1944,5,27,,,0.0,0.0,,,,,,,,,,,-9999.0,
USC00043491,1944,5,28,,,0.0,0.0,,,,,,,,,,,-9999.0,
USC00043491,1944,5,29,,,0.0,0.0,,,,,,,,,,,-9999.0,
USC00043491,1944,5,3,,,0.0,0.0,,,,,,,,,,,-9999.0,
USC00043491,1944,5,30,,,0.0,0.0,,,,,,,,,,,-9999.0,
USC00043491,1944,5,31,,,25.0,0.0,,,,,,,,,,,1.0,
USC00043491,1944,5,4,,,0.0,0.0,,,,,,,,,,,-9999.0,
USC00043491,1944,5,5,,,0.0,0.0,,,,,,,,,,,-9999.0,
USC00043491,1944,5,6,,,0.0,0.0,,,,,,,,,,,-9999.0,
USC00043491,1944,5,7,,,0.0,0.0,,,,,,,,,,,-9999.0,
USC00043491,1944,5,8,,,0.0,0.0,,,,,,,,,,,-9999.0,
USC00043491,1944,5,9,,,0.0,0.0,,,,,,,,,,,-9999.0,
USC00043491,1944,6,1,,,0.0,0.0,,,,,,,,,,,1.0,
USC00043491,1944,6,10,,,0.0,0.0,,,,,,,,,,,-9999.0,
USC00043491,1944,6,11,,,0.0,0.0,,,,,,,,,,,-9999.0,
USC00043491,1944,6,12,,,0.0,0.0,,,,,,,,,,,-9999.0,
USC00043491,1944,6,13,,,0.0,0.0,,,,,,,,,,,-9999.0,
USC00043491,1944,6,14,,,0.0,0.0,,,,,,,,,,,-9999.0,
USC00043491,1944,6,15,,,0.0,0.0,,,,,,,,,,,-9999.0,
USC00043491,1944,6,16,,,0.0,0.0,,,,,,,,,,,-9999.0,
USC00043491,1944,6,17,,,0.0,0.0,,,,,,,,,,,-9999.0,
USC00043491,1944,6,18,,,0.0,0.0,,,,,,,,,,,-9999.0,
USC00043491,1944,6,19,,,0.0,0.0,,,,,,,,,,,-9999.0,
USC00043491,1944,6,2,,,269.0,0.0,,,,,,,,,,,-9999.0,
USC00043491,1944,6,20,,,0.0,0.0,,,,,,,,,,,-9999.0,
USC00043491,1944,6,21,,,0.0,0.0,,,,,,,,,,,-9999.0,
USC00043491,1944,6,22,,,0.0,0.0,,,,,,,,,,,-9999.0,
USC00043491,1944,6,23,,,0.0,0.0,,,,,,,,,,,-9999.0,
USC00043491,1944,6,24,,,0.0,0.0,,,,,,,,,,,-9999.0,
USC00043491,1944,6,25,,,0.0,0.0,,,,,,,,,,,-9999.0,
USC00043491,1944,6,26,,,0.0,0.0,,,,,,,,,,,-9999.0,
USC00043491,1944,6,27,,,0.0,0.0,,,,,,,,,,,-9999.0,
USC00043491,1944,6,28,,,0.0,0.0,,,,,,,,,,,-9999.0,
USC00043491,1944,6,29,,,0.0,0.0,,,,,,,,,,,-9999.0,
USC00043491,1944,6,3,,,0.0,0.0,,,,,,,,,,,-9999.0,
USC00043491,1944,6,30,,,0.0,0.0,,,,,,,,,,,-9999.0,
USC00043491,1944,6,31,,,-9999.0,-9999.0,,,,,,,,,,,-9999.0,
USC00043491,1944,6,4,,,0.0,0.0,,,,,,,,,,,-9999.0,
USC00043491,1944,6,5,,,0.0,0.0,,,,,,,,,,,-9999.0,
USC00043491,1944,6,6,,,0.0,0.0,,,,,,,,,,,-9999.0,
USC00043491,1944,6,7,,,0.0,0.0,,,,,,,,,,,-9999.0,
USC00043491,1944,6,8,,,0.0,0.0,,,,,,,,,,,-9999.0,
USC00043491,1944,6,9,,,0.0,0.0,,,,,,,,,,,-9999.0,
USC00043491,1944,7,1,,,0.0,0.0,,,,,,,,,,,,
USC00043491,1944,7,10,,,0.0,0.0,,,,,,,,,,,,
USC00043491,1944,7,11,,,0.0,0.0,,,,,,,,,,,,
USC00043491,1944,7,12,,,0.0,0.0,,,,,,,,,,,,
USC00043491,1944,7,13,,,0.0,0.0,,,,,,,,,,,,
USC00043491,1944,7,14,,,0.0,0.0,,,,,,,,,,,,
USC00043491,1944,7,15,,,0.0,0.0,,,,,,,,,,,,
USC00043491,1944,7,16,,,0.0,0.0,,,,,,,,,,,,
USC00043491,1944,7,17,,,0.0,0.0,,,,,,,,,,,,
USC00043491,1944,7,18,,,0.0,0.0,,,,,,,,,,,,
USC00043491,1944,7,19,,,0.0,0.0,,,,,,,,,,,,
USC00043491,1944,7,2,,,0.0,0.0,,,,,,,,,,,,
USC00043491,1944,7,20,,,0.0,0.0,,,,,,,,,,,,
USC00043491,1944,7,21,,,0.0,0.0,,,,,,,,,,,,
USC00043491,1944,7,22,,,0.0,0.0,,,,,,,,,,,,
USC00043491,1944,7,23,,,0.0,0.0,,,,,,,,,,,,
USC00043491,1944,7,24,,,0.0,0.0,,,,,,,,,,,,
USC00043491,1944,7,25,,,0.0,0.0,,,,,,,,,,,,
USC00043491,1944,7,26,,,0.0,0.0,,,,,,,,,,,,
USC00043491,1944,7,27,,,0.0,0.0,,,,,,,,,,,,
USC00043491,1944,7,28,,,0.0,0.0,,,,,,,,,,,,
USC00043491,1944,7,29,,,0.0,0.0,,,,,,,,,,,,
USC00043491,1944,7,3,,,0.0,0.0,,,,,,,,,,,,
USC00043491,1944,7,30,,,0.0,0.0,,,,,,,,,,,,
USC00043491,1944,7,31,,,0.0,0.0,,,,,,,,,,,,
USC00043491,1944,7,4,,,0.0,0.0,,,,,,,,,,,,
USC00043491,1944,7,5,,,0.0,0.0,,,,,,,,,,,,
USC00043491,1944,7,6,,,0.0,0.0,,,,,,,,,,,,
USC00043491,1944,7,7,,,0.0,0.0,,,,,,,,,,,,
USC00043491,1944,7,8,,,0.0,0.0,,,,,,,,,,,,
USC00043491,1944,7,9,,,0.0,0.0,,,,,,,,,,,,
USC00043491,1944,12,1,,,-9999.0,-9999.0,-9999.0,,,,,,,,,,-9999.0,
USC00043491,1944,12,10,,,-9999.0,-9999.0,-9999.0,,,,,,,,,,-9999.0,
USC00043491,1944,12,11,,,-9999.0,-9999.0,-9999.0,,,,,,,,,,-9999.0,
USC00043491,1944,12,12,,,-9999.0,-9999.0,-9999.0,,,,,,,,,,-9999.0,
USC00043491,1944,12,13,,,-9999.0,-9999.0,-9999.0,,,,,,,,,,-9999.0,
USC00043491,1944,12,14,,,-9999.0,-9999.0,-9999.0,,,,,,,,,,-9999.0,
USC00043491,1944,12,15,,,-9999.0,-9999.0,-9999.0,,,,,,,,,,-9999.0,
USC00043491,1944,12,16,,,-9999.0,-9999.0,-9999.0,,,,,,,,,,-9999.0,
USC00043491,1944,12,17,,,-9999.0,-9999.0,-9999.0,,,,,,,,,,-9999.0,
USC00043491,1944,12,18,,,-9999.0,-9999.0,-9999.0,,,,,,,,,,-9999.0,
USC00043491,1944,12,19,,,-9999.0,-9999.0,-9999.0,,,,,,,,,,-9999.0,
USC00043491,1944,12,2,,,-9999.0,-9999.0,-9999.0,,,,,,,,,,-9999.0,
USC00043491,1944,12,20,,,-9999.0,-9999.0,-9999.0,,,,,,,,,,-9999.0,
USC00043491,1944,12,21,,,-9999.0,-9999.0,-9999.0,,,,,,,,,,-9999.0,
USC00043491,1944,12,22,,,269.0,-9999.0,-9999.0,,,,,,,,,,1.0,
USC00043491,1944,12,23,,,302.0,-9999.0,-9999.0,,,,,,,,,,1.0,
USC00043491,1944,12,24,,,0.0,-9999.0,-9999.0,,,,,,,,,,-9999.0,
USC00043491,1944,12,25,,,0.0,-9999.0,-9999.0,,,,,,,,,,-9999.0,
USC00043491,1944,12,26,,,0.0,-9999.0,-9999.0,,,,,,,,,,-9999.0,
USC00043491,1944,12,27,,,0.0,-9999.0,-9999.0,,,,,,,,,,-9999.0,
USC00043491,1944,12,28,,,102.0,114.0,127.0,,,,,,,,,,-9999.0,
USC00043491,1944,12,29,,,51.0,-9999.0,178.0,,,,,,,,,,-9999.0,
USC00043491,1944,12,3,,,-9999.0,-9999.0,-9999.0,,,,,,,,,,-9999.0,
USC00043491,1944,12,30,,,0.0,127.0,127.0,,,,,,,,,,-9999.0,
USC00043491,1944,12,31,,,0.0,76.0,76.0,,,,,,,,,,-9999.0,
USC00043491,1944,12,4,,,-9999.0,-9999.0,-9999.0,,,,,,,,,,-9999.0,
USC00043491,1944,12,5,,,-9999.0,-9999.0,-9999.0,,,,,,,,,,-9999.0,
USC00043491,1944,12,6,,,-9999.0,-9999.0,-9999.0,,,,,,,,,,-9999.0,
USC00043491,1944,12,7,,,-9999.0,-9999.0,-9999.0,,,,,,,,,,-9999.0,
USC00043491,1944,12,8,,,-9999.0,-9999.0,-9999.0,,,,,,,,,,-9999.0,
USC00043491,1944,12,9,,,-9999.0,-9999.0,-9999.0,,,,,,,,,,-9999.0,
USC00043491,1945,1,1,,,,0.0,,,,,-9999.0,,,,,,-9999.0,
USC00043491,1945,1,10,,,,0.0,,,,,-9999.0,,,,,,-9999.0,
USC00043491,1945,1,11,,,,0.0,,,,,-9999.0,,,,,,-9999.0,
USC00043491,1945,1,12,,,,0.0,,,,,-9999.0,,,,,,-9999.0,
USC00043491,1945,1,13,,,,0.0,,,,,-9999.0,,,,,,-9999.0,
USC00043491,1945,1,14,,,,0.0,,,,,-9999.0,,,,,,-9999.0,
USC00043491,1945,1,15,,,,0.0,,,,,-9999.0,,,,,,-9999.0,
USC00043491,1945,1,16,,,,0.0,,,,,-9999.0,,,,,,-9999.0,
USC00043491,1945,1,17,,,,0.0,,,,,-9999.0,,,,,,-9999.0,
USC00043491,1945,1,18,,,,0.0,,,,,-9999.0,,,,,,-9999.0,
USC00043491,1945,1,19,,,,0.0,,,,,-9999.0,,,,,,-9999.0,
USC00043491,1945,1,2,,,,0.0,,,,,-9999.0,,,,,,-9999.0,
USC00043491,1945,1,20,,,,0.0,,,,,-9999.0,,,,,,-9999.0,
USC00043491,1945,1,21,,,,0.0,,,,,-9999.0,,,,,,-9999.0,
USC00043491,1945,1,22,,,,0.0,,,,,-9999.0,,,,,,-9999.0,
USC00043491,1945,1,23,,,,0.0,,,,,-9999.0,,,,,,-9999.0,
USC00043491,1945,1,24,,,,0.0,,,,,-9999.0,,,,,,-9999.0,
USC00043491,1945,1,25,,,,0.0,,,,,-9999.0,,,,,,-9999.0,
USC00043491,1945,1,26,,,,0.0,,,,,-9999.0,,,,,,-9999.0,
USC00043491,1945,1,27,,,,0.0,,,,,-9999.0,,,,,,-9999.0,
USC00043491,1945,1,28,,,,0.0,,,,,-9999.0,,,,,,-9999.0,
USC00043491,1945,1,29,,,,0.0,,,,,-9999.0,,,,,,-9999.0,
USC00043491,1945,1,3,,,,0.0,,,,,-9999.0,,,,,,-9999.0,
USC00043491,1945,1,30,,,,0.0,,,,,-9999.0,,,,,,1.0,
USC00043491,1945,1,31,,,,0.0,,,,,-9999.0,,,,,,1.0,
USC00043491,1945,1,4,,,,0.0,,,,,-9999.0,,,,,,-9999.0,
USC00043491,1945,1,5,,,,0.0,,,,,-9999.0,,,,,,-9999.0,
USC00043491,1945,1,6,,,,0.0,,,,,1.0,,,,,,-9999.0,
USC00043491,1945,1,7,,,,0.0,,,,,-9999.0,,,,,,-9999.0,
USC00043491,1945,1,8,,,,0.0,,,,,-9999.0,,,,,,-9999.0,
USC00043491,1945,1,9,,,,0.0,,,,,-9999.0,,,,,,-9999.0,
USC00043491,1945,2,1,,,511.0,0.0,,,,,,,,,,,1.0,-9999.0
USC00043491,1945,2,10,,,0.0,0.0,,,,,,,,,,,-9999.0,-9999.0
USC00043491,1945,2,11,,,0.0,0.0,,,,,,,,,,,-9999.0,-9999.0
USC00043491,1945,2,12,,,0.0,0.0,,,,,,,,,,,-9999.0,-9999.0
USC00043491,1945,2,13,,,0.0,0.0,,,,,,,,,,,1.0,-9999.0
USC00043491,1945,2,14,,,279.0,0.0,,,,,,,,,,,1.0,-9999.0
USC00043491,1945,2,15,,,269.0,0.0,,,,,,,,,,,-9999.0,-9999.0
USC00043491,1945,2,16,,,0.0,0.0,,,,,,,,,,,-9999.0,-9999.0
USC00043491,1945,2,17,,,58.0,0.0,,,,,,,,,,,1.0,-9999.0
USC00043491,1945,2,18,,,236.0,30.0,,,,,,,,,,,-9999.0,1.0
USC00043491,1945,2,19,,,33.0,0.0,,,,,,,,,,,1.0,-9999.0
USC00043491,1945,2,2,,,1285.0,0.0,,,,,,,,,,,1.0,-9999.0
USC00043491,1945,2,20,,,0.0,0.0,,,,,,,,,,,-9999.0,-9999.0
USC00043491,1945,2,21,,,0.0,0.0,,,,,,,,,,,-9999.0,-9999.0
USC00043491,1945,2,22,,,0.0,0.0,,,,,,,,,,,-9999.0,-9999.0
USC00043491,1945,2,23,,,0.0,0.0,,,,,,,,,,,-9999.0,-9999.0
USC00043491,1945,2,24,,,0.0,0.0,,,,,,,,,,,-9999.0,-9999.0
USC00043491,1945,2,25,,,0.0,0.0,,,,,,,,,,,-9999.0,-9999.0
USC00043491,1945,2,26,,,0.0,0.0,,,,,,,,,,,-9999.0,-9999.0
USC00043491,1945,2,27,,,0.0,0.0,,,,,,,,,,,-9999.0,-9999.0
USC00043491,1945,2,28,,,0.0,0.0,,,,,,,,,,,-9999.0,-9999.0
USC00043491,1945,2,29,,,-9999.0,-9999.0,,,,,,,,,,,-9999.0,-9999.0
USC00043491,1945,2,3,,,508.0,0.0,,,,,,,,,,,1.0,-9999.0
USC00043491,1945,2,30,,,-9999.0,-9999.0,,,,,,,,,,,-9999.0,-9999.0
USC00043491,1945,2,31,,,-9999.0,-9999.0,,,,,,,,,,,-9999.0,-9999.0
USC00043491,1945,2,4,,,33.0,0.0,,,,,,,,,,,-9999.0,-9999.0
USC00043491,1945,2,5,,,84.0,0.0,,,,,,,,,,,1.0,-9999.0
USC00043491,1945,2,6,,,84.0,0.0,,,,,,,,,,,1.0,-9999.0
USC00043491,1945,2,7,,,0.0,0.0,,,,,,,,,,,-9999.0,-9999.0
USC00043491,1945,2,8,,,0.0,0.0,,,,,,,,,,,1.0,-9999.0
USC00043491,1945,2,9,,,196.0,0.0,,,,,,,,,,,-9999.0,-9999.0
USC00043491,1945,3,1,,,-9999.0,0.0,-9999.0,,,,,,,,,,-9999.0,-9999.0
USC00043491,1945,3,10,,,0.0,0.0,-9999.0,,,,,,,,,,-9999.0,-9999.0
USC00043491,1945,3,11,,,0.0,0.0,-9999.0,,,,,,,,,,-9999.0,-9999.0
USC00043491,1945,3,12,,,0.0,0.0,-9999.0,,,,,,,,,,-9999.0,-9999.0
USC00043491,1945,3,13,,,203.0,0.0,-9999.0,,,,,,,,,,-9999.0,-9999.0
USC00043491,1945,3,14,,,48.0,0.0,-9999.0,,,,,,,,,,-9999.0,-9999.0
USC00043491,1945,3,15,,,-9999.0,0.0,-9999.0,,,,,,,,,,-9999.0,-9999.0
USC00043491,1945,3,16,,,-9999.0,0.0,-9999.0,,,,,,,,,,-9999.0,-9999.0
USC00043491,1945,3,17,,,-9999.0,0.0,-9999.0,,,,,,,,,,-9999.0,1.0
USC00043491,1945,3,18,,,-9999.0,216.0,-9999.0,,,,,,,,,,-9999.0,-9999.0
USC00043491,1945,3,19,,,-9999.0,0.0,-9999.0,,,,,,,,,,-9999.0,-9999.0
USC00043491,1945,3,2,,,30.0,0.0,-9999.0,,,,,,,,,,1.0,1.0
USC00043491,1945,3,20,,,-9999.0,0.0,-9999.0,,,,,,,,,,-9999.0,-9999.0
USC00043491,1945,3,21,,,-9999.0,0.0,-9999.0,,,,,,,,,,-9999.0,-9999.0
USC00043491,1945,3,22,,,-9999.0,0.0,-9999.0,,,,,,,,,,-9999.0,-9999.0
USC00043491,1945,3,23,,,-9999.0,0.0,-9999.0,,,,,,,,,,-9999.0,-9999.0
USC00043491,1945,3,24,,,-9999.0,0.0,-9999.0,,,,,,,,,,-9999.0,-9999.0
USC00043491,1945,3,25,,,-9999.0,0.0,-9999.0,,,,,,,,,,-9999.0,-9999.0
USC00043491,1945,3,26,,,-9999.0,0.0,-9999.0,,,,,,,,,,-9999.0,1.0
USC00043491,1945,3,27,,,-9999.0,241.0,76.0,,,,,,,,,,-9999.0,-9999.0
USC00043491,1945,3,28,,,-9999.0,0.0,0.0,,,,,,,,,,-9999.0,-9999.0
USC00043491,1945,3,29,,,-9999.0,0.0,-9999.0,,,,,,,,,,-9999.0,-9999.0
USC00043491,1945,3,3,,,0.0,0.0,-9999.0,,,,,,,,,,-9999.0,1.0
USC00043491,1945,3,30,,,-9999.0,0.0,-9999.0,,,,,,,,,,-9999.0,-9999.0
USC00043491,1945,3,31,,,-9999.0,0.0,-9999.0,,,,,,,,,,-9999.0,-9999.0
USC00043491,1945,3,4,,,84.0,140.0,-9999.0,,,,,,,,,,-9999.0,1.0
USC00043491,1945,3,5,,,0.0,0.0,-9999.0,,,,,,,,,,-9999.0,-9999.0
USC00043491,1945,3,6,,,0.0,0.0,-9999.0,,,,,,,,,,-9999.0,-9999.0
USC00043491,1945,3,7,,,0.0,0.0,-9999.0,,,,,,,,,,-9999.0,-9999.0
USC00043491,1945,3,8,,,0.0,0.0,-9999.0,,,,,,,,,,-9999.0,-9999.0
USC00043491,1945,3,9,,,0.0,0.0,-9999.0,,,,,,,,,,-9999.0,-9999.0
USC00043491,1945,4,1,,,0.0,0.0,-9999.0,,,,,,,,,,-9999.0,-9999.0
USC00043491,1945,4,10,,,0.0,0.0,-9999.0,,,,,,,,,,-9999.0,-9999.0
USC00043491,1945,4,11,,,0.0,0.0,-9999.0,,,,,,,,,,-9999.0,-9999.0
USC00043491,1945,4,12,,,0.0,0.0,-9999.0,,,,,,,,,,-9999.0,-9999.0
USC00043491,1945,4,13,,,0.0,0.0,-9999.0,,,,,,,,,,-9999.0,-9999.0
USC00043491,1945,4,14,,,0.0,0.0,-9999.0,,,,,,,,,,-9999.0,-9999.0
USC00043491,1945,4,15,,,0.0,0.0,-9999.0,,,,,,,,,,-9999.0,-9999.0
USC00043491,1945,4,16,,,0.0,0.0,-9999.0,,,,,,,,,,-9999.0,-9999.0
USC00043491,1945,4,17,,,0.0,0.0,-9999.0,,,,,,,,,,-9999.0,-9999.0
USC00043491,1945,4,18,,,0.0,0.0,-9999.0,,,,,,,,,,-9999.0,-9999.0
USC00043491,1945,4,19,,,0.0,0.0,-9999.0,,,,,,,,,,-9999.0,-9999.0
USC00043491,1945,4,2,,,0.0,0.0,-9999.0,,,,,,,,,,-9999.0,-9999.0
USC00043491,1945,4,20,,,0.0,0.0,-9999.0,,,,,,,,,,-9999.0,-9999.0
USC00043491,1945,4,21,,,0.0,0.0,-9999.0,,,,,,,,,,-9999.0,-9999.0
USC00043491,1945,4,22,,,13.0,0.0,-9999.0,,,,,,,,,,1.0,-9999.0
USC00043491,1945,4,23,,,0.0,0.0,-9999.0,,,,,,,,,,-9999.0,-9999.0
USC00043491,1945,4,24,,,0.0,0.0,-9999.0,,,,,,,,,,-9999.0,-9999.0
USC00043491,1945,4,25,,,0.0,0.0,-9999.0,,,,,,,,,,-9999.0,-9999.0
USC00043491,1945,4,26,,,0.0,0.0,-9999.0,,,,,,,,,,-9999.0,-9999.0
USC00043491,1945,4,27,,,0.0,0.0,-9999.0,,,,,,,,,,-9999.0,-9999.0
USC00043491,1945,4,28,,,0.0,0.0,-9999.0,,,,,,,,,,-9999.0,-9999.0
USC00043491,1945,4,29,,,0.0,0.0,-9999.0,,,,,,,,,,-9999.0,-9999.0
USC00043491,1945,4,3,,,0.0,0.0,-9999.0,,,,,,,,,,-9999.0,-9999.0
USC00043491,1945,4,30,,,0.0,0.0,-9999.0,,,,,,,,,,-9999.0,-9999.0
USC00043491,1945,4,31,,,-9999.0,-9999.0,-9999.0,,,,,,,,,,-9999.0,-9999.0
USC00043491,1945,4,4,,,0.0,0.0,-9999.0,,,,,,,,,,-9999.0,-9999.0
USC00043491,1945,4,5,,,0.0,0.0,-9999.0,,,,,,,,,,-9999.0,-9999.0
USC00043491,1945,4,6,,,0.0,0.0,-9999.0,,,,,,,,,,-9999.0,-9999.0
USC00043491,1945,4,7,,,0.0,0.0,-9999.0,,,,,,,,,,-9999.0,-9999.0
USC00043491,1945,4,8,,,0.0,0.0,-9999.0,,,,,,,,,,-9999.0,1.0
USC00043491,1945,4,9,,,102.0,102.0,102.0,,,,,,,,,,-9999.0,-9999.0
USC00043491,1945,5,1,,,0.0,0.0,,,,,,,,,,,-9999.0,
USC00043491,1945,5,10,,,0.0,0.0,,,,,,,,,,,-9999.0,
USC00043491,1945,5,11,,,0.0,0.0,,,,,,,,,,,-9999.0,
USC00043491,1945,5,12,,,0.0,0.0,,,,,,,,,,,-9999.0,
USC00043491,1945,5,13,,,262.0,0.0,,,,,,,,,,,-9999.0,
USC00043491,1945,5,14,,,18.0,0.0,,,,,,,,,,,1.0,
USC00043491,1945,5,15,,,13.0,0.0,,,,,,,,,,,-9999.0,
USC00043491,1945,5,16,,,0.0,0.0,,,,,,,,,,,-9999.0,
USC00043491,1945,5,17,,,0.0,0.0,,,,,,,,,,,-9999.0,
USC00043491,1945,5,18,,,8.0,0.0,,,,,,,,,,,1.0,
USC00043491,1945,5,19,,,0.0,0.0,,,,,,,,,,,-9999.0,
USC00043491,1945,5,2,,,0.0,0.0,,,,,,,,,,,-9999.0,
USC00043491,1945,5,20,,,0.0,0.0,,,,,,,,,,,-9999.0,
USC00043491,1945,5,21,,,0.0,0.0,,,,,,,,,,,-9999.0,
USC00043491,1945,5,22,,,0.0,0.0,,,,,,,,,,,-9999.0,
USC00043491,1945,5,23,,,0.0,0.0,,,,,,,,,,,-9999.0,
USC00043491,1945,5,24,,,0.0,0.0,,,,,,,,,,,-9999.0,
USC00043491,1945,5,25,,,0.0,0.0,,,,,,,,,,,-9999.0,
USC00043491,1945,5,26,,,0.0,0.0,,,,,,,,,,,-9999.0,
USC00043491,1945,5,27,,,0.0,0.0,,,,,,,,,,,-9999.0,
USC00043491,1945,5,28,,,0.0,0.0,,,,,,,,,,,-9999.0,
USC00043491,1945,5,29,,,0.0,0.0,,,,,,,,,,,1.0,
USC00043491,1945,5,3,,,0.0,0.0,,,,,,,,,,,-9999.0,
USC00043491,1945,5,30,,,5.0,0.0,,,,,,,,,,,1.0,
USC00043491,1945,5,31,,,8.0,0.0,,,,,,,,,,,1.0,
USC00043491,1945,5,4,,,0.0,0.0,,,,,,,,,,,-9999.0,
USC00043491,1945,5,5,,,0.0,0.0,,,,,,,,,,,-9999.0,
USC00043491,1945,5,6,,,0.0,0.0,,,,,,,,,,,-9999.0,
USC00043491,1945,5,7,,,0.0,0.0,,,,,,,,,,,-9999.0,
USC00043491,1945,5,8,,,0.0,0.0,,,,,,,,,,,-9999.0,
USC00043491,1945,5,9,,,0.0,0.0,,,,,,,,,,,-9999.0,
USC00043491,1945,6,1,,,0.0,0.0,,,,,,,,,,,,
USC00043491,1945,6,10,,,0.0,0.0,,,,,,,,,,,,
USC00043491,1945,6,11,,,0.0,0.0,,,,,,,,,,,,
USC00043491,1945,6,12,,,0.0,0.0,,,,,,,,,,,,
USC00043491,1945,6,13,,,0.0,0.0,,,,,,,,,,,,
USC00043491,1945,6,14,,,0.0,0.0,,,,,,,,,,,,
USC00043491,1945,6,15,,,0.0,0.0,,,,,,,,,,,,
USC00043491,1945,6,16,,,0.0,0.0,,,,,,,,,,,,
USC00043491,1945,6,17,,,0.0,0.0,,,,,,,,,,,,
USC00043491,1945,6,18,,,0.0,0.0,,,,,,,,,,,,
USC00043491,1945,6,19,,,0.0,0.0,,,,,,,,,,,,
USC00043491,1945,6,2,,,0.0,0.0,,,,,,,,,,,,
USC00043491,1945,6,20,,,0.0,0.0,,,,,,,,,,,,
USC00043491,1945,6,21,,,0.0,0.0,,,,,,,,,,,,
USC00043491,1945,6,22,,,0.0,0.0,,,,,,,,,,,,
USC00043491,1945,6,23,,,0.0,0.0,,,,,,,,,,,,
USC00043491,1945,6,24,,,0.0,0.0,,,,,,,,,,,,
USC00043491,1945,6,25,,,0.0,0.0,,,,,,,,,,,,
USC00043491,1945,6,26,,,0.0,0.0,,,,,,,,,,,,
USC00043491,1945,6,27,,,0.0,0.0,,,,,,,,,,,,
USC00043491,1945,6,28,,,0.0,0.0,,,,,,,,,,,,
USC00043491,1945,6,29,,,0.0,0.0,,,,,,,,,,,,
USC00043491,1945,6,3,,,0.0,0.0,,,,,,,,,,,,
USC00043491,1945,6,30,,,0.0,0.0,,,,,,,,,,,,
USC00043491,1945,6,31,,,-9999.0,-9999.0,,,,,,,,,,,,
USC00043491,1945,6,4,,,0.0,0.0,,,,,,,,,,,,
USC00043491,1945,6,5,,,0.0,0.0,,,,,,,,,,,,
USC00043491,1945,6,6,,,23.0,0.0,,,,,,,,,,,,
USC00043491,1945,6,7,,,0.0,0.0,,,,,,,,,,,,
USC00043491,1945,6,8,,,0.0,0.0,,,,,,,,,,,,
USC00043491,1945,6,9,,,0.0,0.0,,,,,,,,,,,,
USC00043491,1945,7,1,,,0.0,0.0,,,,,,,,,,,,
USC00043491,1945,7,10,,,0.0,0.0,,,,,,,,,,,,
USC00043491,1945,7,11,,,0.0,0.0,,,,,,,,,,,,
USC00043491,1945,7,12,,,0.0,0.0,,,,,,,,,,,,
USC00043491,1945,7,13,,,0.0,0.0,,,,,,,,,,,,
USC00043491,1945,7,14,,,0.0,0.0,,,,,,,,,,,,
USC00043491,1945,7,15,,,0.0,0.0,,,,,,,,,,,,
USC00043491,1945,7,16,,,0.0,0.0,,,,,,,,,,,,
USC00043491,1945,7,17,,,0.0,0.0,,,,,,,,,,,,
USC00043491,1945,7,18,,,0.0,0.0,,,,,,,,,,,,
USC00043491,1945,7,19,,,0.0,0.0,,,,,,,,,,,,
USC00043491,1945,7,2,,,0.0,0.0,,,,,,,,,,,,
USC00043491,1945,7,20,,,0.0,0.0,,,,,,,,,,,,
USC00043491,1945,7,21,,,0.0,0.0,,,,,,,,,,,,
USC00043491,1945,7,22,,,0.0,0.0,,,,,,,,,,,,
USC00043491,1945,7,23,,,0.0,0.0,,,,,,,,,,,,
USC00043491,1945,7,24,,,0.0,0.0,,,,,,,,,,,,
USC00043491,1945,7,25,,,0.0,0.0,,,,,,,,,,,,
USC00043491,1945,7,26,,,0.0,0.0,,,,,,,,,,,,
USC00043491,1945,7,27,,,0.0,0.0,,,,,,,,,,,,
USC00043491,1945,7,28,,,0.0,0.0,,,,,,,,,,,,
USC00043491,1945,7,29,,,0.0,0.0,,,,,,,,,,,,
USC00043491,1945,7,3,,,0.0,0.0,,,,,,,,,,,,
USC00043491,1945,7,30,,,0.0,0.0,,,,,,,,,,,,
USC00043491,1945,7,31,,,0.0,0.0,,,,,,,,,,,,
USC00043491,1945,7,4,,,0.0,0.0,,,,,,,,,,,,
USC00043491,1945,7,5,,,0.0,0.0,,,,,,,,,,,,
USC00043491,1945,7,6,,,0.0,0.0,,,,,,,,,,,,
USC00043491,1945,7,7,,,0.0,0.0,,,,,,,,,,,,
USC00043491,1945,7,8,,,0.0,0.0,,,,,,,,,,,,
USC00043491,1945,7,9,,,0.0,0.0,,,,,,,,,,,,
USC00043491,1945,8,1,,,0.0,0.0,,,,,,,,,,,,
USC00043491,1945,8,10,,,0.0,0.0,,,,,,,,,,,,
USC00043491,1945,8,11,,,0.0,0.0,,,,,,,,,,,,
USC00043491,1945,8,12,,,0.0,0.0,,,,,,,,,,,,
USC00043491,1945,8,13,,,0.0,0.0,,,,,,,,,,,,
USC00043491,1945,8,14,,,0.0,0.0,,,,,,,,,,,,
USC00043491,1945,8,15,,,0.0,0.0,,,,,,,,,,,,
USC00043491,1945,8,16,,,0.0,0.0,,,,,,,,,,,,
USC00043491,1945,8,17,,,0.0,0.0,,,,,,,,,,,,
USC00043491,1945,8,18,,,0.0,0.0,,,,,,,,,,,,
USC00043491,1945,8,19,,,0.0,0.0,,,,,,,,,,,,
USC00043491,1945,8,2,,,0.0,0.0,,,,,,,,,,,,
USC00043491,1945,8,20,,,0.0,0.0,,,,,,,,,,,,
USC00043491,1945,8,21,,,0.0,0.0,,,,,,,,,,,,
USC00043491,1945,8,22,,,0.0,0.0,,,,,,,,,,,,
USC00043491,1945,8,23,,,0.0,0.0,,,,,,,,,,,,
USC00043491,1945,8,24,,,0.0,0.0,,,,,,,,,,,,
USC00043491,1945,8,25,,,0.0,0.0,,,,,,,,,,,,
USC00043491,1945,8,26,,,0.0,0.0,,,,,,,,,,,,
USC00043491,1945,8,27,,,0.0,0.0,,,,,,,,,,,,
USC00043491,1945,8,28,,,0.0,0.0,,,,,,,,,,,,
USC00043491,1945,8,29,,,0.0,0.0,,,,,,,,,,,,
USC00043491,1945,8,3,,,0.0,0.0,,,,,,,,,,,,
USC00043491,1945,8,30,,,0.0,0.0,,,,,,,,,,,,
USC00043491,1945,8,31,,,0.0,0.0,,,,,,,,,,,,
USC00043491,1945,8,4,,,0.0,0.0,,,,,,,,,,,,
USC00043491,1945,8,5,,,0.0,0.0,,,,,,,,,,,,
USC00043491,1945,8,6,,,0.0,0.0,,,,,,,,,,,,
USC00043491,1945,8,7,,,0.0,0.0,,,,,,,,,,,,
USC00043491,1945,8,8,,,0.0,0.0,,,,,,,,,,,,
USC00043491,1945,8,9,,,0.0,0.0,,,,,,,,,,,,
USC00043491,1945,9,1,,,0.0,0.0,,,,,,,,,,,,
USC00043491,1945,9,10,,,0.0,0.0,,,,,,,,,,,,
USC00043491,1945,9,11,,,0.0,0.0,,,,,,,,,,,,
USC00043491,1945,9,12,,,0.0,0.0,,,,,,,,,,,,
USC00043491,1945,9,13,,,0.0,0.0,,,,,,,,,,,,
USC00043491,1945,9,14,,,0.0,0.0,,,,,,,,,,,,
USC00043491,1945,9,15,,,0.0,0.0,,,,,,,,,,,,
USC00043491,1945,9,16,,,0.0,0.0,,,,,,,,,,,,
USC00043491,1945,9,17,,,0.0,0.0,,,,,,,,,,,,
USC00043491,1945,9,18,,,0.0,0.0,,,,,,,,,,,,
USC00043491,1945,9,19,,,0.0,0.0,,,,,,,,,,,,
USC00043491,1945,9,2,,,0.0,0.0,,,,,,,,,,,,
USC00043491,1945,9,20,,,0.0,0.0,,,,,,,,,,,,
USC00043491,1945,9,21,,,0.0,0.0,,,,,,,,,,,,
USC00043491,1945,9,22,,,0.0,0.0,,,,,,,,,,,,
USC00043491,1945,9,23,,,0.0,0.0,,,,,,,,,,,,
USC00043491,1945,9,24,,,0.0,0.0,,,,,,,,,,,,
USC00043491,1945,9,25,,,0.0,0.0,,,,,,,,,,,,
USC00043491,1945,9,26,,,0.0,0.0,,,,,,,,,,,,
USC00043491,1945,9,27,,,0.0,0.0,,,,,,,,,,,,
USC00043491,1945,9,28,,,0.0,0.0,,,,,,,,,,,,
USC00043491,1945,9,29,,,0.0,0.0,,,,,,,,,,,,
USC00043491,1945,9,3,,,0.0,0.0,,,,,,,,,,,,
USC00043491,1945,9,30,,,0.0,0.0,,,,,,,,,,,,
USC00043491,1945,9,31,,,-9999.0,-9999.0,,,,,,,,,,,,
USC00043491,1945,9,4,,,0.0,0.0,,,,,,,,,,,,
USC00043491,1945,9,5,,,0.0,0.0,,,,,,,,,,,,
USC00043491,1945,9,6,,,0.0,0.0,,,,,,,,,,,,
USC00043491,1945,9,7,,,0.0,0.0,,,,,,,,,,,,
USC00043491,1945,9,8,,,0.0,0.0,,,,,,,,,,,,
USC00043491,1945,9,9,,,0.0,0.0,,,,,,,,,,,,
USC00043491,1945,10,1,,,0.0,0.0,,,,,,,,,,,-9999.0,
USC00043491,1945,10,10,,,0.0,0.0,,,,,,,,,,,-9999.0,
USC00043491,1945,10,11,,,5.0,0.0,,,,,,,,,,,-9999.0,
USC00043491,1945,10,12,,,0.0,0.0,,,,,,,,,,,-9999.0,
USC00043491,1945,10,13,,,0.0,0.0,,,,,,,,,,,-9999.0,
USC00043491,1945,10,14,,,0.0,0.0,,,,,,,,,,,-9999.0,
USC00043491,1945,10,15,,,0.0,0.0,,,,,,,,,,,-9999.0,
USC00043491,1945,10,16,,,0.0,0.0,,,,,,,,,,,-9999.0,
USC00043491,1945,10,17,,,0.0,0.0,,,,,,,,,,,-9999.0,
USC00043491,1945,10,18,,,0.0,0.0,,,,,,,,,,,-9999.0,
USC00043491,1945,10,19,,,0.0,0.0,,,,,,,,,,,-9999.0,
USC00043491,1945,10,2,,,0.0,0.0,,,,,,,,,,,-9999.0,
USC00043491,1945,10,20,,,0.0,0.0,,,,,,,,,,,-9999.0,
USC00043491,1945,10,21,,,0.0,0.0,,,,,,,,,,,-9999.0,
USC00043491,1945,10,22,,,0.0,0.0,,,,,,,,,,,-9999.0,
USC00043491,1945,10,23,,,0.0,0.0,,,,,,,,,,,-9999.0,
USC00043491,1945,10,24,,,0.0,0.0,,,,,,,,,,,-9999.0,
USC00043491,1945,10,25,,,0.0,0.0,,,,,,,,,,,-9999.0,
USC00043491,1945,10,26,,,0.0,0.0,,,,,,,,,,,-9999.0,
USC00043491,1945,10,27,,,0.0,0.0,,,,,,,,,,,-9999.0,
USC00043491,1945,10,28,,,0.0,0.0,,,,,,,,,,,-9999.0,
USC00043491,1945,10,29,,,0.0,0.0,,,,,,,,,,,-9999.0,
USC00043491,1945,10,3,,,0.0,0.0,,,,,,,,,,,-9999.0,
USC00043491,1945,10,30,,,274.0,0.0,,,,,,,,,,,1.0,
USC00043491,1945,10,31,,,511.0,0.0,,,,,,,,,,,1.0,
USC00043491,1945,10,4,,,0.0,0.0,,,,,,,,,,,-9999.0,
USC00043491,1945,10,5,,,0.0,0.0,,,,,,,,,,,-9999.0,
USC00043491,1945,10,6,,,0.0,0.0,,,,,,,,,,,-9999.0,
USC00043491,1945,10,7,,,0.0,0.0,,,,,,,,,,,-9999.0,
USC00043491,1945,10,8,,,0.0,0.0,,,,,,,,,,,-9999.0,
USC00043491,1945,10,9,,,0.0,0.0,,,,,,,,,,,-9999.0,
USC00043491,1945,11,1,,,0.0,0.0,,,,,,,,,,,-9999.0,
USC00043491,1945,11,10,,,264.0,0.0,,,,,,,,,,,1.0,
USC00043491,1945,11,11,,,277.0,0.0,,,,,,,,,,,-9999.0,
USC00043491,1945,11,12,,,10.0,0.0,,,,,,,,,,,1.0,
USC00043491,1945,11,13,,,5.0,0.0,,,,,,,,,,,-9999.0,
USC00043491,1945,11,14,,,0.0,0.0,,,,,,,,,,,-9999.0,
USC00043491,1945,11,15,,,0.0,0.0,,,,,,,,,,,1.0,
USC00043491,1945,11,16,,,20.0,0.0,,,,,,,,,,,-9999.0,
USC00043491,1945,11,17,,,0.0,0.0,,,,,,,,,,,-9999.0,
USC00043491,1945,11,18,,,0.0,0.0,,,,,,,,,,,-9999.0,
USC00043491,1945,11,19,,,0.0,0.0,,,,,,,,,,,-9999.0,
USC00043491,1945,11,2,,,0.0,0.0,,,,,,,,,,,-9999.0,
USC00043491,1945,11,20,,,0.0,0.0,,,,,,,,,,,-9999.0,
USC00043491,1945,11,21,,,0.0,0.0,,,,,,,,,,,-9999.0,
USC00043491,1945,11,22,,,0.0,0.0,,,,,,,,,,,-9999.0,
USC00043491,1945,11,23,,,0.0,0.0,,,,,,,,,,,-9999.0,
USC00043491,1945,11,24,,,5.0,0.0,,,,,,,,,,,1.0,
USC00043491,1945,11,25,,,0.0,0.0,,,,,,,,,,,-9999.0,
USC00043491,1945,11,26,,,0.0,0.0,,,,,,,,,,,-9999.0,
USC00043491,1945,11,27,,,10.0,0.0,,,,,,,,,,,1.0,
USC00043491,1945,11,28,,,20.0,0.0,,,,,,,,,,,1.0,
USC00043491,1945,11,29,,,0.0,0.0,,,,,,,,,,,-9999.0,
USC00043491,1945,11,3,,,0.0,0.0,,,,,,,,,,,-9999.0,
USC00043491,1945,11,30,,,0.0,0.0,,,,,,,,,,,-9999.0,
USC00043491,1945,11,31,,,-9999.0,-9999.0,,,,,,,,,,,-9999.0,
USC00043491,1945,11,4,,,0.0,0.0,,,,,,,,,,,-9999.0,
USC00043491,1945,11,5,,,0.0,0.0,,,,,,,,,,,-9999.0,
USC00043491,1945,11,6,,,0.0,0.0,,,,,,,,,,,-9999.0,
USC00043491,1945,11,7,,,0.0,0.0,,,,,,,,,,,-9999.0,
USC00043491,1945,11,8,,,0.0,0.0,,,,,,,,,,,-9999.0,
USC00043491,1945,11,9,,,0.0,0.0,,,,,,,,,,,-9999.0,
USC00043491,1945,12,1,,,0.0,0.0,,,,,,,,,,,-9999.0,
USC00043491,1945,12,10,,,0.0,0.0,,,,,,,,,,,-9999.0,
USC00043491,1945,12,11,,,0.0,0.0,,,,,,,,,,,-9999.0,
USC00043491,1945,12,12,,,-9999.0,102.0,,,,,,,,,,,-9999.0,
USC00043491,1945,12,13,,,0.0,0.0,,,,,,,,,,,-9999.0,
USC00043491,1945,12,14,,,0.0,0.0,,,,,,,,,,,-9999.0,
USC00043491,1945,12,15,,,0.0,0.0,,,,,,,,,,,-9999.0,
USC00043491,1945,12,16,,,0.0,0.0,,,,,,,,,,,-9999.0,
USC00043491,1945,12,17,,,0.0,0.0,,,,,,,,,,,-9999.0,
USC00043491,1945,12,18,,,0.0,0.0,,,,,,,,,,,-9999.0,
USC00043491,1945,12,19,,,0.0,0.0,,,,,,,,,,,-9999.0,
USC00043491,1945,12,2,,,0.0,0.0,,,,,,,,,,,-9999.0,
USC00043491,1945,12,20,,,0.0,0.0,,,,,,,,,,,1.0,
USC00043491,1945,12,21,,,15.0,0.0,,,,,,,,,,,1.0,
USC00043491,1945,12,22,,,1044.0,0.0,,,,,,,,,,,1.0,
USC00043491,1945,12,23,,,20.0,0.0,,,,,,,,,,,1.0,
USC00043491,1945,12,24,,,269.0,0.0,,,,,,,,,,,1.0,
USC00043491,1945,12,25,,,0.0,0.0,,,,,,,,,,,-9999.0,
USC00043491,1945,12,26,,,770.0,0.0,,,,,,,,,,,-9999.0,
USC00043491,1945,12,27,,,254.0,0.0,,,,,,,,,,,1.0,
USC00043491,1945,12,28,,,272.0,0.0,,,,,,,,,,,1.0,
USC00043491,1945,12,29,,,262.0,0.0,,,,,,,,,,,1.0,
USC00043491,1945,12,3,,,0.0,0.0,,,,,,,,,,,-9999.0,
USC00043491,1945,12,30,,,0.0,0.0,,,,,,,,,,,-9999.0,
USC00043491,1945,12,31,,,0.0,0.0,,,,,,,,,,,-9999.0,
USC00043491,1945,12,4,,,0.0,0.0,,,,,,,,,,,-9999.0,
USC00043491,1945,12,5,,,254.0,0.0,,,,,,,,,,,1.0,
USC00043491,1945,12,6,,,15.0,0.0,,,,,,,,,,,-9999.0,
USC00043491,1945,12,7,,,0.0,0.0,,,,,,,,,,,-9999.0,
USC00043491,1945,12,8,,,0.0,0.0,,,,,,,,,,,-9999.0,
USC00043491,1945,12,9,,,0.0,0.0,,,,,,,,,,,1.0,
USC00043491,1946,1,1,,,-9999.0,0.0,,,,,,,,,,,-9999.0,-9999.0
USC00043491,1946,1,10,,,-9999.0,0.0,,,,,,,,,,,-9999.0,-9999.0
USC00043491,1946,1,11,,,-9999.0,0.0,,,,,,,,,,,-9999.0,-9999.0
USC00043491,1946,1,12,,,-9999.0,0.0,,,,,,,,,,,-9999.0,-9999.0
USC00043491,1946,1,13,,,-9999.0,0.0,,,,,,,,,,,-9999.0,-9999.0
USC00043491,1946,1,14,,,-9999.0,0.0,,,,,,,,,,,-9999.0,-9999.0
USC00043491,1946,1,15,,,-9999.0,0.0,,,,,,,,,,,-9999.0,-9999.0
USC00043491,1946,1,16,,,-9999.0,0.0,,,,,,,,,,,-9999.0,-9999.0
USC00043491,1946,1,17,,,-9999.0,0.0,,,,,,,,,,,-9999.0,-9999.0
USC00043491,1946,1,18,,,-9999.0,0.0,,,,,,,,,,,-9999.0,-9999.0
USC00043491,1946,1,19,,,-9999.0,0.0,,,,,,,,,,,-9999.0,-9999.0
USC00043491,1946,1,2,,,-9999.0,0.0,,,,,,,,,,,-9999.0,-9999.0
USC00043491,1946,1,20,,,-9999.0,0.0,,,,,,,,,,,-9999.0,-9999.0
USC00043491,1946,1,21,,,-9999.0,0.0,,,,,,,,,,,-9999.0,-9999.0
USC00043491,1946,1,22,,,-9999.0,0.0,,,,,,,,,,,-9999.0,-9999.0
USC00043491,1946,1,23,,,-9999.0,0.0,,,,,,,,,,,-9999.0,-9999.0
USC00043491,1946,1,24,,,-9999.0,0.0,,,,,,,,,,,-9999.0,-9999.0
USC00043491,1946,1,25,,,-9999.0,0.0,,,,,,,,,,,-9999.0,-9999.0
USC00043491,1946,1,26,,,-9999.0,0.0,,,,,,,,,,,-9999.0,-9999.0
USC00043491,1946,1,27,,,-9999.0,0.0,,,,,,,,,,,-9999.0,-9999.0
USC00043491,1946,1,28,,,-9999.0,0.0,,,,,,,,,,,-9999.0,-9999.0
USC00043491,1946,1,29,,,-9999.0,0.0,,,,,,,,,,,-9999.0,-9999.0
USC00043491,1946,1,3,,,-9999.0,0.0,,,,,,,,,,,-9999.0,1.0
USC00043491,1946,1,30,,,-9999.0,0.0,,,,,,,,,,,-9999.0,-9999.0
USC00043491,1946,1,31,,,-9999.0,0.0,,,,,,,,,,,-9999.0,-9999.0
USC00043491,1946,1,4,,,-9999.0,0.0,,,,,,,,,,,-9999.0,1.0
USC00043491,1946,1,5,,,20.0,0.0,,,,,,,,,,,1.0,-9999.0
USC00043491,1946,1,6,,,-9999.0,0.0,,,,,,,,,,,-9999.0,-9999.0
USC00043491,1946,1,7,,,-9999.0,0.0,,,,,,,,,,,-9999.0,-9999.0
USC00043491,1946,1,8,,,-9999.0,0.0,,,,,,,,,,,-9999.0,-9999.0
USC00043491,1946,1,9,,,-9999.0,0.0,,,,,,,,,,,-9999.0,-9999.0
USC00043491,1946,2,1,,,0.0,,-9999.0,,,,,,,,,,-9999.0,-9999.0
USC00043491,1946,2,10,,,0.0,,152.0,,,,,,,,,,-9999.0,-9999.0
USC00043491,1946,2,11,,,0.0,,127.0,,,,,,,,,,-9999.0,-9999.0
USC00043491,1946,2,12,,,0.0,,51.0,,,,,,,,,,-9999.0,-9999.0
USC00043491,1946,2,13,,,0.0,,51.0,,,,,,,,,,-9999.0,-9999.0
USC00043491,1946,2,14,,,0.0,,-9999.0,,,,,,,,,,-9999.0,-9999.0
USC00043491,1946,2,15,,,0.0,,-9999.0,,,,,,,,,,-9999.0,-9999.0
USC00043491,1946,2,16,,,0.0,,-9999.0,,,,,,,,,,-9999.0,-9999.0
USC00043491,1946,2,17,,,0.0,,-9999.0,,,,,,,,,,-9999.0,-9999.0
USC00043491,1946,2,18,,,0.0,,-9999.0,,,,,,,,,,-9999.0,-9999.0
USC00043491,1946,2,19,,,0.0,,-9999.0,,,,,,,,,,-9999.0,-9999.0
USC00043491,1946,2,2,,,0.0,,-9999.0,,,,,,,,,,-9999.0,-9999.0
USC00043491,1946,2,20,,,0.0,,-9999.0,,,,,,,,,,1.0,-9999.0
USC00043491,1946,2,21,,,0.0,,-9999.0,,,,,,,,,,-9999.0,-9999.0
USC00043491,1946,2,22,,,0.0,,-9999.0,,,,,,,,,,1.0,-9999.0
USC00043491,1946,2,23,,,0.0,,-9999.0,,,,,,,,,,-9999.0,-9999.0
USC00043491,1946,2,24,,,0.0,,-9999.0,,,,,,,,,,-9999.0,-9999.0
USC00043491,1946,2,25,,,0.0,,-9999.0,,,,,,,,,,-9999.0,-9999.0
USC00043491,1946,2,26,,,0.0,,-9999.0,,,,,,,,,,-9999.0,-9999.0
USC00043491,1946,2,27,,,0.0,,-9999.0,,,,,,,,,,-9999.0,-9999.0
USC00043491,1946,2,28,,,0.0,,-9999.0,,,,,,,,,,-9999.0,-9999.0
USC00043491,1946,2,29,,,-9999.0,,-9999.0,,,,,,,,,,-9999.0,-9999.0
USC00043491,1946,2,3,,,330.0,,330.0,,,,,,,,,,-9999.0,1.0
USC00043491,1946,2,30,,,-9999.0,,-9999.0,,,,,,,,,,-9999.0,-9999.0
USC00043491,1946,2,31,,,-9999.0,,-9999.0,,,,,,,,,,-9999.0,-9999.0
USC00043491,1946,2,4,,,76.0,,406.0,,,,,,,,,,-9999.0,-9999.0
USC00043491,1946,2,5,,,0.0,,330.0,,,,,,,,,,-9999.0,-9999.0
USC00043491,1946,2,6,,,0.0,,254.0,,,,,,,,,,-9999.0,-9999.0
USC00043491,1946,2,7,,,0.0,,152.0,,,,,,,,,,-9999.0,-9999.0
USC00043491,1946,2,8,,,0.0,,102.0,,,,,,,,,,-9999.0,-9999.0
USC00043491,1946,2,9,,,0.0,,76.0,,,,,,,,,,-9999.0,-9999.0
USC00043491,1946,3,1,,,-9999.0,0.0,,,,,,,,,,,-9999.0,-9999.0
USC00043491,1946,3,10,,,-9999.0,0.0,,,,,,,,,,,-9999.0,-9999.0
USC00043491,1946,3,11,,,-9999.0,0.0,,,,,,,,,,,-9999.0,-9999.0
USC00043491,1946,3,12,,,-9999.0,0.0,,,,,,,,,,,-9999.0,-9999.0
USC00043491,1946,3,13,,,-9999.0,0.0,,,,,,,,,,,-9999.0,-9999.0
USC00043491,1946,3,14,,,-9999.0,0.0,,,,,,,,,,,-9999.0,-9999.0
USC00043491,1946,3,15,,,-9999.0,0.0,,,,,,,,,,,-9999.0,-9999.0
USC00043491,1946,3,16,,,-9999.0,0.0,,,,,,,,,,,-9999.0,-9999.0
USC00043491,1946,3,17,,,-9999.0,0.0,,,,,,,,,,,-9999.0,-9999.0
USC00043491,1946,3,18,,,-9999.0,0.0,,,,,,,,,,,-9999.0,-9999.0
USC00043491,1946,3,19,,,-9999.0,0.0,,,,,,,,,,,1.0,-9999.0
USC00043491,1946,3,2,,,-9999.0,0.0,,,,,,,,,,,-9999.0,-9999.0
USC00043491,1946,3,20,,,0.0,0.0,,,,,,,,,,,-9999.0,-9999.0
USC00043491,1946,3,21,,,-9999.0,0.0,,,,,,,,,,,-9999.0,-9999.0
USC00043491,1946,3,22,,,-9999.0,0.0,,,,,,,,,,,-9999.0,-9999.0
USC00043491,1946,3,23,,,-9999.0,0.0,,,,,,,,,,,-9999.0,-9999.0
USC00043491,1946,3,24,,,-9999.0,0.0,,,,,,,,,,,-9999.0,-9999.0
USC00043491,1946,3,25,,,-9999.0,0.0,,,,,,,,,,,-9999.0,-9999.0
USC00043491,1946,3,26,,,-9999.0,0.0,,,,,,,,,,,-9999.0,-9999.0
USC00043491,1946,3,27,,,-9999.0,0.0,,,,,,,,,,,-9999.0,-9999.0
USC00043491,1946,3,28,,,-9999.0,0.0,,,,,,,,,,,1.0,-9999.0
USC00043491,1946,3,29,,,254.0,254.0,,,,,,,,,,,-9999.0,-9999.0
USC00043491,1946,3,3,,,-9999.0,0.0,,,,,,,,,,,-9999.0,-9999.0
USC00043491,1946,3,30,,,-9999.0,305.0,,,,,,,,,,,-9999.0,-9999.0
USC00043491,1946,3,31,,,-9999.0,254.0,,,,,,,,,,,-9999.0,1.0
USC00043491,1946,3,4,,,-9999.0,0.0,,,,,,,,,,,-9999.0,-9999.0
USC00043491,1946,3,5,,,-9999.0,0.0,,,,,,,,,,,-9999.0,-9999.0
USC00043491,1946,3,6,,,-9999.0,0.0,,,,,,,,,,,-9999.0,-9999.0
USC00043491,1946,3,7,,,-9999.0,0.0,,,,,,,,,,,-9999.0,-9999.0
USC00043491,1946,3,8,,,-9999.0,0.0,,,,,,,,,,,-9999.0,-9999.0
USC00043491,1946,3,9,,,-9999.0,0.0,,,,,,,,,,,-9999.0,-9999.0
USC00043491,1946,4,1,,,0.0,0.0,,,,,,,,,,,-9999.0,
USC00043491,1946,4,10,,,0.0,0.0,,,,,,,,,,,-9999.0,
USC00043491,1946,4,11,,,0.0,0.0,,,,,,,,,,,-9999.0,
USC00043491,1946,4,12,,,0.0,0.0,,,,,,,,,,,-9999.0,
USC00043491,1946,4,13,,,0.0,0.0,,,,,,,,,,,-9999.0,
USC00043491,1946,4,14,,,0.0,0.0,,,,,,,,,,,-9999.0,
USC00043491,1946,4,15,,,0.0,0.0,,,,,,,,,,,-9999.0,
USC00043491,1946,4,16,,,0.0,0.0,,,,,,,,,,,-9999.0,
USC00043491,1946,4,17,,,0.0,0.0,,,,,,,,,,,-9999.0,
USC00043491,1946,4,18,,,0.0,0.0,,,,,,,,,,,-9999.0,
USC00043491,1946,4,19,,,0.0,0.0,,,,,,,,,,,1.0,
USC00043491,1946,4,2,,,0.0,0.0,,,,,,,,,,,-9999.0,
USC00043491,1946,4,20,,,0.0,0.0,,,,,,,,,,,-9999.0,
USC00043491,1946,4,21,,,0.0,0.0,,,,,,,,,,,-9999.0,
USC00043491,1946,4,22,,,0.0,0.0,,,,,,,,,,,-9999.0,
USC00043491,1946,4,23,,,0.0,0.0,,,,,,,,,,,-9999.0,
USC00043491,1946,4,24,,,0.0,0.0,,,,,,,,,,,-9999.0,
USC00043491,1946,4,25,,,0.0,0.0,,,,,,,,,,,-9999.0,
USC00043491,1946,4,26,,,0.0,0.0,,,,,,,,,,,-9999.0,
USC00043491,1946,4,27,,,0.0,0.0,,,,,,,,,,,-9999.0,
USC00043491,1946,4,28,,,0.0,0.0,,,,,,,,,,,-9999.0,
USC00043491,1946,4,29,,,0.0,0.0,,,,,,,,,,,-9999.0,
USC00043491,1946,4,3,,,0.0,0.0,,,,,,,,,,,-9999.0,
USC00043491,1946,4,30,,,0.0,0.0,,,,,,,,,,,-9999.0,
USC00043491,1946,4,31,,,-9999.0,-9999.0,,,,,,,,,,,-9999.0,
USC00043491,1946,4,4,,,0.0,0.0,,,,,,,,,,,-9999.0,
USC00043491,1946,4,5,,,0.0,0.0,,,,,,,,,,,-9999.0,
USC00043491,1946,4,6,,,0.0,0.0,,,,,,,,,,,-9999.0,
USC00043491,1946,4,7,,,0.0,0.0,,,,,,,,,,,-9999.0,
USC00043491,1946,4,8,,,0.0,0.0,,,,,,,,,,,-9999.0,
USC00043491,1946,4,9,,,0.0,0.0,,,,,,,,,,,-9999.0,
USC00043491,1946,5,1,,,0.0,0.0,,,,,,,,,,,-9999.0,
USC00043491,1946,5,10,,,0.0,0.0,,,,,,,,,,,-9999.0,
USC00043491,1946,5,11,,,0.0,0.0,,,,,,,,,,,-9999.0,
USC00043491,1946,5,12,,,0.0,0.0,,,,,,,,,,,-9999.0,
USC00043491,1946,5,13,,,0.0,0.0,,,,,,,,,,,-9999.0,
USC00043491,1946,5,14,,,0.0,0.0,,,,,,,,,,,-9999.0,
USC00043491,1946,5,15,,,0.0,0.0,,,,,,,,,,,-9999.0,
USC00043491,1946,5,16,,,0.0,0.0,,,,,,,,,,,-9999.0,
USC00043491,1946,5,17,,,0.0,0.0,,,,,,,,,,,-9999.0,
USC00043491,1946,5,18,,,0.0,0.0,,,,,,,,,,,-9999.0,
USC00043491,1946,5,19,,,0.0,0.0,,,,,,,,,,,-9999.0,
USC00043491,1946,5,2,,,0.0,0.0,,,,,,,,,,,-9999.0,
USC00043491,1946,5,20,,,0.0,0.0,,,,,,,,,,,-9999.0,
USC00043491,1946,5,21,,,0.0,0.0,,,,,,,,,,,-9999.0,
USC00043491,1946,5,22,,,0.0,0.0,,,,,,,,,,,1.0,
USC00043491,1946,5,23,,,0.0,0.0,,,,,,,,,,,-9999.0,
USC00043491,1946,5,24,,,0.0,0.0,,,,,,,,,,,-9999.0,
USC00043491,1946,5,25,,,0.0,0.0,,,,,,,,,,,1.0,
USC00043491,1946,5,26,,,0.0,0.0,,,,,,,,,,,-9999.0,
USC00043491,1946,5,27,,,0.0,0.0,,,,,,,,,,,-9999.0,
USC00043491,1946,5,28,,,0.0,0.0,,,,,,,,,,,-9999.0,
USC00043491,1946,5,29,,,0.0,0.0,,,,,,,,,,,-9999.0,
USC00043491,1946,5,3,,,0.0,0.0,,,,,,,,,,,-9999.0,
USC00043491,1946,5,30,,,0.0,0.0,,,,,,,,,,,-9999.0,
USC00043491,1946,5,31,,,0.0,0.0,,,,,,,,,,,-9999.0,
USC00043491,1946,5,4,,,0.0,0.0,,,,,,,,,,,-9999.0,
USC00043491,1946,5,5,,,0.0,0.0,,,,,,,,,,,-9999.0,
USC00043491,1946,5,6,,,0.0,0.0,,,,,,,,,,,-9999.0,
USC00043491,1946,5,7,,,0.0,0.0,,,,,,,,,,,-9999.0,
USC00043491,1946,5,8,,,0.0,0.0,,,,,,,,,,,-9999.0,
USC00043491,1946,5,9,,,0.0,0.0,,,,,,,,,,,-9999.0,
USC00043491,1946,6,1,,,0.0,0.0,,,,,,,,,,,,
USC00043491,1946,6,10,,,0.0,0.0,,,,,,,,,,,,
USC00043491,1946,6,11,,,0.0,0.0,,,,,,,,,,,,
USC00043491,1946,6,12,,,0.0,0.0,,,,,,,,,,,,
USC00043491,1946,6,13,,,0.0,0.0,,,,,,,,,,,,
USC00043491,1946,6,14,,,0.0,0.0,,,,,,,,,,,,
USC00043491,1946,6,15,,,0.0,0.0,,,,,,,,,,,,
USC00043491,1946,6,16,,,0.0,0.0,,,,,,,,,,,,
USC00043491,1946,6,17,,,0.0,0.0,,,,,,,,,,,,
USC00043491,1946,6,18,,,0.0,0.0,,,,,,,,,,,,
USC00043491,1946,6,19,,,0.0,0.0,,,,,,,,,,,,
USC00043491,1946,6,2,,,0.0,0.0,,,,,,,,,,,,
USC00043491,1946,6,20,,,0.0,0.0,,,,,,,,,,,,
USC00043491,1946,6,21,,,0.0,0.0,,,,,,,,,,,,
USC00043491,1946,6,22,,,0.0,0.0,,,,,,,,,,,,
USC00043491,1946,6,23,,,0.0,0.0,,,,,,,,,,,,
USC00043491,1946,6,24,,,0.0,0.0,,,,,,,,,,,,
USC00043491,1946,6,25,,,0.0,0.0,,,,,,,,,,,,
USC00043491,1946,6,26,,,0.0,0.0,,,,,,,,,,,,
USC00043491,1946,6,27,,,0.0,0.0,,,,,,,,,,,,
USC00043491,1946,6,28,,,0.0,0.0,,,,,,,,,,,,
USC00043491,1946,6,29,,,0.0,0.0,,,,,,,,,,,,
USC00043491,1946,6,3,,,0.0,0.0,,,,,,,,,,,,
USC00043491,1946,6,30,,,0.0,0.0,,,,,,,,,,,,
USC00043491,1946,6,31,,,-9999.0,-9999.0,,,,,,,,,,,,
USC00043491,1946,6,4,,,0.0,0.0,,,,,,,,,,,,
USC00043491,1946,6,5,,,0.0,0.0,,,,,,,,,,,,
USC00043491,1946,6,6,,,0.0,0.0,,,,,,,,,,,,
USC00043491,1946,6,7,,,0.0,0.0,,,,,,,,,,,,
USC00043491,1946,6,8,,,0.0,0.0,,,,,,,,,,,,
USC00043491,1946,6,9,,,0.0,0.0,,,,,,,,,,,,
USC00043491,1946,7,1,,,0.0,0.0,,,,,,,,,,,,
USC00043491,1946,7,10,,,0.0,0.0,,,,,,,,,,,,
USC00043491,1946,7,11,,,0.0,0.0,,,,,,,,,,,,
USC00043491,1946,7,12,,,0.0,0.0,,,,,,,,,,,,
USC00043491,1946,7,13,,,0.0,0.0,,,,,,,,,,,,
USC00043491,1946,7,14,,,0.0,0.0,,,,,,,,,,,,
USC00043491,1946,7,15,,,0.0,0.0,,,,,,,,,,,,
USC00043491,1946,7,16,,,0.0,0.0,,,,,,,,,,,,
USC00043491,1946,7,17,,,0.0,0.0,,,,,,,,,,,,
USC00043491,1946,7,18,,,0.0,0.0,,,,,,,,,,,,
USC00043491,1946,7,19,,,0.0,0.0,,,,,,,,,,,,
USC00043491,1946,7,2,,,0.0,0.0,,,,,,,,,,,,
USC00043491,1946,7,20,,,0.0,0.0,,,,,,,,,,,,
USC00043491,1946,7,21,,,0.0,0.0,,,,,,,,,,,,
USC00043491,1946,7,22,,,0.0,0.0,,,,,,,,,,,,
USC00043491,1946,7,23,,,0.0,0.0,,,,,,,,,,,,
USC00043491,1946,7,24,,,0.0,0.0,,,,,,,,,,,,
USC00043491,1946,7,25,,,0.0,0.0,,,,,,,,,,,,
USC00043491,1946,7,26,,,0.0,0.0,,,,,,,,,,,,
USC00043491,1946,7,27,,,0.0,0.0,,,,,,,,,,,,
USC00043491,1946,7,28,,,0.0,0.0,,,,,,,,,,,,
USC00043491,1946,7,29,,,0.0,0.0,,,,,,,,,,,,
USC00043491,1946,7,3,,,0.0,0.0,,,,,,,,,,,,
USC00043491,1946,7,30,,,0.0,0.0,,,,,,,,,,,,
USC00043491,1946,7,31,,,0.0,0.0,,,,,,,,,,,,
USC00043491,1946,7,4,,,0.0,0.0,,,,,,,,,,,,
USC00043491,1946,7,5,,,0.0,0.0,,,,,,,,,,,,
USC00043491,1946,7,6,,,0.0,0.0,,,,,,,,,,,,
USC00043491,1946,7,7,,,0.0,0.0,,,,,,,,,,,,
USC00043491,1946,7,8,,,0.0,0.0,,,,,,,,,,,,
USC00043491,1946,7,9,,,0.0,0.0,,,,,,,,,,,,
USC00043491,1946,8,1,,,0.0,0.0,,,,,,,,,,,,
USC00043491,1946,8,10,,,0.0,0.0,,,,,,,,,,,,
USC00043491,1946,8,11,,,0.0,0.0,,,,,,,,,,,,
USC00043491,1946,8,12,,,0.0,0.0,,,,,,,,,,,,
USC00043491,1946,8,13,,,0.0,0.0,,,,,,,,,,,,
USC00043491,1946,8,14,,,0.0,0.0,,,,,,,,,,,,
USC00043491,1946,8,15,,,0.0,0.0,,,,,,,,,,,,
USC00043491,1946,8,16,,,0.0,0.0,,,,,,,,,,,,
USC00043491,1946,8,17,,,0.0,0.0,,,,,,,,,,,,
USC00043491,1946,8,18,,,0.0,0.0,,,,,,,,,,,,
USC00043491,1946,8,19,,,0.0,0.0,,,,,,,,,,,,
USC00043491,1946,8,2,,,0.0,0.0,,,,,,,,,,,,
USC00043491,1946,8,20,,,0.0,0.0,,,,,,,,,,,,
USC00043491,1946,8,21,,,0.0,0.0,,,,,,,,,,,,
USC00043491,1946,8,22,,,0.0,0.0,,,,,,,,,,,,
USC00043491,1946,8,23,,,0.0,0.0,,,,,,,,,,,,
USC00043491,1946,8,24,,,0.0,0.0,,,,,,,,,,,,
USC00043491,1946,8,25,,,0.0,0.0,,,,,,,,,,,,
USC00043491,1946,8,26,,,0.0,0.0,,,,,,,,,,,,
USC00043491,1946,8,27,,,0.0,0.0,,,,,,,,,,,,
USC00043491,1946,8,28,,,0.0,0.0,,,,,,,,,,,,
USC00043491,1946,8,29,,,0.0,0.0,,,,,,,,,,,,
USC00043491,1946,8,3,,,0.0,0.0,,,,,,,,,,,,
USC00043491,1946,8,30,,,0.0,0.0,,,,,,,,,,,,
USC00043491,1946,8,31,,,0.0,0.0,,,,,,,,,,,,
USC00043491,1946,8,4,,,0.0,0.0,,,,,,,,,,,,
USC00043491,1946,8,5,,,0.0,0.0,,,,,,,,,,,,
USC00043491,1946,8,6,,,0.0,0.0,,,,,,,,,,,,
USC00043491,1946,8,7,,,0.0,0.0,,,,,,,,,,,,
USC00043491,1946,8,8,,,0.0,0.0,,,,,,,,,,,,
USC00043491,1946,8,9,,,0.0,0.0,,,,,,,,,,,,
USC00043491,1946,9,1,,,-9999.0,0.0,,,,,,,,,,,-9999.0,
USC00043491,1946,9,10,,,-9999.0,0.0,,,,,,,,,,,-9999.0,
USC00043491,1946,9,11,,,-9999.0,0.0,,,,,,,,,,,-9999.0,
USC00043491,1946,9,12,,,-9999.0,0.0,,,,,,,,,,,-9999.0,
USC00043491,1946,9,13,,,-9999.0,0.0,,,,,,,,,,,-9999.0,
USC00043491,1946,9,14,,,-9999.0,0.0,,,,,,,,,,,-9999.0,
USC00043491,1946,9,15,,,-9999.0,0.0,,,,,,,,,,,1.0,
USC00043491,1946,9,16,,,0.0,0.0,,,,,,,,,,,-9999.0,
USC00043491,1946,9,17,,,-9999.0,0.0,,,,,,,,,,,-9999.0,
USC00043491,1946,9,18,,,-9999.0,0.0,,,,,,,,,,,-9999.0,
USC00043491,1946,9,19,,,-9999.0,0.0,,,,,,,,,,,-9999.0,
USC00043491,1946,9,2,,,-9999.0,0.0,,,,,,,,,,,-9999.0,
USC00043491,1946,9,20,,,-9999.0,0.0,,,,,,,,,,,-9999.0,
USC00043491,1946,9,21,,,-9999.0,0.0,,,,,,,,,,,-9999.0,
USC00043491,1946,9,22,,,-9999.0,0.0,,,,,,,,,,,-9999.0,
USC00043491,1946,9,23,,,-9999.0,0.0,,,,,,,,,,,-9999.0,
USC00043491,1946,9,24,,,-9999.0,0.0,,,,,,,,,,,-9999.0,
USC00043491,1946,9,25,,,-9999.0,0.0,,,,,,,,,,,-9999.0,
USC00043491,1946,9,26,,,-9999.0,0.0,,,,,,,,,,,-9999.0,
USC00043491,1946,9,27,,,-9999.0,0.0,,,,,,,,,,,-9999.0,
USC00043491,1946,9,28,,,-9999.0,0.0,,,,,,,,,,,-9999.0,
USC00043491,1946,9,29,,,-9999.0,0.0,,,,,,,,,,,-9999.0,
USC00043491,1946,9,3,,,-9999.0,0.0,,,,,,,,,,,-9999.0,
USC00043491,1946,9,30,,,-9999.0,0.0,,,,,,,,,,,-9999.0,
USC00043491,1946,9,31,,,-9999.0,-9999.0,,,,,,,,,,,-9999.0,
USC00043491,1946,9,4,,,-9999.0,0.0,,,,,,,,,,,-9999.0,
USC00043491,1946,9,5,,,-9999.0,0.0,,,,,,,,,,,-9999.0,
USC00043491,1946,9,6,,,-9999.0,0.0,,,,,,,,,,,-9999.0,
USC00043491,1946,9,7,,,-9999.0,0.0,,,,,,,,,,,-9999.0,
USC00043491,1946,9,8,,,-9999.0,0.0,,,,,,,,,,,-9999.0,
USC00043491,1946,9,9,,,-9999.0,0.0,,,,,,,,,,,-9999.0,
USC00043491,1946,10,1,,,-9999.0,0.0,,,,,-9999.0,,,,,,,
USC00043491,1946,10,10,,,-9999.0,0.0,,,,,-9999.0,,,,,,,
USC00043491,1946,10,11,,,-9999.0,0.0,,,,,-9999.0,,,,,,,
USC00043491,1946,10,12,,,-9999.0,0.0,,,,,-9999.0,,,,,,,
USC00043491,1946,10,13,,,-9999.0,0.0,,,,,-9999.0,,,,,,,
USC00043491,1946,10,14,,,-9999.0,0.0,,,,,1.0,,,,,,,
USC00043491,1946,10,15,,,-9999.0,0.0,,,,,-9999.0,,,,,,,
USC00043491,1946,10,16,,,127.0,0.0,,,,,-9999.0,,,,,,,
USC00043491,1946,10,17,,,-9999.0,0.0,,,,,-9999.0,,,,,,,
USC00043491,1946,10,18,,,-9999.0,0.0,,,,,-9999.0,,,,,,,
USC00043491,1946,10,19,,,-9999.0,0.0,,,,,-9999.0,,,,,,,
USC00043491,1946,10,2,,,-9999.0,0.0,,,,,-9999.0,,,,,,,
USC00043491,1946,10,20,,,-9999.0,0.0,,,,,-9999.0,,,,,,,
USC00043491,1946,10,21,,,-9999.0,0.0,,,,,-9999.0,,,,,,,
USC00043491,1946,10,22,,,-9999.0,0.0,,,,,-9999.0,,,,,,,
USC00043491,1946,10,23,,,152.0,0.0,,,,,-9999.0,,,,,,,
USC00043491,1946,10,24,,,-9999.0,0.0,,,,,-9999.0,,,,,,,
USC00043491,1946,10,25,,,-9999.0,0.0,,,,,-9999.0,,,,,,,
USC00043491,1946,10,26,,,-9999.0,0.0,,,,,-9999.0,,,,,,,
USC00043491,1946,10,27,,,-9999.0,0.0,,,,,-9999.0,,,,,,,
USC00043491,1946,10,28,,,-9999.0,0.0,,,,,-9999.0,,,,,,,
USC00043491,1946,10,29,,,-9999.0,0.0,,,,,-9999.0,,,,,,,
USC00043491,1946,10,3,,,-9999.0,0.0,,,,,-9999.0,,,,,,,
USC00043491,1946,10,30,,,-9999.0,0.0,,,,,-9999.0,,,,,,,
USC00043491,1946,10,31,,,-9999.0,0.0,,,,,-9999.0,,,,,,,
USC00043491,1946,10,4,,,-9999.0,0.0,,,,,-9999.0,,,,,,,
USC00043491,1946,10,5,,,-9999.0,0.0,,,,,-9999.0,,,,,,,
USC00043491,1946,10,6,,,-9999.0,0.0,,,,,-9999.0,,,,,,,
USC00043491,1946,10,7,,,-9999.0,0.0,,,,,-9999.0,,,,,,,
USC00043491,1946,10,8,,,-9999.0,0.0,,,,,-9999.0,,,,,,,
USC00043491,1946,10,9,,,-9999.0,0.0,,,,,-9999.0,,,,,,,
USC00043491,1946,11,1,,,0.0,0.0,-9999.0,,,,,,,,,,,
USC00043491,1946,11,10,,,0.0,0.0,-9999.0,,,,,,,,,,,
USC00043491,1946,11,11,,,0.0,0.0,-9999.0,,,,,,,,,,,
USC00043491,1946,11,12,,,0.0,0.0,-9999.0,,,,,,,,,,,
USC00043491,1946,11,13,,,0.0,0.0,-9999.0,,,,,,,,,,,
USC00043491,1946,11,14,,,66.0,0.0,-9999.0,,,,,,,,,,,
USC00043491,1946,11,15,,,33.0,0.0,-9999.0,,,,,,,,,,,
USC00043491,1946,11,16,,,0.0,0.0,-9999.0,,,,,,,,,,,
USC00043491,1946,11,17,,,0.0,0.0,-9999.0,,,,,,,,,,,
USC00043491,1946,11,18,,,18.0,0.0,-9999.0,,,,,,,,,,,
USC00043491,1946,11,19,,,869.0,0.0,-9999.0,,,,,,,,,,,
USC00043491,1946,11,2,,,0.0,0.0,-9999.0,,,,,,,,,,,
USC00043491,1946,11,20,,,925.0,20.0,25.0,,,,,,,,,,,
USC00043491,1946,11,21,,,25.0,0.0,0.0,,,,,,,,,,,
USC00043491,1946,11,22,,,56.0,0.0,-9999.0,,,,,,,,,,,
USC00043491,1946,11,23,,,602.0,0.0,-9999.0,,,,,,,,,,,
USC00043491,1946,11,24,,,5.0,0.0,-9999.0,,,,,,,,,,,
USC00043491,1946,11,25,,,0.0,0.0,-9999.0,,,,,,,,,,,
USC00043491,1946,11,26,,,0.0,0.0,-9999.0,,,,,,,,,,,
USC00043491,1946,11,27,,,0.0,0.0,-9999.0,,,,,,,,,,,
USC00043491,1946,11,28,,,0.0,0.0,-9999.0,,,,,,,,,,,
USC00043491,1946,11,29,,,0.0,0.0,-9999.0,,,,,,,,,,,
USC00043491,1946,11,3,,,0.0,0.0,-9999.0,,,,,,,,,,,
USC00043491,1946,11,30,,,0.0,0.0,-9999.0,,,,,,,,,,,
USC00043491,1946,11,31,,,-9999.0,-9999.0,-9999.0,,,,,,,,,,,
USC00043491,1946,11,4,,,0.0,0.0,-9999.0,,,,,,,,,,,
USC00043491,1946,11,5,,,0.0,0.0,-9999.0,,,,,,,,,,,
USC00043491,1946,11,6,,,0.0,0.0,-9999.0,,,,,,,,,,,
USC00043491,1946,11,7,,,0.0,0.0,-9999.0,,,,,,,,,,,
USC00043491,1946,11,8,,,0.0,0.0,-9999.0,,,,,,,,,,,
USC00043491,1946,11,9,,,0.0,0.0,-9999.0,,,,,,,,,,,
USC00043491,1946,12,1,,,0.0,0.0,,,,,,,,,,,,
USC00043491,1946,12,10,,,0.0,0.0,,,,,,,,,,,,
USC00043491,1946,12,11,,,0.0,0.0,,,,,,,,,,,,
USC00043491,1946,12,12,,,0.0,0.0,,,,,,,,,,,,
USC00043491,1946,12,13,,,0.0,0.0,,,,,,,,,,,,
USC00043491,1946,12,14,,,0.0,0.0,,,,,,,,,,,,
USC00043491,1946,12,15,,,0.0,0.0,,,,,,,,,,,,
USC00043491,1946,12,16,,,0.0,0.0,,,,,,,,,,,,
USC00043491,1946,12,17,,,0.0,0.0,,,,,,,,,,,,
USC00043491,1946,12,18,,,0.0,0.0,,,,,,,,,,,,
USC00043491,1946,12,19,,,0.0,0.0,,,,,,,,,,,,
USC00043491,1946,12,2,,,0.0,0.0,,,,,,,,,,,,
USC00043491,1946,12,20,,,0.0,0.0,,,,,,,,,,,,
USC00043491,1946,12,21,,,0.0,0.0,,,,,,,,,,,,
USC00043491,1946,12,22,,,0.0,0.0,,,,,,,,,,,,
USC00043491,1946,12,23,,,0.0,0.0,,,,,,,,,,,,
USC00043491,1946,12,24,,,0.0,0.0,,,,,,,,,,,,
USC00043491,1946,12,25,,,109.0,0.0,,,,,,,,,,,,
USC00043491,1946,12,26,,,25.0,0.0,,,,,,,,,,,,
USC00043491,1946,12,27,,,122.0,0.0,,,,,,,,,,,,
USC00043491,1946,12,28,,,30.0,0.0,,,,,,,,,,,,
USC00043491,1946,12,29,,,0.0,0.0,,,,,,,,,,,,
USC00043491,1946,12,3,,,0.0,0.0,,,,,,,,,,,,
USC00043491,1946,12,30,,,0.0,0.0,,,,,,,,,,,,
USC00043491,1946,12,31,,,0.0,0.0,,,,,,,,,,,,
USC00043491,1946,12,4,,,279.0,0.0,,,,,,,,,,,,
USC00043491,1946,12,5,,,124.0,0.0,,,,,,,,,,,,
USC00043491,1946,12,6,,,267.0,0.0,,,,,,,,,,,,
USC00043491,1946,12,7,,,117.0,0.0,,,,,,,,,,,,
USC00043491,1946,12,8,,,53.0,0.0,,,,,,,,,,,,
USC00043491,1946,12,9,,,15.0,0.0,,,,,,,,,,,,
USC00043491,1947,1,1,,,0.0,0.0,-9999.0,,,,,,,,,,,
USC00043491,1947,1,10,,,0.0,0.0,-9999.0,,,,,,,,,,,
USC00043491,1947,1,11,,,0.0,0.0,-9999.0,,,,,,,,,,,
USC00043491,1947,1,12,,,0.0,0.0,-9999.0,,,,,,,,,,,
USC00043491,1947,1,13,,,142.0,89.0,102.0,,,,,,,,,,,
USC00043491,1947,1,14,,,15.0,0.0,76.0,,,,,,,,,,,
USC00043491,1947,1,15,,,3.0,0.0,51.0,,,,,,,,,,,
USC00043491,1947,1,16,,,0.0,0.0,51.0,,,,,,,,,,,
USC00043491,1947,1,17,,,0.0,0.0,-9999.0,,,,,,,,,,,
USC00043491,1947,1,18,,,0.0,0.0,-9999.0,,,,,,,,,,,
USC00043491,1947,1,19,,,0.0,0.0,-9999.0,,,,,,,,,,,
USC00043491,1947,1,2,,,0.0,0.0,-9999.0,,,,,,,,,,,
USC00043491,1947,1,20,,,0.0,0.0,-9999.0,,,,,,,,,,,
USC00043491,1947,1,21,,,0.0,0.0,-9999.0,,,,,,,,,,,
USC00043491,1947,1,22,,,0.0,0.0,-9999.0,,,,,,,,,,,
USC00043491,1947,1,23,,,0.0,0.0,-9999.0,,,,,,,,,,,
USC00043491,1947,1,24,,,0.0,0.0,-9999.0,,,,,,,,,,,
USC00043491,1947,1,25,,,0.0,0.0,-9999.0,,,,,,,,,,,
USC00043491,1947,1,26,,,56.0,0.0,-9999.0,,,,,,,,,,,
USC00043491,1947,1,27,,,18.0,0.0,-9999.0,,,,,,,,,,,
USC00043491,1947,1,28,,,328.0,191.0,203.0,,,,,,,,,,,
USC00043491,1947,1,29,,,124.0,89.0,279.0,,,,,,,,,,,
USC00043491,1947,1,3,,,0.0,0.0,-9999.0,,,,,,,,,,,
USC00043491,1947,1,30,,,13.0,0.0,229.0,,,,,,,,,,,
USC00043491,1947,1,31,,,64.0,0.0,152.0,,,,,,,,,,,
USC00043491,1947,1,4,,,0.0,0.0,-9999.0,,,,,,,,,,,
USC00043491,1947,1,5,,,0.0,0.0,-9999.0,,,,,,,,,,,
USC00043491,1947,1,6,,,0.0,0.0,-9999.0,,,,,,,,,,,
USC00043491,1947,1,7,,,0.0,0.0,-9999.0,,,,,,,,,,,
USC00043491,1947,1,8,,,0.0,0.0,-9999.0,,,,,,,,,,,
USC00043491,1947,1,9,,,0.0,0.0,-9999.0,,,,,,,,,,,
USC00043491,1947,2,1,,,0.0,0.0,76.0,,,,,,,,,,,
USC00043491,1947,2,10,,,231.0,0.0,-9999.0,,,,,,,,,,,
USC00043491,1947,2,11,,,0.0,0.0,-9999.0,,,,,,,,,,,
USC00043491,1947,2,12,,,610.0,0.0,-9999.0,,,,,,,,,,,
USC00043491,1947,2,13,,,536.0,0.0,-9999.0,,,,,,,,,,,
USC00043491,1947,2,14,,,0.0,0.0,-9999.0,,,,,,,,,,,
USC00043491,1947,2,15,,,0.0,0.0,-9999.0,,,,,,,,,,,
USC00043491,1947,2,16,,,0.0,0.0,-9999.0,,,,,,,,,,,
USC00043491,1947,2,17,,,69.0,0.0,-9999.0,,,,,,,,,,,
USC00043491,1947,2,18,,,0.0,0.0,-9999.0,,,,,,,,,,,
USC00043491,1947,2,19,,,0.0,0.0,-9999.0,,,,,,,,,,,
USC00043491,1947,2,2,,,0.0,0.0,51.0,,,,,,,,,,,
USC00043491,1947,2,20,,,0.0,0.0,-9999.0,,,,,,,,,,,
USC00043491,1947,2,21,,,0.0,0.0,-9999.0,,,,,,,,,,,
USC00043491,1947,2,22,,,0.0,0.0,-9999.0,,,,,,,,,,,
USC00043491,1947,2,23,,,0.0,0.0,-9999.0,,,,,,,,,,,
USC00043491,1947,2,24,,,0.0,0.0,-9999.0,,,,,,,,,,,
USC00043491,1947,2,25,,,0.0,0.0,-9999.0,,,,,,,,,,,
USC00043491,1947,2,26,,,0.0,0.0,-9999.0,,,,,,,,,,,
USC00043491,1947,2,27,,,8.0,0.0,-9999.0,,,,,,,,,,,
USC00043491,1947,2,28,,,53.0,0.0,-9999.0,,,,,,,,,,,
USC00043491,1947,2,29,,,-9999.0,-9999.0,-9999.0,,,,,,,,,,,
USC00043491,1947,2,3,,,0.0,0.0,-9999.0,,,,,,,,,,,
USC00043491,1947,2,30,,,-9999.0,-9999.0,-9999.0,,,,,,,,,,,
USC00043491,1947,2,31,,,-9999.0,-9999.0,-9999.0,,,,,,,,,,,
USC00043491,1947,2,4,,,0.0,0.0,-9999.0,,,,,,,,,,,
USC00043491,1947,2,5,,,0.0,0.0,-9999.0,,,,,,,,,,,
USC00043491,1947,2,6,,,0.0,0.0,-9999.0,,,,,,,,,,,
USC00043491,1947,2,7,,,0.0,0.0,-9999.0,,,,,,,,,,,
USC00043491,1947,2,8,,,0.0,0.0,-9999.0,,,,,,,,,,,
USC00043491,1947,2,9,,,0.0,0.0,-9999.0,,,,,,,,,,,
USC00043491,1947,3,1,,,8.0,0.0,,,,,,,,,,,,
USC00043491,1947,3,10,,,719.0,0.0,,,,,,,,,,,,
USC00043491,1947,3,11,,,56.0,0.0,,,,,,,,,,,,
USC00043491,1947,3,12,,,0.0,0.0,,,,,,,,,,,,
USC00043491,1947,3,13,,,0.0,0.0,,,,,,,,,,,,
USC00043491,1947,3,14,,,0.0,0.0,,,,,,,,,,,,
USC00043491,1947,3,15,,,0.0,0.0,,,,,,,,,,,,
USC00043491,1947,3,16,,,0.0,0.0,,,,,,,,,,,,
USC00043491,1947,3,17,,,0.0,0.0,,,,,,,,,,,,
USC00043491,1947,3,18,,,0.0,0.0,,,,,,,,,,,,
USC00043491,1947,3,19,,,0.0,0.0,,,,,,,,,,,,
USC00043491,1947,3,2,,,356.0,0.0,,,,,,,,,,,,
USC00043491,1947,3,20,,,0.0,0.0,,,,,,,,,,,,
USC00043491,1947,3,21,,,0.0,0.0,,,,,,,,,,,,
USC00043491,1947,3,22,,,0.0,0.0,,,,,,,,,,,,
USC00043491,1947,3,23,,,180.0,0.0,,,,,,,,,,,,
USC00043491,1947,3,24,,,0.0,0.0,,,,,,,,,,,,
USC00043491,1947,3,25,,,0.0,0.0,,,,,,,,,,,,
USC00043491,1947,3,26,,,0.0,0.0,,,,,,,,,,,,
USC00043491,1947,3,27,,,20.0,0.0,,,,,,,,,,,,
USC00043491,1947,3,28,,,231.0,0.0,,,,,,,,,,,,
USC00043491,1947,3,29,,,165.0,0.0,,,,,,,,,,,,
USC00043491,1947,3,3,,,208.0,0.0,,,,,,,,,,,,
USC00043491,1947,3,30,,,239.0,0.0,,,,,,,,,,,,
USC00043491,1947,3,31,,,25.0,0.0,,,,,,,,,,,,
USC00043491,1947,3,4,,,279.0,0.0,,,,,,,,,,,,
USC00043491,1947,3,5,,,48.0,0.0,,,,,,,,,,,,
USC00043491,1947,3,6,,,0.0,0.0,,,,,,,,,,,,
USC00043491,1947,3,7,,,0.0,0.0,,,,,,,,,,,,
USC00043491,1947,3,8,,,196.0,0.0,,,,,,,,,,,,
USC00043491,1947,3,9,,,28.0,0.0,,,,,,,,,,,,
USC00043491,1947,4,1,,,0.0,0.0,,,,,,,,,,,,
USC00043491,1947,4,10,,,0.0,0.0,,,,,,,,,,,,
USC00043491,1947,4,11,,,0.0,0.0,,,,,,,,,,,,
USC00043491,1947,4,12,,,0.0,0.0,,,,,,,,,,,,
USC00043491,1947,4,13,,,0.0,0.0,,,,,,,,,,,,
USC00043491,1947,4,14,,,0.0,0.0,,,,,,,,,,,,
USC00043491,1947,4,15,,,0.0,0.0,,,,,,,,,,,,
USC00043491,1947,4,16,,,0.0,0.0,,,,,,,,,,,,
USC00043491,1947,4,17,,,0.0,0.0,,,,,,,,,,,,
USC00043491,1947,4,18,,,0.0,0.0,,,,,,,,,,,,
USC00043491,1947,4,19,,,0.0,0.0,,,,,,,,,,,,
USC00043491,1947,4,2,,,0.0,0.0,,,,,,,,,,,,
USC00043491,1947,4,20,,,0.0,0.0,,,,,,,,,,,,
USC00043491,1947,4,21,,,0.0,0.0,,,,,,,,,,,,
USC00043491,1947,4,22,,,0.0,0.0,,,,,,,,,,,,
USC00043491,1947,4,23,,,0.0,0.0,,,,,,,,,,,,
USC00043491,1947,4,24,,,0.0,0.0,,,,,,,,,,,,
USC00043491,1947,4,25,,,0.0,0.0,,,,,,,,,,,,
USC00043491,1947,4,26,,,0.0,0.0,,,,,,,,,,,,
USC00043491,1947,4,27,,,0.0,0.0,,,,,,,,,,,,
USC00043491,1947,4,28,,,0.0,0.0,,,,,,,,,,,,
USC00043491,1947,4,29,,,0.0,0.0,,,,,,,,,,,,
USC00043491,1947,4,3,,,274.0,0.0,,,,,,,,,,,,
USC00043491,1947,4,30,,,0.0,0.0,,,,,,,,,,,,
USC00043491,1947,4,31,,,-9999.0,-9999.0,,,,,,,,,,,,
USC00043491,1947,4,4,,,30.0,0.0,,,,,,,,,,,,
USC00043491,1947,4,5,,,15.0,0.0,,,,,,,,,,,,
USC00043491,1947,4,6,,,20.0,0.0,,,,,,,,,,,,
USC00043491,1947,4,7,,,0.0,0.0,,,,,,,,,,,,
USC00043491,1947,4,8,,,0.0,0.0,,,,,,,,,,,,
USC00043491,1947,4,9,,,117.0,0.0,,,,,,,,,,,,
USC00043491,1947,5,1,,,0.0,0.0,,,,,,,,,,,,
USC00043491,1947,5,10,,,0.0,0.0,,,,,,,,,,,,
USC00043491,1947,5,11,,,0.0,0.0,,,,,,,,,,,,
USC00043491,1947,5,12,,,0.0,0.0,,,,,,,,,,,,
USC00043491,1947,5,13,,,0.0,0.0,,,,,,,,,,,,
USC00043491,1947,5,14,,,0.0,0.0,,,,,,,,,,,,
USC00043491,1947,5,15,,,0.0,0.0,,,,,,,,,,,,
USC00043491,1947,5,16,,,0.0,0.0,,,,,,,,,,,,
USC00043491,1947,5,17,,,0.0,0.0,,,,,,,,,,,,
USC00043491,1947,5,18,,,0.0,0.0,,,,,,,,,,,,
USC00043491,1947,5,19,,,0.0,0.0,,,,,,,,,,,,
USC00043491,1947,5,2,,,0.0,0.0,,,,,,,,,,,,
USC00043491,1947,5,20,,,0.0,0.0,,,,,,,,,,,,
USC00043491,1947,5,21,,,0.0,0.0,,,,,,,,,,,,
USC00043491,1947,5,22,,,0.0,0.0,,,,,,,,,,,,
USC00043491,1947,5,23,,,0.0,0.0,,,,,,,,,,,,
USC00043491,1947,5,24,,,0.0,0.0,,,,,,,,,,,,
USC00043491,1947,5,25,,,0.0,0.0,,,,,,,,,,,,
USC00043491,1947,5,26,,,0.0,0.0,,,,,,,,,,,,
USC00043491,1947,5,27,,,0.0,0.0,,,,,,,,,,,,
USC00043491,1947,5,28,,,0.0,0.0,,,,,,,,,,,,
USC00043491,1947,5,29,,,94.0,0.0,,,,,,,,,,,,
USC00043491,1947,5,3,,,0.0,0.0,,,,,,,,,,,,
USC00043491,1947,5,30,,,0.0,0.0,,,,,,,,,,,,
USC00043491,1947,5,31,,,53.0,0.0,,,,,,,,,,,,
USC00043491,1947,5,4,,,0.0,0.0,,,,,,,,,,,,
USC00043491,1947,5,5,,,0.0,0.0,,,,,,,,,,,,
USC00043491,1947,5,6,,,0.0,0.0,,,,,,,,,,,,
USC00043491,1947,5,7,,,0.0,0.0,,,,,,,,,,,,
USC00043491,1947,5,8,,,0.0,0.0,,,,,,,,,,,,
USC00043491,1947,5,9,,,0.0,0.0,,,,,,,,,,,,
USC00043491,1947,6,1,,,221.0,-9999.0,,,,,,,,,,,,
USC00043491,1947,6,10,,,0.0,-9999.0,,,,,,,,,,,,
USC00043491,1947,6,11,,,0.0,-9999.0,,,,,,,,,,,,
USC00043491,1947,6,12,,,0.0,-9999.0,,,,,,,,,,,,
USC00043491,1947,6,13,,,0.0,-9999.0,,,,,,,,,,,,
USC00043491,1947,6,14,,,0.0,-9999.0,,,,,,,,,,,,
USC00043491,1947,6,15,,,0.0,-9999.0,,,,,,,,,,,,
USC00043491,1947,6,16,,,0.0,-9999.0,,,,,,,,,,,,
USC00043491,1947,6,17,,,0.0,-9999.0,,,,,,,,,,,,
USC00043491,1947,6,18,,,0.0,-9999.0,,,,,,,,,,,,
USC00043491,1947,6,19,,,0.0,-9999.0,,,,,,,,,,,,
USC00043491,1947,6,2,,,48.0,-9999.0,,,,,,,,,,,,
USC00043491,1947,6,20,,,0.0,0.0,,,,,,,,,,,,
USC00043491,1947,6,21,,,0.0,-9999.0,,,,,,,,,,,,
USC00043491,1947,6,22,,,0.0,-9999.0,,,,,,,,,,,,
USC00043491,1947,6,23,,,0.0,-9999.0,,,,,,,,,,,,
USC00043491,1947,6,24,,,0.0,-9999.0,,,,,,,,,,,,
USC00043491,1947,6,25,,,0.0,-9999.0,,,,,,,,,,,,
USC00043491,1947,6,26,,,0.0,-9999.0,,,,,,,,,,,,
USC00043491,1947,6,27,,,0.0,-9999.0,,,,,,,,,,,,
USC00043491,1947,6,28,,,0.0,-9999.0,,,,,,,,,,,,
USC00043491,1947,6,29,,,0.0,-9999.0,,,,,,,,,,,,
USC00043491,1947,6,3,,,15.0,-9999.0,,,,,,,,,,,,
USC00043491,1947,6,30,,,0.0,-9999.0,,,,,,,,,,,,
USC00043491,1947,6,31,,,-9999.0,-9999.0,,,,,,,,,,,,
USC00043491,1947,6,4,,,79.0,-9999.0,,,,,,,,,,,,
USC00043491,1947,6,5,,,170.0,-9999.0,,,,,,,,,,,,
USC00043491,1947,6,6,,,277.0,-9999.0,,,,,,,,,,,,
USC00043491,1947,6,7,,,0.0,-9999.0,,,,,,,,,,,,
USC00043491,1947,6,8,,,0.0,-9999.0,,,,,,,,,,,,
USC00043491,1947,6,9,,,0.0,-9999.0,,,,,,,,,,,,
USC00043491,1947,8,1,,,0.0,0.0,-9999.0,,,,,,,,,,,
USC00043491,1947,8,10,,,0.0,0.0,-9999.0,,,,,,,,,,,
USC00043491,1947,8,11,,,0.0,0.0,-9999.0,,,,,,,,,,,
USC00043491,1947,8,12,,,0.0,0.0,-9999.0,,,,,,,,,,,
USC00043491,1947,8,13,,,0.0,0.0,-9999.0,,,,,,,,,,,
USC00043491,1947,8,14,,,0.0,0.0,-9999.0,,,,,,,,,,,
USC00043491,1947,8,15,,,0.0,0.0,-9999.0,,,,,,,,,,,
USC00043491,1947,8,16,,,0.0,0.0,-9999.0,,,,,,,,,,,
USC00043491,1947,8,17,,,0.0,0.0,-9999.0,,,,,,,,,,,
USC00043491,1947,8,18,,,0.0,0.0,-9999.0,,,,,,,,,,,
USC00043491,1947,8,19,,,0.0,0.0,-9999.0,,,,,,,,,,,
USC00043491,1947,8,2,,,0.0,0.0,-9999.0,,,,,,,,,,,
USC00043491,1947,8,20,,,0.0,0.0,-9999.0,,,,,,,,,,,
USC00043491,1947,8,21,,,0.0,0.0,-9999.0,,,,,,,,,,,
USC00043491,1947,8,22,,,0.0,0.0,-9999.0,,,,,,,,,,,
USC00043491,1947,8,23,,,0.0,0.0,-9999.0,,,,,,,,,,,
USC00043491,1947,8,24,,,0.0,0.0,-9999.0,,,,,,,,,,,
USC00043491,1947,8,25,,,0.0,0.0,-9999.0,,,,,,,,,,,
USC00043491,1947,8,26,,,0.0,0.0,-9999.0,,,,,,,,,,,
USC00043491,1947,8,27,,,0.0,0.0,-9999.0,,,,,,,,,,,
USC00043491,1947,8,28,,,0.0,0.0,-9999.0,,,,,,,,,,,
USC00043491,1947,8,29,,,0.0,0.0,-9999.0,,,,,,,,,,,
USC00043491,1947,8,3,,,0.0,0.0,-9999.0,,,,,,,,,,,
USC00043491,1947,8,30,,,0.0,0.0,-9999.0,,,,,,,,,,,
USC00043491,1947,8,31,,,0.0,0.0,0.0,,,,,,,,,,,
USC00043491,1947,8,4,,,0.0,0.0,-9999.0,,,,,,,,,,,
USC00043491,1947,8,5,,,0.0,0.0,-9999.0,,,,,,,,,,,
USC00043491,1947,8,6,,,0.0,0.0,-9999.0,,,,,,,,,,,
USC00043491,1947,8,7,,,0.0,0.0,-9999.0,,,,,,,,,,,
USC00043491,1947,8,8,,,0.0,0.0,-9999.0,,,,,,,,,,,
USC00043491,1947,8,9,,,0.0,0.0,-9999.0,,,,,,,,,,,
USC00043491,1947,10,1,,,0.0,0.0,,,,,,,,,,,,
USC00043491,1947,10,10,,,269.0,0.0,,,,,,,,,,,,
USC00043491,1947,10,11,,,264.0,0.0,,,,,,,,,,,,
USC00043491,1947,10,12,,,0.0,0.0,,,,,,,,,,,,
USC00043491,1947,10,13,,,0.0,0.0,,,,,,,,,,,,
USC00043491,1947,10,14,,,0.0,0.0,,,,,,,,,,,,
USC00043491,1947,10,15,,,10.0,0.0,,,,,,,,,,,,
USC00043491,1947,10,16,,,0.0,0.0,,,,,,,,,,,,
USC00043491,1947,10,17,,,831.0,0.0,,,,,,,,,,,,
USC00043491,1947,10,18,,,0.0,0.0,,,,,,,,,,,,
USC00043491,1947,10,19,,,0.0,0.0,,,,,,,,,,,,
USC00043491,1947,10,2,,,0.0,0.0,,,,,,,,,,,,
USC00043491,1947,10,20,,,0.0,0.0,,,,,,,,,,,,
USC00043491,1947,10,21,,,262.0,0.0,,,,,,,,,,,,
USC00043491,1947,10,22,,,0.0,0.0,,,,,,,,,,,,
USC00043491,1947,10,23,,,0.0,0.0,,,,,,,,,,,,
USC00043491,1947,10,24,,,0.0,0.0,,,,,,,,,,,,
USC00043491,1947,10,25,,,0.0,0.0,,,,,,,,,,,,
USC00043491,1947,10,26,,,0.0,0.0,,,,,,,,,,,,
USC00043491,1947,10,27,,,0.0,0.0,,,,,,,,,,,,
USC00043491,1947,10,28,,,0.0,0.0,,,,,,,,,,,,
USC00043491,1947,10,29,,,302.0,0.0,,,,,,,,,,,,
USC00043491,1947,10,3,,,0.0,0.0,,,,,,,,,,,,
USC00043491,1947,10,30,,,132.0,0.0,,,,,,,,,,,,
USC00043491,1947,10,31,,,0.0,0.0,,,,,,,,,,,,
USC00043491,1947,10,4,,,0.0,0.0,,,,,,,,,,,,
USC00043491,1947,10,5,,,0.0,0.0,,,,,,,,,,,,
USC00043491,1947,10,6,,,0.0,0.0,,,,,,,,,,,,
USC00043491,1947,10,7,,,0.0,0.0,,,,,,,,,,,,
USC00043491,1947,10,8,,,226.0,0.0,,,,,,,,,,,,
USC00043491,1947,10,9,,,0.0,0.0,,,,,,,,,,,,
USC00043491,1947,11,1,,,0.0,0.0,,,,,,,,,,,,
USC00043491,1947,11,10,,,0.0,0.0,,,,,,,,,,,,
USC00043491,1947,11,11,,,0.0,0.0,,,,,,,,,,,,
USC00043491,1947,11,12,,,0.0,0.0,,,,,,,,,,,,
USC00043491,1947,11,13,,,0.0,0.0,,,,,,,,,,,,
USC00043491,1947,11,14,,,0.0,0.0,,,,,,,,,,,,
USC00043491,1947,11,15,,,0.0,0.0,,,,,,,,,,,,
USC00043491,1947,11,16,,,152.0,0.0,,,,,,,,,,,,
USC00043491,1947,11,17,,,0.0,0.0,,,,,,,,,,,,
USC00043491,1947,11,18,,,0.0,0.0,,,,,,,,,,,,
USC00043491,1947,11,19,,,0.0,0.0,,,,,,,,,,,,
USC00043491,1947,11,2,,,348.0,0.0,,,,,,,,,,,,
USC00043491,1947,11,20,,,0.0,0.0,,,,,,,,,,,,
USC00043491,1947,11,21,,,0.0,0.0,,,,,,,,,,,,
USC00043491,1947,11,22,,,0.0,0.0,,,,,,,,,,,,
USC00043491,1947,11,23,,,0.0,0.0,,,,,,,,,,,,
USC00043491,1947,11,24,,,0.0,0.0,,,,,,,,,,,,
USC00043491,1947,11,25,,,0.0,0.0,,,,,,,,,,,,
USC00043491,1947,11,26,,,0.0,0.0,,,,,,,,,,,,
USC00043491,1947,11,27,,,0.0,0.0,,,,,,,,,,,,
USC00043491,1947,11,28,,,0.0,0.0,,,,,,,,,,,,
USC00043491,1947,11,29,,,0.0,0.0,,,,,,,,,,,,
USC00043491,1947,11,3,,,0.0,0.0,,,,,,,,,,,,
USC00043491,1947,11,30,,,0.0,0.0,,,,,,,,,,,,
USC00043491,1947,11,31,,,-9999.0,-9999.0,,,,,,,,,,,,
USC00043491,1947,11,4,,,0.0,0.0,,,,,,,,,,,,
USC00043491,1947,11,5,,,0.0,0.0,,,,,,,,,,,,
USC00043491,1947,11,6,,,102.0,0.0,,,,,,,,,,,,
USC00043491,1947,11,7,,,0.0,0.0,,,,,,,,,,,,
USC00043491,1947,11,8,,,0.0,0.0,,,,,,,,,,,,
USC00043491,1947,11,9,,,0.0,0.0,,,,,,,,,,,,
USC00043491,1947,12,1,,,10.0,0.0,,,,,,,,,,,,
USC00043491,1947,12,10,,,0.0,0.0,,,,,,,,,,,,
USC00043491,1947,12,11,,,0.0,0.0,,,,,,,,,,,,
USC00043491,1947,12,12,,,0.0,0.0,,,,,,,,,,,,
USC00043491,1947,12,13,,,0.0,0.0,,,,,,,,,,,,
USC00043491,1947,12,14,,,0.0,0.0,,,,,,,,,,,,
USC00043491,1947,12,15,,,0.0,0.0,,,,,,,,,,,,
USC00043491,1947,12,16,,,0.0,0.0,,,,,,,,,,,,
USC00043491,1947,12,17,,,41.0,0.0,,,,,,,,,,,,
USC00043491,1947,12,18,,,137.0,0.0,,,,,,,,,,,,
USC00043491,1947,12,19,,,0.0,0.0,,,,,,,,,,,,
USC00043491,1947,12,2,,,0.0,0.0,,,,,,,,,,,,
USC00043491,1947,12,20,,,0.0,0.0,,,,,,,,,,,,
USC00043491,1947,12,21,,,69.0,0.0,,,,,,,,,,,,
USC00043491,1947,12,22,,,23.0,0.0,,,,,,,,,,,,
USC00043491,1947,12,23,,,0.0,0.0,,,,,,,,,,,,
USC00043491,1947,12,24,,,0.0,0.0,,,,,,,,,,,,
USC00043491,1947,12,25,,,0.0,0.0,,,,,,,,,,,,
USC00043491,1947,12,26,,,0.0,0.0,,,,,,,,,,,,
USC00043491,1947,12,27,,,0.0,0.0,,,,,,,,,,,,
USC00043491,1947,12,28,,,0.0,0.0,,,,,,,,,,,,
USC00043491,1947,12,29,,,0.0,0.0,,,,,,,,,,,,
USC00043491,1947,12,3,,,0.0,0.0,,,,,,,,,,,,
USC00043491,1947,12,30,,,28.0,0.0,,,,,,,,,,,,
USC00043491,1947,12,31,,,0.0,0.0,,,,,,,,,,,,
USC00043491,1947,12,4,,,56.0,0.0,,,,,,,,,,,,
USC00043491,1947,12,5,,,0.0,0.0,,,,,,,,,,,,
USC00043491,1947,12,6,,,0.0,0.0,,,,,,,,,,,,
USC00043491,1947,12,7,,,0.0,0.0,,,,,,,,,,,,
USC00043491,1947,12,8,,,0.0,0.0,,,,,,,,,,,,
USC00043491,1947,12,9,,,0.0,0.0,,,,,,,,,,,,
USC00043491,1948,1,1,,,0.0,0.0,-9999.0,,,,,,,,,,-9999.0,
USC00043491,1948,1,10,,,0.0,0.0,-9999.0,,,,,,,,,,-9999.0,
USC00043491,1948,1,11,,,0.0,0.0,-9999.0,,,,,,,,,,-9999.0,
USC00043491,1948,1,12,,,0.0,0.0,-9999.0,,,,,,,,,,-9999.0,
USC00043491,1948,1,13,,,0.0,0.0,-9999.0,,,,,,,,,,-9999.0,
USC00043491,1948,1,14,,,0.0,0.0,-9999.0,,,,,,,,,,-9999.0,
USC00043491,1948,1,15,,,0.0,0.0,-9999.0,,,,,,,,,,-9999.0,
USC00043491,1948,1,16,,,0.0,0.0,-9999.0,,,,,,,,,,-9999.0,
USC00043491,1948,1,17,,,0.0,0.0,-9999.0,,,,,,,,,,-9999.0,
USC00043491,1948,1,18,,,0.0,0.0,-9999.0,,,,,,,,,,-9999.0,
USC00043491,1948,1,19,,,0.0,0.0,-9999.0,,,,,,,,,,-9999.0,
USC00043491,1948,1,2,,,653.0,0.0,-9999.0,,,,,,,,,,1.0,
USC00043491,1948,1,20,,,0.0,0.0,-9999.0,,,,,,,,,,-9999.0,
USC00043491,1948,1,21,,,0.0,0.0,-9999.0,,,,,,,,,,-9999.0,
USC00043491,1948,1,22,,,0.0,0.0,-9999.0,,,,,,,,,,-9999.0,
USC00043491,1948,1,23,,,0.0,0.0,-9999.0,,,,,,,,,,-9999.0,
USC00043491,1948,1,24,,,0.0,0.0,-9999.0,,,,,,,,,,-9999.0,
USC00043491,1948,1,25,,,0.0,0.0,-9999.0,,,,,,,,,,-9999.0,
USC00043491,1948,1,26,,,0.0,0.0,-9999.0,,,,,,,,,,-9999.0,
USC00043491,1948,1,27,,,0.0,0.0,-9999.0,,,,,,,,,,-9999.0,
USC00043491,1948,1,28,,,0.0,0.0,-9999.0,,,,,,,,,,-9999.0,
USC00043491,1948,1,29,,,0.0,0.0,-9999.0,,,,,,,,,,-9999.0,
USC00043491,1948,1,3,,,401.0,0.0,-9999.0,,,,,,,,,,-9999.0,
USC00043491,1948,1,30,,,0.0,0.0,-9999.0,,,,,,,,,,-9999.0,
USC00043491,1948,1,31,,,0.0,0.0,0.0,,,,,,,,,,-9999.0,
USC00043491,1948,1,4,,,163.0,0.0,-9999.0,,,,,,,,,,1.0,
USC00043491,1948,1,5,,,173.0,0.0,-9999.0,,,,,,,,,,1.0,
USC00043491,1948,1,6,,,41.0,0.0,-9999.0,,,,,,,,,,-9999.0,
USC00043491,1948,1,7,,,46.0,0.0,-9999.0,,,,,,,,,,1.0,
USC00043491,1948,1,8,,,452.0,0.0,-9999.0,,,,,,,,,,-9999.0,
USC00043491,1948,1,9,,,0.0,0.0,-9999.0,,,,,,,,,,-9999.0,
USC00043491,1948,2,1,,,-9999.0,-9999.0,-9999.0,,,,,,,,,,-9999.0,-9999.0
USC00043491,1948,2,10,,,160.0,-9999.0,305.0,,,,,,,,,,-9999.0,-9999.0
USC00043491,1948,2,11,,,-9999.0,-9999.0,279.0,,,,,,,,,,-9999.0,-9999.0
USC00043491,1948,2,12,,,-9999.0,-9999.0,254.0,,,,,,,,,,-9999.0,-9999.0
USC00043491,1948,2,13,,,-9999.0,-9999.0,229.0,,,,,,,,,,-9999.0,-9999.0
USC00043491,1948,2,14,,,-9999.0,-9999.0,152.0,,,,,,,,,,-9999.0,-9999.0
USC00043491,1948,2,15,,,28.0,-9999.0,127.0,,,,,,,,,,1.0,-9999.0
USC00043491,1948,2,16,,,66.0,-9999.0,0.0,,,,,,,,,,-9999.0,-9999.0
USC00043491,1948,2,17,,,-9999.0,-9999.0,-9999.0,,,,,,,,,,-9999.0,-9999.0
USC00043491,1948,2,18,,,-9999.0,-9999.0,-9999.0,,,,,,,,,,-9999.0,-9999.0
USC00043491,1948,2,19,,,-9999.0,-9999.0,-9999.0,,,,,,,,,,-9999.0,-9999.0
USC00043491,1948,2,2,,,13.0,-9999.0,-9999.0,,,,,,,,,,-9999.0,-9999.0
USC00043491,1948,2,20,,,-9999.0,-9999.0,-9999.0,,,,,,,,,,-9999.0,-9999.0
USC00043491,1948,2,21,,,-9999.0,-9999.0,-9999.0,,,,,,,,,,-9999.0,-9999.0
USC00043491,1948,2,22,,,56.0,-9999.0,-9999.0,,,,,,,,,,1.0,-9999.0
USC00043491,1948,2,23,,,-9999.0,-9999.0,-9999.0,,,,,,,,,,-9999.0,-9999.0
USC00043491,1948,2,24,,,-9999.0,-9999.0,-9999.0,,,,,,,,,,-9999.0,-9999.0
USC00043491,1948,2,25,,,-9999.0,-9999.0,-9999.0,,,,,,,,,,-9999.0,-9999.0
USC00043491,1948,2,26,,,-9999.0,-9999.0,-9999.0,,,,,,,,,,-9999.0,-9999.0
USC00043491,1948,2,27,,,-9999.0,-9999.0,-9999.0,,,,,,,,,,-9999.0,-9999.0
USC00043491,1948,2,28,,,150.0,147.0,152.0,,,,,,,,,,-9999.0,-9999.0
USC00043491,1948,2,29,,,8.0,-9999.0,0.0,,,,,,,,,,-9999.0,-9999.0
USC00043491,1948,2,3,,,-9999.0,-9999.0,-9999.0,,,,,,,,,,-9999.0,-9999.0
USC00043491,1948,2,30,,,-9999.0,-9999.0,-9999.0,,,,,,,,,,-9999.0,-9999.0
USC00043491,1948,2,31,,,-9999.0,-9999.0,-9999.0,,,,,,,,,,-9999.0,-9999.0
USC00043491,1948,2,4,,,-9999.0,-9999.0,-9999.0,,,,,,,,,,-9999.0,-9999.0
USC00043491,1948,2,5,,,290.0,305.0,305.0,,,,,,,,,,-9999.0,1.0
USC00043491,1948,2,6,,,-9999.0,457.0,254.0,,,,,,,,,,-9999.0,1.0
USC00043491,1948,2,7,,,81.0,97.0,483.0,,,,,,,,,,-9999.0,-9999.0
USC00043491,1948,2,8,,,0.0,0.0,432.0,,,,,,,,,,-9999.0,-9999.0
USC00043491,1948,2,9,,,185.0,76.0,457.0,,,,,,,,,,1.0,-9999.0
USC00043491,1948,3,1,,,0.0,0.0,-9999.0,,,,,,,,,,,
USC00043491,1948,3,10,,,0.0,0.0,-9999.0,,,,,,,,,,,
USC00043491,1948,3,11,,,0.0,0.0,-9999.0,,,,,,,,,,,
USC00043491,1948,3,12,,,0.0,0.0,-9999.0,,,,,,,,,,,
USC00043491,1948,3,13,,,0.0,0.0,-9999.0,,,,,,,,,,,
USC00043491,1948,3,14,,,493.0,74.0,76.0,,,,,,,,,,,
USC00043491,1948,3,15,,,183.0,102.0,178.0,,,,,,,,,,,
USC00043491,1948,3,16,,,53.0,46.0,102.0,,,,,,,,,,,
USC00043491,1948,3,17,,,229.0,36.0,127.0,,,,,,,,,,,
USC00043491,1948,3,18,,,0.0,0.0,-9999.0,,,,,,,,,,,
USC00043491,1948,3,19,,,0.0,0.0,-9999.0,,,,,,,,,,,
USC00043491,1948,3,2,,,0.0,0.0,-9999.0,,,,,,,,,,,
USC00043491,1948,3,20,,,310.0,0.0,102.0,,,,,,,,,,,
USC00043491,1948,3,21,,,0.0,0.0,-9999.0,,,,,,,,,,,
USC00043491,1948,3,22,,,0.0,0.0,-9999.0,,,,,,,,,,,
USC00043491,1948,3,23,,,0.0,0.0,152.0,,,,,,,,,,,
USC00043491,1948,3,24,,,584.0,140.0,381.0,,,,,,,,,,,
USC00043491,1948,3,25,,,422.0,282.0,254.0,,,,,,,,,,,
USC00043491,1948,3,26,,,15.0,0.0,-9999.0,,,,,,,,,,,
USC00043491,1948,3,27,,,0.0,0.0,-9999.0,,,,,,,,,,,
USC00043491,1948,3,28,,,0.0,0.0,-9999.0,,,,,,,,,,,
USC00043491,1948,3,29,,,0.0,0.0,-9999.0,,,,,,,,,,,
USC00043491,1948,3,3,,,0.0,0.0,-9999.0,,,,,,,,,,,
USC00043491,1948,3,30,,,23.0,0.0,-9999.0,,,,,,,,,,,
USC00043491,1948,3,31,,,0.0,0.0,-9999.0,,,,,,,,,,,
USC00043491,1948,3,4,,,0.0,0.0,-9999.0,,,,,,,,,,,
USC00043491,1948,3,5,,,0.0,0.0,-9999.0,,,,,,,,,,,
USC00043491,1948,3,6,,,0.0,0.0,-9999.0,,,,,,,,,,,
USC00043491,1948,3,7,,,0.0,0.0,-9999.0,,,,,,,,,,,
USC00043491,1948,3,8,,,0.0,0.0,-9999.0,,,,,,,,,,,
USC00043491,1948,3,9,,,203.0,51.0,51.0,,,,,,,,,,,
USC00043491,1948,4,1,,,-9999.0,,,,,,,,,,,,,
USC00043491,1948,4,10,,,528.0,,,,,,,,,,,,,
USC00043491,1948,4,11,,,53.0,,,,,,,,,,,,,
USC00043491,1948,4,12,,,-9999.0,,,,,,,,,,,,,
USC00043491,1948,4,13,,,-9999.0,,,,,,,,,,,,,
USC00043491,1948,4,14,,,28.0,,,,,,,,,,,,,
USC00043491,1948,4,15,,,48.0,,,,,,,,,,,,,
USC00043491,1948,4,16,,,-9999.0,,,,,,,,,,,,,
USC00043491,1948,4,17,,,-9999.0,,,,,,,,,,,,,
USC00043491,1948,4,18,,,-9999.0,,,,,,,,,,,,,
USC00043491,1948,4,19,,,-9999.0,,,,,,,,,,,,,
USC00043491,1948,4,2,,,8.0,,,,,,,,,,,,,
USC00043491,1948,4,20,,,-9999.0,,,,,,,,,,,,,
USC00043491,1948,4,21,,,-9999.0,,,,,,,,,,,,,
USC00043491,1948,4,22,,,-9999.0,,,,,,,,,,,,,
USC00043491,1948,4,23,,,-9999.0,,,,,,,,,,,,,
USC00043491,1948,4,24,,,-9999.0,,,,,,,,,,,,,
USC00043491,1948,4,25,,,-9999.0,,,,,,,,,,,,,
USC00043491,1948,4,26,,,-9999.0,,,,,,,,,,,,,
USC00043491,1948,4,27,,,-9999.0,,,,,,,,,,,,,
USC00043491,1948,4,28,,,-9999.0,,,,,,,,,,,,,
USC00043491,1948,4,29,,,-9999.0,,,,,,,,,,,,,
USC00043491,1948,4,3,,,-9999.0,,,,,,,,,,,,,
USC00043491,1948,4,30,,,-9999.0,,,,,,,,,,,,,
USC00043491,1948,4,31,,,-9999.0,,,,,,,,,,,,,
USC00043491,1948,4,4,,,439.0,,,,,,,,,,,,,
USC00043491,1948,4,5,,,307.0,,,,,,,,,,,,,
USC00043491,1948,4,6,,,305.0,,,,,,,,,,,,,
USC00043491,1948,4,7,,,84.0,,,,,,,,,,,,,
USC00043491,1948,4,8,,,-9999.0,,,,,,,,,,,,,
USC00043491,1948,4,9,,,216.0,,,,,,,,,,,,,
USC00043491,1948,10,1,,,-9999.0,-9999.0,-9999.0,,,,,,,,,,,
USC00043491,1948,10,10,,,-9999.0,-9999.0,-9999.0,,,,,,,,,,,
USC00043491,1948,10,11,,,-9999.0,-9999.0,-9999.0,,,,,,,,,,,
USC00043491,1948,10,12,,,-9999.0,-9999.0,-9999.0,,,,,,,,,,,
USC00043491,1948,10,13,,,-9999.0,-9999.0,-9999.0,,,,,,,,,,,
USC00043491,1948,10,14,,,-9999.0,-9999.0,-9999.0,,,,,,,,,,,
USC00043491,1948,10,15,,,-9999.0,-9999.0,-9999.0,,,,,,,,,,,
USC00043491,1948,10,16,,,-9999.0,-9999.0,-9999.0,,,,,,,,,,,
USC00043491,1948,10,17,,,-9999.0,-9999.0,-9999.0,,,,,,,,,,,
USC00043491,1948,10,18,,,-9999.0,-9999.0,-9999.0,,,,,,,,,,,
USC00043491,1948,10,19,,,-9999.0,-9999.0,-9999.0,,,,,,,,,,,
USC00043491,1948,10,2,,,-9999.0,-9999.0,-9999.0,,,,,,,,,,,
USC00043491,1948,10,20,,,-9999.0,-9999.0,-9999.0,,,,,,,,,,,
USC00043491,1948,10,21,,,-9999.0,-9999.0,-9999.0,,,,,,,,,,,
USC00043491,1948,10,22,,,-9999.0,-9999.0,-9999.0,,,,,,,,,,,
USC00043491,1948,10,23,,,-9999.0,-9999.0,-9999.0,,,,,,,,,,,
USC00043491,1948,10,24,,,-9999.0,-9999.0,-9999.0,,,,,,,,,,,
USC00043491,1948,10,25,,,-9999.0,-9999.0,-9999.0,,,,,,,,,,,
USC00043491,1948,10,26,,,-9999.0,-9999.0,-9999.0,,,,,,,,,,,
USC00043491,1948,10,27,,,-9999.0,-9999.0,-9999.0,,,,,,,,,,,
USC00043491,1948,10,28,,,-9999.0,-9999.0,-9999.0,,,,,,,,,,,
USC00043491,1948,10,29,,,18.0,0.0,0.0,,,,,,,,,,,
USC00043491,1948,10,3,,,-9999.0,-9999.0,-9999.0,,,,,,,,,,,
USC00043491,1948,10,30,,,-9999.0,-9999.0,-9999.0,,,,,,,,,,,
USC00043491,1948,10,31,,,-9999.0,-9999.0,-9999.0,,,,,,,,,,,
USC00043491,1948,10,4,,,-9999.0,-9999.0,-9999.0,,,,,,,,,,,
USC00043491,1948,10,5,,,-9999.0,-9999.0,-9999.0,,,,,,,,,,,
USC00043491,1948,10,6,,,-9999.0,-9999.0,-9999.0,,,,,,,,,,,
USC00043491,1948,10,7,,,-9999.0,-9999.0,-9999.0,,,,,,,,,,,
USC00043491,1948,10,8,,,-9999.0,-9999.0,-9999.0,,,,,,,,,,,
USC00043491,1948,10,9,,,-9999.0,-9999.0,-9999.0,,,,,,,,,,,
USC00043491,1948,11,1,,,69.0,0.0,0.0,,,,,,,,,,,
USC00043491,1948,11,10,,,0.0,0.0,0.0,,,,,,,,,,,
USC00043491,1948,11,11,,,0.0,0.0,0.0,,,,,,,,,,,
USC00043491,1948,11,12,,,0.0,0.0,0.0,,,,,,,,,,,
USC00043491,1948,11,13,,,0.0,0.0,0.0,,,,,,,,,,,
USC00043491,1948,11,14,,,0.0,0.0,0.0,,,,,,,,,,,
USC00043491,1948,11,15,,,0.0,0.0,0.0,,,,,,,,,,,
USC00043491,1948,11,16,,,0.0,0.0,0.0,,,,,,,,,,,
USC00043491,1948,11,17,,,239.0,0.0,0.0,,,,,,,,,,,
USC00043491,1948,11,18,,,0.0,0.0,0.0,,,,,,,,,,,
USC00043491,1948,11,19,,,23.0,0.0,0.0,,,,,,,,,,,
USC00043491,1948,11,2,,,605.0,0.0,0.0,,,,,,,,,,,
USC00043491,1948,11,20,,,0.0,0.0,0.0,,,,,,,,,,,
USC00043491,1948,11,21,,,0.0,0.0,0.0,,,,,,,,,,,
USC00043491,1948,11,22,,,0.0,0.0,0.0,,,,,,,,,,,
USC00043491,1948,11,23,,,0.0,0.0,0.0,,,,,,,,,,,
USC00043491,1948,11,24,,,0.0,0.0,0.0,,,,,,,,,,,
USC00043491,1948,11,25,,,0.0,0.0,0.0,,,,,,,,,,,
USC00043491,1948,11,26,,,185.0,0.0,0.0,,,,,,,,,,,
USC00043491,1948,11,27,,,0.0,0.0,0.0,,,,,,,,,,,
USC00043491,1948,11,28,,,0.0,0.0,0.0,,,,,,,,,,,
USC00043491,1948,11,29,,,0.0,0.0,0.0,,,,,,,,,,,
USC00043491,1948,11,3,,,315.0,0.0,0.0,,,,,,,,,,,
USC00043491,1948,11,30,,,0.0,0.0,0.0,,,,,,,,,,,
USC00043491,1948,11,31,,,-9999.0,-9999.0,-9999.0,,,,,,,,,,,
USC00043491,1948,11,4,,,97.0,0.0,0.0,,,,,,,,,,,
USC00043491,1948,11,5,,,0.0,0.0,0.0,,,,,,,,,,,
USC00043491,1948,11,6,,,0.0,0.0,0.0,,,,,,,,,,,
USC00043491,1948,11,7,,,0.0,0.0,0.0,,,,,,,,,,,
USC00043491,1948,11,8,,,0.0,0.0,0.0,,,,,,,,,,,
USC00043491,1948,11,9,,,0.0,0.0,0.0,,,,,,,,,,,
USC00043491,1949,11,1,,,0.0,0.0,0.0,,,,,,,,,,,
USC00043491,1949,11,10,,,787.0,0.0,0.0,,,,,,,,,,,
USC00043491,1949,11,11,,,89.0,0.0,0.0,,,,,,,,,,,
USC00043491,1949,11,12,,,0.0,0.0,0.0,,,,,,,,,,,
USC00043491,1949,11,13,,,0.0,0.0,0.0,,,,,,,,,,,
USC00043491,1949,11,14,,,0.0,0.0,0.0,,,,,,,,,,,
USC00043491,1949,11,15,,,0.0,0.0,0.0,,,,,,,,,,,
USC00043491,1949,11,16,,,0.0,0.0,0.0,,,,,,,,,,,
USC00043491,1949,11,17,,,0.0,0.0,0.0,,,,,,,,,,,
USC00043491,1949,11,18,,,0.0,0.0,0.0,,,,,,,,,,,
USC00043491,1949,11,19,,,0.0,0.0,0.0,,,,,,,,,,,
USC00043491,1949,11,2,,,0.0,0.0,0.0,,,,,,,,,,,
USC00043491,1949,11,20,,,0.0,0.0,0.0,,,,,,,,,,,
USC00043491,1949,11,21,,,0.0,0.0,0.0,,,,,,,,,,,
USC00043491,1949,11,22,,,0.0,0.0,0.0,,,,,,,,,,,
USC00043491,1949,11,23,,,0.0,0.0,0.0,,,,,,,,,,,
USC00043491,1949,11,24,,,0.0,0.0,0.0,,,,,,,,,,,
USC00043491,1949,11,25,,,0.0,0.0,0.0,,,,,,,,,,,
USC00043491,1949,11,26,,,0.0,0.0,0.0,,,,,,,,,,,
USC00043491,1949,11,27,,,0.0,0.0,0.0,,,,,,,,,,,
USC00043491,1949,11,28,,,0.0,0.0,0.0,,,,,,,,,,,
USC00043491,1949,11,29,,,0.0,0.0,0.0,,,,,,,,,,,
USC00043491,1949,11,3,,,0.0,0.0,0.0,,,,,,,,,,,
USC00043491,1949,11,30,,,0.0,0.0,0.0,,,,,,,,,,,
USC00043491,1949,11,31,,,-9999.0,-9999.0,-9999.0,,,,,,,,,,,
USC00043491,1949,11,4,,,0.0,0.0,0.0,,,,,,,,,,,
USC00043491,1949,11,5,,,0.0,0.0,0.0,,,,,,,,,,,
USC00043491,1949,11,6,,,0.0,0.0,0.0,,,,,,,,,,,
USC00043491,1949,11,7,,,0.0,0.0,0.0,,,,,,,,,,,
USC00043491,1949,11,8,,,109.0,0.0,0.0,,,,,,,,,,,
USC00043491,1949,11,9,,,203.0,0.0,0.0,,,,,,,,,,,
USC00043491,1949,12,1,,,0.0,0.0,0.0,,,,,,,,,,,
USC00043491,1949,12,10,,,0.0,0.0,0.0,,,,,,,,,,,
USC00043491,1949,12,11,,,0.0,0.0,0.0,,,,,,,,,,,
USC00043491,1949,12,12,,,0.0,0.0,0.0,,,,,,,,,,,
USC00043491,1949,12,13,,,0.0,0.0,0.0,,,,,,,,,,,
USC00043491,1949,12,14,,,0.0,0.0,0.0,,,,,,,,,,,
USC00043491,1949,12,15,,,41.0,0.0,0.0,,,,,,,,,,,
USC00043491,1949,12,16,,,142.0,0.0,0.0,,,,,,,,,,,
USC00043491,1949,12,17,,,269.0,0.0,0.0,,,,,,,,,,,
USC00043491,1949,12,18,,,282.0,0.0,0.0,,,,,,,,,,,
USC00043491,1949,12,19,,,315.0,0.0,0.0,,,,,,,,,,,
USC00043491,1949,12,2,,,0.0,0.0,0.0,,,,,,,,,,,
USC00043491,1949,12,20,,,0.0,0.0,0.0,,,,,,,,,,,
USC00043491,1949,12,21,,,0.0,0.0,0.0,,,,,,,,,,,
USC00043491,1949,12,22,,,0.0,0.0,0.0,,,,,,,,,,,
USC00043491,1949,12,23,,,0.0,0.0,0.0,,,,,,,,,,,
USC00043491,1949,12,24,,,0.0,0.0,0.0,,,,,,,,,,,
USC00043491,1949,12,25,,,0.0,0.0,0.0,,,,,,,,,,,
USC00043491,1949,12,26,,,0.0,0.0,0.0,,,,,,,,,,,
USC00043491,1949,12,27,,,0.0,0.0,0.0,,,,,,,,,,,
USC00043491,1949,12,28,,,0.0,0.0,0.0,,,,,,,,,,,
USC00043491,1949,12,29,,,0.0,0.0,0.0,,,,,,,,,,,
USC00043491,1949,12,3,,,0.0,0.0,0.0,,,,,,,,,,,
USC00043491,1949,12,30,,,0.0,0.0,0.0,,,,,,,,,,,
USC00043491,1949,12,31,,,0.0,0.0,0.0,,,,,,,,,,,
USC00043491,1949,12,4,,,0.0,0.0,0.0,,,,,,,,,,,
USC00043491,1949,12,5,,,94.0,0.0,0.0,,,,,,,,,,,
USC00043491,1949,12,6,,,0.0,0.0,0.0,,,,,,,,,,,
USC00043491,1949,12,7,,,0.0,0.0,0.0,,,,,,,,,,,
USC00043491,1949,12,8,,,0.0,0.0,0.0,,,,,,,,,,,
USC00043491,1949,12,9,,,0.0,0.0,0.0,,,,,,,,,,,
USC00043491,1950,1,1,,,122.0,76.0,-9999.0,,,,,,,,,,,
USC00043491,1950,1,10,,,56.0,38.0,432.0,,,,,,,,,,,
USC00043491,1950,1,11,,,508.0,330.0,762.0,,,,,,,,,,,
USC00043491,1950,1,12,,,224.0,13.0,889.0,,,,,,,,,,,
USC00043491,1950,1,13,,,0.0,0.0,-9999.0,,,,,,,,,,,
USC00043491,1950,1,14,,,610.0,36.0,762.0,,,,,,,,,,,
USC00043491,1950,1,15,,,0.0,0.0,0.0,,,,,,,,,,,
USC00043491,1950,1,16,,,183.0,10.0,762.0,,,,,,,,,,,
USC00043491,1950,1,17,,,1250.0,0.0,559.0,,,,,,,,,,,
USC00043491,1950,1,18,,,737.0,0.0,254.0,,,,,,,,,,,
USC00043491,1950,1,19,,,0.0,0.0,0.0,,,,,,,,,,,
USC00043491,1950,1,2,,,0.0,0.0,-9999.0,,,,,,,,,,,
USC00043491,1950,1,20,,,0.0,0.0,0.0,,,,,,,,,,,
USC00043491,1950,1,21,,,300.0,0.0,203.0,,,,,,,,,,,
USC00043491,1950,1,22,,,282.0,0.0,127.0,,,,,,,,,,,
USC00043491,1950,1,23,,,386.0,0.0,0.0,,,,,,,,,,,
USC00043491,1950,1,24,,,180.0,0.0,0.0,,,,,,,,,,,
USC00043491,1950,1,25,,,0.0,0.0,0.0,,,,,,,,,,,
USC00043491,1950,1,26,,,0.0,0.0,0.0,,,,,,,,,,,
USC00043491,1950,1,27,,,0.0,0.0,0.0,,,,,,,,,,,
USC00043491,1950,1,28,,,610.0,76.0,76.0,,,,,,,,,,,
USC00043491,1950,1,29,,,30.0,0.0,51.0,,,,,,,,,,,
USC00043491,1950,1,3,,,0.0,0.0,-9999.0,,,,,,,,,,,
USC00043491,1950,1,30,,,0.0,0.0,0.0,,,,,,,,,,,
USC00043491,1950,1,31,,,53.0,51.0,51.0,,,,,,,,,,,
USC00043491,1950,1,4,,,0.0,0.0,-9999.0,,,,,,,,,,,
USC00043491,1950,1,5,,,0.0,0.0,-9999.0,,,,,,,,,,,
USC00043491,1950,1,6,,,0.0,0.0,-9999.0,,,,,,,,,,,
USC00043491,1950,1,7,,,0.0,0.0,-9999.0,,,,,,,,,,,
USC00043491,1950,1,8,,,284.0,305.0,-9999.0,,,,,,,,,,,
USC00043491,1950,1,9,,,122.0,76.0,381.0,,,,,,,,,,,
USC00043491,1950,2,1,,,0.0,0.0,0.0,,,,,,,,,,,
USC00043491,1950,2,10,,,38.0,0.0,0.0,,,,,,,,,,,
USC00043491,1950,2,11,,,201.0,0.0,0.0,,,,,,,,,,,
USC00043491,1950,2,12,,,0.0,0.0,0.0,,,,,,,,,,,
USC00043491,1950,2,13,,,0.0,0.0,0.0,,,,,,,,,,,
USC00043491,1950,2,14,,,0.0,0.0,0.0,,,,,,,,,,,
USC00043491,1950,2,15,,,0.0,0.0,0.0,,,,,,,,,,,
USC00043491,1950,2,16,,,0.0,0.0,0.0,,,,,,,,,,,
USC00043491,1950,2,17,,,43.0,0.0,0.0,,,,,,,,,,,
USC00043491,1950,2,18,,,0.0,0.0,0.0,,,,,,,,,,,
USC00043491,1950,2,19,,,0.0,0.0,0.0,,,,,,,,,,,
USC00043491,1950,2,2,,,0.0,0.0,0.0,,,,,,,,,,,
USC00043491,1950,2,20,,,0.0,0.0,0.0,,,,,,,,,,,
USC00043491,1950,2,21,,,0.0,0.0,0.0,,,,,,,,,,,
USC00043491,1950,2,22,,,0.0,0.0,0.0,,,,,,,,,,,
USC00043491,1950,2,23,,,0.0,0.0,0.0,,,,,,,,,,,
USC00043491,1950,2,24,,,0.0,0.0,0.0,,,,,,,,,,,
USC00043491,1950,2,25,,,0.0,0.0,0.0,,,,,,,,,,,
USC00043491,1950,2,26,,,0.0,0.0,0.0,,,,,,,,,,,
USC00043491,1950,2,27,,,0.0,0.0,0.0,,,,,,,,,,,
USC00043491,1950,2,28,,,0.0,0.0,0.0,,,,,,,,,,,
USC00043491,1950,2,29,,,-9999.0,-9999.0,-9999.0,,,,,,,,,,,
USC00043491,1950,2,3,,,0.0,0.0,0.0,,,,,,,,,,,
USC00043491,1950,2,30,,,-9999.0,-9999.0,-9999.0,,,,,,,,,,,
USC00043491,1950,2,31,,,-9999.0,-9999.0,-9999.0,,,,,,,,,,,
USC00043491,1950,2,4,,,665.0,0.0,0.0,,,,,,,,,,,
USC00043491,1950,2,5,,,658.0,0.0,0.0,,,,,,,,,,,
USC00043491,1950,2,6,,,521.0,0.0,0.0,,,,,,,,,,,
USC00043491,1950,2,7,,,0.0,0.0,0.0,,,,,,,,,,,
USC00043491,1950,2,8,,,0.0,0.0,0.0,,,,,,,,,,,
USC00043491,1950,2,9,,,0.0,0.0,0.0,,,,,,,,,,,
USC00043491,1950,3,1,,,0.0,0.0,0.0,,,,,,,,,,,
USC00043491,1950,3,10,,,41.0,0.0,0.0,,,,,,,,,,,
USC00043491,1950,3,11,,,130.0,0.0,0.0,,,,,,,,,,,
USC00043491,1950,3,12,,,0.0,0.0,0.0,,,,,,,,,,,
USC00043491,1950,3,13,,,0.0,0.0,0.0,,,,,,,,,,,
USC00043491,1950,3,14,,,0.0,0.0,0.0,,,,,,,,,,,
USC00043491,1950,3,15,,,0.0,0.0,0.0,,,,,,,,,,,
USC00043491,1950,3,16,,,0.0,0.0,0.0,,,,,,,,,,,
USC00043491,1950,3,17,,,257.0,0.0,0.0,,,,,,,,,,,
USC00043491,1950,3,18,,,262.0,0.0,0.0,,,,,,,,,,,
USC00043491,1950,3,19,,,249.0,0.0,0.0,,,,,,,,,,,
USC00043491,1950,3,2,,,0.0,0.0,0.0,,,,,,,,,,,
USC00043491,1950,3,20,,,0.0,0.0,0.0,,,,,,,,,,,
USC00043491,1950,3,21,,,234.0,0.0,0.0,,,,,,,,,,,
USC00043491,1950,3,22,,,0.0,0.0,0.0,,,,,,,,,,,
USC00043491,1950,3,23,,,0.0,0.0,0.0,,,,,,,,,,,
USC00043491,1950,3,24,,,513.0,-9999.0,51.0,,,,,,,,,,,
USC00043491,1950,3,25,,,371.0,-9999.0,102.0,,,,,,,,,,,
USC00043491,1950,3,26,,,46.0,0.0,-9999.0,,,,,,,,,,,
USC00043491,1950,3,27,,,41.0,0.0,-9999.0,,,,,,,,,,,
USC00043491,1950,3,28,,,0.0,0.0,-9999.0,,,,,,,,,,,
USC00043491,1950,3,29,,,0.0,0.0,-9999.0,,,,,,,,,,,
USC00043491,1950,3,3,,,0.0,0.0,0.0,,,,,,,,,,,
USC00043491,1950,3,30,,,0.0,0.0,-9999.0,,,,,,,,,,,
USC00043491,1950,3,31,,,0.0,0.0,-9999.0,,,,,,,,,,,
USC00043491,1950,3,4,,,0.0,0.0,0.0,,,,,,,,,,,
USC00043491,1950,3,5,,,0.0,0.0,0.0,,,,,,,,,,,
USC00043491,1950,3,6,,,142.0,0.0,0.0,,,,,,,,,,,
USC00043491,1950,3,7,,,0.0,0.0,0.0,,,,,,,,,,,
USC00043491,1950,3,8,,,0.0,0.0,0.0,,,,,,,,,,,
USC00043491,1950,3,9,,,0.0,0.0,0.0,,,,,,,,,,,
USC00043491,1950,4,1,,,0.0,0.0,,,,,,,,,,,,
USC00043491,1950,4,10,,,0.0,0.0,,,,,,,,,,,,
USC00043491,1950,4,11,,,0.0,0.0,,,,,,,,,,,,
USC00043491,1950,4,12,,,0.0,0.0,,,,,,,,,,,,
USC00043491,1950,4,13,,,267.0,0.0,,,,,,,,,,,,
USC00043491,1950,4,14,,,0.0,0.0,,,,,,,,,,,,
USC00043491,1950,4,15,,,0.0,0.0,,,,,,,,,,,,
USC00043491,1950,4,16,,,0.0,0.0,,,,,,,,,,,,
USC00043491,1950,4,17,,,0.0,0.0,,,,,,,,,,,,
USC00043491,1950,4,18,,,0.0,0.0,,,,,,,,,,,,
USC00043491,1950,4,19,,,0.0,0.0,,,,,,,,,,,,
USC00043491,1950,4,2,,,0.0,0.0,,,,,,,,,,,,
USC00043491,1950,4,20,,,0.0,0.0,,,,,,,,,,,,
USC00043491,1950,4,21,,,0.0,0.0,,,,,,,,,,,,
USC00043491,1950,4,22,,,0.0,0.0,,,,,,,,,,,,
USC00043491,1950,4,23,,,0.0,0.0,,,,,,,,,,,,
USC00043491,1950,4,24,,,0.0,0.0,,,,,,,,,,,,
USC00043491,1950,4,25,,,0.0,0.0,,,,,,,,,,,,
USC00043491,1950,4,26,,,0.0,0.0,,,,,,,,,,,,
USC00043491,1950,4,27,,,0.0,0.0,,,,,,,,,,,,
USC00043491,1950,4,28,,,0.0,0.0,,,,,,,,,,,,
USC00043491,1950,4,29,,,0.0,0.0,,,,,,,,,,,,
USC00043491,1950,4,3,,,0.0,0.0,,,,,,,,,,,,
USC00043491,1950,4,30,,,0.0,0.0,,,,,,,,,,,,
USC00043491,1950,4,31,,,-9999.0,-9999.0,,,,,,,,,,,,
USC00043491,1950,4,4,,,0.0,0.0,,,,,,,,,,,,
USC00043491,1950,4,5,,,0.0,0.0,,,,,,,,,,,,
USC00043491,1950,4,6,,,287.0,0.0,,,,,,,,,,,,
USC00043491,1950,4,7,,,122.0,0.0,,,,,,,,,,,,
USC00043491,1950,4,8,,,503.0,25.0,,,,,,,,,,,,
USC00043491,1950,4,9,,,66.0,0.0,,,,,,,,,,,,
USC00043491,1950,5,1,,,142.0,0.0,0.0,,,,,,,,,,,
USC00043491,1950,5,10,,,0.0,0.0,0.0,,,,,,,,,,,
USC00043491,1950,5,11,,,0.0,0.0,0.0,,,,,,,,,,,
USC00043491,1950,5,12,,,0.0,0.0,0.0,,,,,,,,,,,
USC00043491,1950,5,13,,,0.0,0.0,0.0,,,,,,,,,,,
USC00043491,1950,5,14,,,0.0,0.0,0.0,,,,,,,,,,,
USC00043491,1950,5,15,,,0.0,0.0,0.0,,,,,,,,,,,
USC00043491,1950,5,16,,,0.0,0.0,0.0,,,,,,,,,,,
USC00043491,1950,5,17,,,0.0,0.0,0.0,,,,,,,,,,,
USC00043491,1950,5,18,,,0.0,0.0,0.0,,,,,,,,,,,
USC00043491,1950,5,19,,,0.0,0.0,0.0,,,,,,,,,,,
USC00043491,1950,5,2,,,226.0,0.0,0.0,,,,,,,,,,,
USC00043491,1950,5,20,,,0.0,0.0,0.0,,,,,,,,,,,
USC00043491,1950,5,21,,,0.0,0.0,0.0,,,,,,,,,,,
USC00043491,1950,5,22,,,0.0,0.0,0.0,,,,,,,,,,,
USC00043491,1950,5,23,,,0.0,0.0,0.0,,,,,,,,,,,
USC00043491,1950,5,24,,,0.0,0.0,0.0,,,,,,,,,,,
USC00043491,1950,5,25,,,0.0,0.0,0.0,,,,,,,,,,,
USC00043491,1950,5,26,,,0.0,0.0,0.0,,,,,,,,,,,
USC00043491,1950,5,27,,,0.0,0.0,0.0,,,,,,,,,,,
USC00043491,1950,5,28,,,0.0,0.0,0.0,,,,,,,,,,,
USC00043491,1950,5,29,,,0.0,0.0,0.0,,,,,,,,,,,
USC00043491,1950,5,3,,,269.0,51.0,-9999.0,,,,,,,,,,,
USC00043491,1950,5,30,,,0.0,0.0,0.0,,,,,,,,,,,
USC00043491,1950,5,31,,,0.0,0.0,0.0,,,,,,,,,,,
USC00043491,1950,5,4,,,20.0,0.0,0.0,,,,,,,,,,,
USC00043491,1950,5,5,,,0.0,0.0,0.0,,,,,,,,,,,
USC00043491,1950,5,6,,,0.0,0.0,0.0,,,,,,,,,,,
USC00043491,1950,5,7,,,0.0,0.0,0.0,,,,,,,,,,,
USC00043491,1950,5,8,,,0.0,0.0,0.0,,,,,,,,,,,
USC00043491,1950,5,9,,,0.0,0.0,0.0,,,,,,,,,,,
USC00043491,1950,6,1,,,0.0,0.0,0.0,,,,,,,,,,,
USC00043491,1950,6,10,,,0.0,0.0,0.0,,,,,,,,,,,
USC00043491,1950,6,11,,,-9999.0,0.0,0.0,,,,,,,,,,,
USC00043491,1950,6,12,,,20.0,0.0,0.0,,,,,,,,,,,
USC00043491,1950,6,13,,,0.0,0.0,0.0,,,,,,,,,,,
USC00043491,1950,6,14,,,0.0,0.0,0.0,,,,,,,,,,,
USC00043491,1950,6,15,,,0.0,0.0,0.0,,,,,,,,,,,
USC00043491,1950,6,16,,,0.0,0.0,0.0,,,,,,,,,,,
USC00043491,1950,6,17,,,0.0,0.0,0.0,,,,,,,,,,,
USC00043491,1950,6,18,,,0.0,0.0,0.0,,,,,,,,,,,
USC00043491,1950,6,19,,,0.0,0.0,0.0,,,,,,,,,,,
USC00043491,1950,6,2,,,0.0,0.0,0.0,,,,,,,,,,,
USC00043491,1950,6,20,,,0.0,0.0,0.0,,,,,,,,,,,
USC00043491,1950,6,21,,,0.0,0.0,0.0,,,,,,,,,,,
USC00043491,1950,6,22,,,0.0,0.0,0.0,,,,,,,,,,,
USC00043491,1950,6,23,,,0.0,0.0,0.0,,,,,,,,,,,
USC00043491,1950,6,24,,,0.0,0.0,0.0,,,,,,,,,,,
USC00043491,1950,6,25,,,0.0,0.0,0.0,,,,,,,,,,,
USC00043491,1950,6,26,,,0.0,0.0,0.0,,,,,,,,,,,
USC00043491,1950,6,27,,,0.0,0.0,0.0,,,,,,,,,,,
USC00043491,1950,6,28,,,0.0,0.0,0.0,,,,,,,,,,,
USC00043491,1950,6,29,,,0.0,0.0,0.0,,,,,,,,,,,
USC00043491,1950,6,3,,,0.0,0.0,0.0,,,,,,,,,,,
USC00043491,1950,6,30,,,0.0,0.0,0.0,,,,,,,,,,,
USC00043491,1950,6,31,,,-9999.0,-9999.0,-9999.0,,,,,,,,,,,
USC00043491,1950,6,4,,,0.0,0.0,0.0,,,,,,,,,,,
USC00043491,1950,6,5,,,0.0,0.0,0.0,,,,,,,,,,,
USC00043491,1950,6,6,,,0.0,0.0,0.0,,,,,,,,,,,
USC00043491,1950,6,7,,,46.0,0.0,0.0,,,,,,,,,,,
USC00043491,1950,6,8,,,0.0,0.0,0.0,,,,,,,,,,,
USC00043491,1950,6,9,,,0.0,0.0,0.0,,,,,,,,,,,
USC00043491,1950,7,1,,,0.0,0.0,0.0,,,,,,,,,,,
USC00043491,1950,7,10,,,0.0,0.0,0.0,,,,,,,,,,,
USC00043491,1950,7,11,,,0.0,0.0,0.0,,,,,,,,,,,
USC00043491,1950,7,12,,,0.0,0.0,0.0,,,,,,,,,,,
USC00043491,1950,7,13,,,0.0,0.0,0.0,,,,,,,,,,,
USC00043491,1950,7,14,,,0.0,0.0,0.0,,,,,,,,,,,
USC00043491,1950,7,15,,,0.0,0.0,0.0,,,,,,,,,,,
USC00043491,1950,7,16,,,0.0,0.0,0.0,,,,,,,,,,,
USC00043491,1950,7,17,,,0.0,0.0,0.0,,,,,,,,,,,
USC00043491,1950,7,18,,,0.0,0.0,0.0,,,,,,,,,,,
USC00043491,1950,7,19,,,0.0,0.0,0.0,,,,,,,,,,,
USC00043491,1950,7,2,,,0.0,0.0,0.0,,,,,,,,,,,
USC00043491,1950,7,20,,,0.0,0.0,0.0,,,,,,,,,,,
USC00043491,1950,7,21,,,0.0,0.0,0.0,,,,,,,,,,,
USC00043491,1950,7,22,,,0.0,0.0,0.0,,,,,,,,,,,
USC00043491,1950,7,23,,,0.0,0.0,0.0,,,,,,,,,,,
USC00043491,1950,7,24,,,0.0,0.0,0.0,,,,,,,,,,,
USC00043491,1950,7,25,,,0.0,0.0,0.0,,,,,,,,,,,
USC00043491,1950,7,26,,,0.0,0.0,0.0,,,,,,,,,,,
USC00043491,1950,7,27,,,0.0,0.0,0.0,,,,,,,,,,,
USC00043491,1950,7,28,,,0.0,0.0,0.0,,,,,,,,,,,
USC00043491,1950,7,29,,,0.0,0.0,0.0,,,,,,,,,,,
USC00043491,1950,7,3,,,0.0,0.0,0.0,,,,,,,,,,,
USC00043491,1950,7,30,,,0.0,0.0,0.0,,,,,,,,,,,
USC00043491,1950,7,31,,,0.0,0.0,0.0,,,,,,,,,,,
USC00043491,1950,7,4,,,0.0,0.0,0.0,,,,,,,,,,,
USC00043491,1950,7,5,,,0.0,0.0,0.0,,,,,,,,,,,
USC00043491,1950,7,6,,,0.0,0.0,0.0,,,,,,,,,,,
USC00043491,1950,7,7,,,0.0,0.0,0.0,,,,,,,,,,,
USC00043491,1950,7,8,,,0.0,0.0,0.0,,,,,,,,,,,
USC00043491,1950,7,9,,,0.0,0.0,0.0,,,,,,,,,,,
USC00043491,1950,8,1,,,0.0,0.0,0.0,,,,,,,,,,,
USC00043491,1950,8,10,,,0.0,0.0,0.0,,,,,,,,,,,
USC00043491,1950,8,11,,,0.0,0.0,0.0,,,,,,,,,,,
USC00043491,1950,8,12,,,0.0,0.0,0.0,,,,,,,,,,,
USC00043491,1950,8,13,,,0.0,0.0,0.0,,,,,,,,,,,
USC00043491,1950,8,14,,,0.0,0.0,0.0,,,,,,,,,,,
USC00043491,1950,8,15,,,0.0,0.0,0.0,,,,,,,,,,,
USC00043491,1950,8,16,,,0.0,0.0,0.0,,,,,,,,,,,
USC00043491,1950,8,17,,,0.0,0.0,0.0,,,,,,,,,,,
USC00043491,1950,8,18,,,0.0,0.0,0.0,,,,,,,,,,,
USC00043491,1950,8,19,,,0.0,0.0,0.0,,,,,,,,,,,
USC00043491,1950,8,2,,,0.0,0.0,0.0,,,,,,,,,,,
USC00043491,1950,8,20,,,0.0,0.0,0.0,,,,,,,,,,,
USC00043491,1950,8,21,,,0.0,0.0,0.0,,,,,,,,,,,
USC00043491,1950,8,22,,,0.0,0.0,0.0,,,,,,,,,,,
USC00043491,1950,8,23,,,0.0,0.0,0.0,,,,,,,,,,,
USC00043491,1950,8,24,,,0.0,0.0,0.0,,,,,,,,,,,
USC00043491,1950,8,25,,,0.0,0.0,0.0,,,,,,,,,,,
USC00043491,1950,8,26,,,0.0,0.0,0.0,,,,,,,,,,,
USC00043491,1950,8,27,,,0.0,0.0,0.0,,,,,,,,,,,
USC00043491,1950,8,28,,,0.0,0.0,0.0,,,,,,,,,,,
USC00043491,1950,8,29,,,0.0,0.0,0.0,,,,,,,,,,,
USC00043491,1950,8,3,,,0.0,0.0,0.0,,,,,,,,,,,
USC00043491,1950,8,30,,,0.0,0.0,0.0,,,,,,,,,,,
USC00043491,1950,8,31,,,0.0,0.0,0.0,,,,,,,,,,,
USC00043491,1950,8,4,,,0.0,0.0,0.0,,,,,,,,,,,
USC00043491,1950,8,5,,,0.0,0.0,0.0,,,,,,,,,,,
USC00043491,1950,8,6,,,0.0,0.0,0.0,,,,,,,,,,,
USC00043491,1950,8,7,,,0.0,0.0,0.0,,,,,,,,,,,
USC00043491,1950,8,8,,,0.0,0.0,0.0,,,,,,,,,,,
USC00043491,1950,8,9,,,0.0,0.0,0.0,,,,,,,,,,,
USC00043491,1950,9,1,,,0.0,0.0,0.0,,,,,,,,,,,
USC00043491,1950,9,10,,,0.0,0.0,0.0,,,,,,,,,,,
USC00043491,1950,9,11,,,0.0,0.0,0.0,,,,,,,,,,,
USC00043491,1950,9,12,,,0.0,0.0,0.0,,,,,,,,,,,
USC00043491,1950,9,13,,,0.0,0.0,0.0,,,,,,,,,,,
USC00043491,1950,9,14,,,0.0,0.0,0.0,,,,,,,,,,,
USC00043491,1950,9,15,,,0.0,0.0,0.0,,,,,,,,,,,
USC00043491,1950,9,16,,,0.0,0.0,0.0,,,,,,,,,,,
USC00043491,1950,9,17,,,0.0,0.0,0.0,,,,,,,,,,,
USC00043491,1950,9,18,,,150.0,0.0,0.0,,,,,,,,,,,
USC00043491,1950,9,19,,,61.0,0.0,0.0,,,,,,,,,,,
USC00043491,1950,9,2,,,0.0,0.0,0.0,,,,,,,,,,,
USC00043491,1950,9,20,,,0.0,0.0,0.0,,,,,,,,,,,
USC00043491,1950,9,21,,,0.0,0.0,0.0,,,,,,,,,,,
USC00043491,1950,9,22,,,0.0,0.0,0.0,,,,,,,,,,,
USC00043491,1950,9,23,,,0.0,0.0,0.0,,,,,,,,,,,
USC00043491,1950,9,24,,,0.0,0.0,0.0,,,,,,,,,,,
USC00043491,1950,9,25,,,0.0,0.0,0.0,,,,,,,,,,,
USC00043491,1950,9,26,,,0.0,0.0,0.0,,,,,,,,,,,
USC00043491,1950,9,27,,,0.0,0.0,0.0,,,,,,,,,,,
USC00043491,1950,9,28,,,0.0,0.0,0.0,,,,,,,,,,,
USC00043491,1950,9,29,,,0.0,0.0,0.0,,,,,,,,,,,
USC00043491,1950,9,3,,,0.0,0.0,0.0,,,,,,,,,,,
USC00043491,1950,9,30,,,0.0,0.0,0.0,,,,,,,,,,,
USC00043491,1950,9,31,,,-9999.0,-9999.0,-9999.0,,,,,,,,,,,
USC00043491,1950,9,4,,,0.0,0.0,0.0,,,,,,,,,,,
USC00043491,1950,9,5,,,0.0,0.0,0.0,,,,,,,,,,,
USC00043491,1950,9,6,,,0.0,0.0,0.0,,,,,,,,,,,
USC00043491,1950,9,7,,,0.0,0.0,0.0,,,,,,,,,,,
USC00043491,1950,9,8,,,0.0,0.0,0.0,,,,,,,,,,,
USC00043491,1950,9,9,,,0.0,0.0,0.0,,,,,,,,,,,
USC00043491,1950,10,1,,,0.0,0.0,0.0,,,,,,,,,,,
USC00043491,1950,10,10,,,0.0,0.0,0.0,,,,,,,,,,,
USC00043491,1950,10,11,,,0.0,0.0,0.0,,,,,,,,,,,
USC00043491,1950,10,12,,,0.0,0.0,0.0,,,,,,,,,,,
USC00043491,1950,10,13,,,0.0,0.0,0.0,,,,,,,,,,,
USC00043491,1950,10,14,,,0.0,0.0,0.0,,,,,,,,,,,
USC00043491,1950,10,15,,,0.0,0.0,0.0,,,,,,,,,,,
USC00043491,1950,10,16,,,0.0,0.0,0.0,,,,,,,,,,,
USC00043491,1950,10,17,,,15.0,0.0,0.0,,,,,,,,,,,
USC00043491,1950,10,18,,,0.0,0.0,0.0,,,,,,,,,,,
USC00043491,1950,10,19,,,0.0,0.0,0.0,,,,,,,,,,,
USC00043491,1950,10,2,,,0.0,0.0,0.0,,,,,,,,,,,
USC00043491,1950,10,20,,,0.0,0.0,0.0,,,,,,,,,,,
USC00043491,1950,10,21,,,0.0,0.0,0.0,,,,,,,,,,,
USC00043491,1950,10,22,,,0.0,0.0,0.0,,,,,,,,,,,
USC00043491,1950,10,23,,,0.0,0.0,0.0,,,,,,,,,,,
USC00043491,1950,10,24,,,206.0,0.0,0.0,,,,,,,,,,,
USC00043491,1950,10,25,,,61.0,0.0,0.0,,,,,,,,,,,
USC00043491,1950,10,26,,,422.0,0.0,0.0,,,,,,,,,,,
USC00043491,1950,10,27,,,513.0,0.0,0.0,,,,,,,,,,,
USC00043491,1950,10,28,,,81.0,0.0,0.0,,,,,,,,,,,
USC00043491,1950,10,29,,,10.0,0.0,0.0,,,,,,,,,,,
USC00043491,1950,10,3,,,0.0,0.0,0.0,,,,,,,,,,,
USC00043491,1950,10,30,,,447.0,0.0,0.0,,,,,,,,,,,
USC00043491,1950,10,31,,,8.0,0.0,0.0,,,,,,,,,,,
USC00043491,1950,10,4,,,0.0,0.0,0.0,,,,,,,,,,,
USC00043491,1950,10,5,,,0.0,0.0,0.0,,,,,,,,,,,
USC00043491,1950,10,6,,,74.0,0.0,0.0,,,,,,,,,,,
USC00043491,1950,10,7,,,0.0,0.0,0.0,,,,,,,,,,,
USC00043491,1950,10,8,,,0.0,0.0,0.0,,,,,,,,,,,
USC00043491,1950,10,9,,,0.0,0.0,0.0,,,,,,,,,,,
USC00043491,1950,11,1,,,5.0,0.0,0.0,,,,,,,,,,,
USC00043491,1950,11,10,,,0.0,0.0,0.0,,,,,,,,,,,
USC00043491,1950,11,11,,,0.0,0.0,0.0,,,,,,,,,,,
USC00043491,1950,11,12,,,0.0,0.0,0.0,,,,,,,,,,,
USC00043491,1950,11,13,,,97.0,0.0,0.0,,,,,,,,,,,
USC00043491,1950,11,14,,,257.0,0.0,0.0,,,,,,,,,,,
USC00043491,1950,11,15,,,23.0,0.0,0.0,,,,,,,,,,,
USC00043491,1950,11,16,,,279.0,0.0,0.0,,,,,,,,,,,
USC00043491,1950,11,17,,,361.0,0.0,0.0,,,,,,,,,,,
USC00043491,1950,11,18,,,1148.0,0.0,0.0,,,,,,,,,,,
USC00043491,1950,11,19,,,1135.0,0.0,0.0,,,,,,,,,,,
USC00043491,1950,11,2,,,0.0,0.0,0.0,,,,,,,,,,,
USC00043491,1950,11,20,,,879.0,0.0,0.0,,,,,,,,,,,
USC00043491,1950,11,21,,,1727.0,0.0,0.0,,,,,,,,,,,
USC00043491,1950,11,22,,,10.0,0.0,0.0,,,,,,,,,,,
USC00043491,1950,11,23,,,0.0,0.0,0.0,,,,,,,,,,,
USC00043491,1950,11,24,,,0.0,0.0,0.0,,,,,,,,,,,
USC00043491,1950,11,25,,,0.0,0.0,0.0,,,,,,,,,,,
USC00043491,1950,11,26,,,0.0,0.0,0.0,,,,,,,,,,,
USC00043491,1950,11,27,,,0.0,0.0,0.0,,,,,,,,,,,
USC00043491,1950,11,28,,,0.0,0.0,0.0,,,,,,,,,,,
USC00043491,1950,11,29,,,0.0,0.0,0.0,,,,,,,,,,,
USC00043491,1950,11,3,,,0.0,0.0,0.0,,,,,,,,,,,
USC00043491,1950,11,30,,,58.0,0.0,0.0,,,,,,,,,,,
USC00043491,1950,11,31,,,-9999.0,-9999.0,-9999.0,,,,,,,,,,,
USC00043491,1950,11,4,,,0.0,0.0,0.0,,,,,,,,,,,
USC00043491,1950,11,5,,,0.0,0.0,0.0,,,,,,,,,,,
USC00043491,1950,11,6,,,0.0,0.0,0.0,,,,,,,,,,,
USC00043491,1950,11,7,,,0.0,0.0,0.0,,,,,,,,,,,
USC00043491,1950,11,8,,,0.0,0.0,0.0,,,,,,,,,,,
USC00043491,1950,11,9,,,0.0,0.0,0.0,,,,,,,,,,,
USC00043491,1950,12,1,,,56.0,0.0,0.0,,,,,,,,,,,
USC00043491,1950,12,10,,,0.0,0.0,0.0,,,,,,,,,,,
USC00043491,1950,12,11,,,132.0,0.0,0.0,,,,,,,,,,,
USC00043491,1950,12,12,,,119.0,0.0,0.0,,,,,,,,,,,
USC00043491,1950,12,13,,,0.0,0.0,0.0,,,,,,,,,,,
USC00043491,1950,12,14,,,503.0,0.0,0.0,,,,,,,,,,,
USC00043491,1950,12,15,,,333.0,0.0,0.0,,,,,,,,,,,
USC00043491,1950,12,16,,,0.0,0.0,0.0,,,,,,,,,,,
USC00043491,1950,12,17,,,0.0,0.0,0.0,,,,,,,,,,,
USC00043491,1950,12,18,,,0.0,0.0,0.0,,,,,,,,,,,
USC00043491,1950,12,19,,,8.0,0.0,0.0,,,,,,,,,,,
USC00043491,1950,12,2,,,0.0,0.0,0.0,,,,,,,,,,,
USC00043491,1950,12,20,,,0.0,0.0,0.0,,,,,,,,,,,
USC00043491,1950,12,21,,,0.0,0.0,0.0,,,,,,,,,,,
USC00043491,1950,12,22,,,0.0,0.0,0.0,,,,,,,,,,,
USC00043491,1950,12,23,,,0.0,0.0,0.0,,,,,,,,,,,
USC00043491,1950,12,24,,,0.0,0.0,0.0,,,,,,,,,,,
USC00043491,1950,12,25,,,0.0,0.0,0.0,,,,,,,,,,,
USC00043491,1950,12,26,,,0.0,0.0,0.0,,,,,,,,,,,
USC00043491,1950,12,27,,,0.0,0.0,0.0,,,,,,,,,,,
USC00043491,1950,12,28,,,0.0,0.0,0.0,,,,,,,,,,,
USC00043491,1950,12,29,,,0.0,0.0,0.0,,,,,,,,,,,
USC00043491,1950,12,3,,,719.0,0.0,0.0,,,,,,,,,,,
USC00043491,1950,12,30,,,0.0,0.0,0.0,,,,,,,,,,,
USC00043491,1950,12,31,,,155.0,0.0,0.0,,,,,,,,,,,
USC00043491,1950,12,4,,,991.0,0.0,0.0,,,,,,,,,,,
USC00043491,1950,12,5,,,10.0,0.0,0.0,,,,,,,,,,,
USC00043491,1950,12,6,,,56.0,0.0,0.0,,,,,,,,,,,
USC00043491,1950,12,7,,,643.0,0.0,0.0,,,,,,,,,,,
USC00043491,1950,12,8,,,330.0,0.0,0.0,,,,,,,,,,,
USC00043491,1950,12,9,,,231.0,0.0,0.0,,,,,,,,,,,
USC00043491,1951,1,1,,,0.0,0.0,0.0,,,,,,,,,,,
USC00043491,1951,1,10,,,351.0,203.0,203.0,,,,,,,,,,,
USC00043491,1951,1,11,,,305.0,76.0,254.0,,,,,,,,,,,
USC00043491,1951,1,12,,,257.0,102.0,305.0,,,,,,,,,,,
USC00043491,1951,1,13,,,0.0,0.0,-9999.0,,,,,,,,,,,
USC00043491,1951,1,14,,,0.0,0.0,-9999.0,,,,,,,,,,,
USC00043491,1951,1,15,,,0.0,0.0,-9999.0,,,,,,,,,,,
USC00043491,1951,1,16,,,203.0,76.0,279.0,,,,,,,,,,,
USC00043491,1951,1,17,,,241.0,0.0,178.0,,,,,,,,,,,
USC00043491,1951,1,18,,,681.0,76.0,254.0,,,,,,,,,,,
USC00043491,1951,1,19,,,409.0,152.0,229.0,,,,,,,,,,,
USC00043491,1951,1,2,,,0.0,0.0,0.0,,,,,,,,,,,
USC00043491,1951,1,20,,,25.0,0.0,229.0,,,,,,,,,,,
USC00043491,1951,1,21,,,15.0,0.0,152.0,,,,,,,,,,,
USC00043491,1951,1,22,,,1092.0,0.0,0.0,,,,,,,,,,,
USC00043491,1951,1,23,,,20.0,0.0,0.0,,,,,,,,,,,
USC00043491,1951,1,24,,,0.0,0.0,0.0,,,,,,,,,,,
USC00043491,1951,1,25,,,0.0,0.0,0.0,,,,,,,,,,,
USC00043491,1951,1,26,,,0.0,0.0,0.0,,,,,,,,,,,
USC00043491,1951,1,27,,,0.0,0.0,0.0,,,,,,,,,,,
USC00043491,1951,1,28,,,0.0,0.0,0.0,,,,,,,,,,,
USC00043491,1951,1,29,,,5.0,0.0,0.0,,,,,,,,,,,
USC00043491,1951,1,3,,,160.0,0.0,0.0,,,,,,,,,,,
USC00043491,1951,1,30,,,51.0,0.0,0.0,,,,,,,,,,,
USC00043491,1951,1,31,,,0.0,0.0,0.0,,,,,,,,,,,
USC00043491,1951,1,4,,,150.0,0.0,0.0,,,,,,,,,,,
USC00043491,1951,1,5,,,0.0,0.0,0.0,,,,,,,,,,,
USC00043491,1951,1,6,,,0.0,0.0,0.0,,,,,,,,,,,
USC00043491,1951,1,7,,,0.0,0.0,0.0,,,,,,,,,,,
USC00043491,1951,1,8,,,0.0,0.0,0.0,,,,,,,,,,,
USC00043491,1951,1,9,,,25.0,0.0,0.0,,,,,,,,,,,
USC00043491,1951,2,1,,,0.0,0.0,0.0,,,,,,,,,,,
USC00043491,1951,2,10,,,0.0,0.0,0.0,,,,,,,,,,,
USC00043491,1951,2,11,,,168.0,0.0,0.0,,,,,,,,,,,
USC00043491,1951,2,12,,,234.0,0.0,0.0,,,,,,,,,,,
USC00043491,1951,2,13,,,0.0,0.0,0.0,,,,,,,,,,,
USC00043491,1951,2,14,,,0.0,0.0,0.0,,,,,,,,,,,
USC00043491,1951,2,15,,,0.0,0.0,0.0,,,,,,,,,,,
USC00043491,1951,2,16,,,0.0,0.0,0.0,,,,,,,,,,,
USC00043491,1951,2,17,,,175.0,0.0,0.0,,,,,,,,,,,
USC00043491,1951,2,18,,,15.0,0.0,0.0,,,,,,,,,,,
USC00043491,1951,2,19,,,0.0,0.0,0.0,,,,,,,,,,,
USC00043491,1951,2,2,,,0.0,0.0,0.0,,,,,,,,,,,
USC00043491,1951,2,20,,,0.0,0.0,0.0,,,,,,,,,,,
USC00043491,1951,2,21,,,122.0,25.0,0.0,,,,,,,,,,,
USC00043491,1951,2,22,,,91.0,76.0,76.0,,,,,,,,,,,
USC00043491,1951,2,23,,,0.0,0.0,76.0,,,,,,,,,,,
USC00043491,1951,2,24,,,0.0,0.0,76.0,,,,,,,,,,,
USC00043491,1951,2,25,,,0.0,0.0,-9999.0,,,,,,,,,,,
USC00043491,1951,2,26,,,25.0,25.0,102.0,,,,,,,,,,,
USC00043491,1951,2,27,,,119.0,102.0,102.0,,,,,,,,,,,
USC00043491,1951,2,28,,,10.0,0.0,76.0,,,,,,,,,,,
USC00043491,1951,2,29,,,-9999.0,-9999.0,-9999.0,,,,,,,,,,,
USC00043491,1951,2,3,,,0.0,0.0,0.0,,,,,,,,,,,
USC00043491,1951,2,30,,,-9999.0,-9999.0,-9999.0,,,,,,,,,,,
USC00043491,1951,2,31,,,-9999.0,-9999.0,-9999.0,,,,,,,,,,,
USC00043491,1951,2,4,,,117.0,0.0,0.0,,,,,,,,,,,
USC00043491,1951,2,5,,,488.0,0.0,0.0,,,,,,,,,,,
USC00043491,1951,2,6,,,0.0,0.0,0.0,,,,,,,,,,,
USC00043491,1951,2,7,,,0.0,0.0,0.0,,,,,,,,,,,
USC00043491,1951,2,8,,,13.0,0.0,0.0,,,,,,,,,,,
USC00043491,1951,2,9,,,0.0,0.0,0.0,,,,,,,,,,,
USC00043491,1951,3,1,,,8.0,25.0,51.0,,,,,,,,,,,
USC00043491,1951,3,10,,,0.0,0.0,0.0,,,,,,,,,,,
USC00043491,1951,3,11,,,0.0,0.0,0.0,,,,,,,,,,,
USC00043491,1951,3,12,,,0.0,0.0,0.0,,,,,,,,,,,
USC00043491,1951,3,13,,,0.0,0.0,0.0,,,,,,,,,,,
USC00043491,1951,3,14,,,0.0,0.0,0.0,,,,,,,,,,,
USC00043491,1951,3,15,,,0.0,0.0,0.0,,,,,,,,,,,
USC00043491,1951,3,16,,,0.0,0.0,0.0,,,,,,,,,,,
USC00043491,1951,3,17,,,0.0,0.0,0.0,,,,,,,,,,,
USC00043491,1951,3,18,,,0.0,0.0,0.0,,,,,,,,,,,
USC00043491,1951,3,19,,,0.0,0.0,0.0,,,,,,,,,,,
USC00043491,1951,3,2,,,76.0,127.0,152.0,,,,,,,,,,,
USC00043491,1951,3,20,,,0.0,0.0,0.0,,,,,,,,,,,
USC00043491,1951,3,21,,,0.0,0.0,0.0,,,,,,,,,,,
USC00043491,1951,3,22,,,0.0,0.0,0.0,,,,,,,,,,,
USC00043491,1951,3,23,,,0.0,0.0,0.0,,,,,,,,,,,
USC00043491,1951,3,24,,,0.0,0.0,0.0,,,,,,,,,,,
USC00043491,1951,3,25,,,0.0,0.0,0.0,,,,,,,,,,,
USC00043491,1951,3,26,,,0.0,0.0,0.0,,,,,,,,,,,
USC00043491,1951,3,27,,,0.0,0.0,0.0,,,,,,,,,,,
USC00043491,1951,3,28,,,0.0,0.0,0.0,,,,,,,,,,,
USC00043491,1951,3,29,,,0.0,0.0,0.0,,,,,,,,,,,
USC00043491,1951,3,3,,,0.0,0.0,-9999.0,,,,,,,,,,,
USC00043491,1951,3,30,,,173.0,0.0,0.0,,,,,,,,,,,
USC00043491,1951,3,31,,,0.0,0.0,0.0,,,,,,,,,,,
USC00043491,1951,3,4,,,191.0,229.0,254.0,,,,,,,,,,,
USC00043491,1951,3,5,,,406.0,0.0,229.0,,,,,,,,,,,
USC00043491,1951,3,6,,,236.0,152.0,305.0,,,,,,,,,,,
USC00043491,1951,3,7,,,432.0,0.0,229.0,,,,,,,,,,,
USC00043491,1951,3,8,,,20.0,0.0,178.0,,,,,,,,,,,
USC00043491,1951,3,9,,,163.0,0.0,-9999.0,,,,,,,,,,,
USC00043491,1951,4,1,,,0.0,0.0,0.0,,,,,,,,,,,
USC00043491,1951,4,10,,,0.0,0.0,0.0,,,,,,,,,,,
USC00043491,1951,4,11,,,0.0,0.0,0.0,,,,,,,,,,,
USC00043491,1951,4,12,,,0.0,0.0,0.0,,,,,,,,,,,
USC00043491,1951,4,13,,,0.0,0.0,0.0,,,,,,,,,,,
USC00043491,1951,4,14,,,0.0,0.0,0.0,,,,,,,,,,,
USC00043491,1951,4,15,,,0.0,0.0,0.0,,,,,,,,,,,
USC00043491,1951,4,16,,,0.0,0.0,0.0,,,,,,,,,,,
USC00043491,1951,4,17,,,0.0,0.0,0.0,,,,,,,,,,,
USC00043491,1951,4,18,,,0.0,0.0,0.0,,,,,,,,,,,
USC00043491,1951,4,19,,,0.0,0.0,0.0,,,,,,,,,,,
USC00043491,1951,4,2,,,0.0,0.0,0.0,,,,,,,,,,,
USC00043491,1951,4,20,,,0.0,0.0,0.0,,,,,,,,,,,
USC00043491,1951,4,21,,,0.0,0.0,0.0,,,,,,,,,,,
USC00043491,1951,4,22,,,0.0,0.0,0.0,,,,,,,,,,,
USC00043491,1951,4,23,,,0.0,0.0,0.0,,,,,,,,,,,
USC00043491,1951,4,24,,,0.0,0.0,0.0,,,,,,,,,,,
USC00043491,1951,4,25,,,0.0,0.0,0.0,,,,,,,,,,,
USC00043491,1951,4,26,,,20.0,0.0,0.0,,,,,,,,,,,
USC00043491,1951,4,27,,,0.0,0.0,0.0,,,,,,,,,,,
USC00043491,1951,4,28,,,277.0,0.0,0.0,,,,,,,,,,,
USC00043491,1951,4,29,,,401.0,25.0,25.0,,,,,,,,,,,
USC00043491,1951,4,3,,,0.0,0.0,0.0,,,,,,,,,,,
USC00043491,1951,4,30,,,0.0,0.0,0.0,,,,,,,,,,,
USC00043491,1951,4,31,,,-9999.0,-9999.0,-9999.0,,,,,,,,,,,
USC00043491,1951,4,4,,,0.0,0.0,0.0,,,,,,,,,,,
USC00043491,1951,4,5,,,86.0,0.0,0.0,,,,,,,,,,,
USC00043491,1951,4,6,,,0.0,0.0,0.0,,,,,,,,,,,
USC00043491,1951,4,7,,,0.0,0.0,0.0,,,,,,,,,,,
USC00043491,1951,4,8,,,0.0,0.0,0.0,,,,,,,,,,,
USC00043491,1951,4,9,,,0.0,0.0,0.0,,,,,,,,,,,
USC00043491,1951,5,1,,,61.0,0.0,0.0,,,,,,,,,,,
USC00043491,1951,5,10,,,0.0,0.0,0.0,,,,,,,,,,,
USC00043491,1951,5,11,,,0.0,0.0,0.0,,,,,,,,,,,
USC00043491,1951,5,12,,,0.0,0.0,0.0,,,,,,,,,,,
USC00043491,1951,5,13,,,0.0,0.0,0.0,,,,,,,,,,,
USC00043491,1951,5,14,,,0.0,0.0,0.0,,,,,,,,,,,
USC00043491,1951,5,15,,,0.0,0.0,0.0,,,,,,,,,,,
USC00043491,1951,5,16,,,0.0,0.0,0.0,,,,,,,,,,,
USC00043491,1951,5,17,,,0.0,0.0,0.0,,,,,,,,,,,
USC00043491,1951,5,18,,,0.0,0.0,0.0,,,,,,,,,,,
USC00043491,1951,5,19,,,0.0,0.0,0.0,,,,,,,,,,,
USC00043491,1951,5,2,,,0.0,0.0,0.0,,,,,,,,,,,
USC00043491,1951,5,20,,,0.0,0.0,0.0,,,,,,,,,,,
USC00043491,1951,5,21,,,0.0,0.0,0.0,,,,,,,,,,,
USC00043491,1951,5,22,,,0.0,0.0,0.0,,,,,,,,,,,
USC00043491,1951,5,23,,,0.0,0.0,0.0,,,,,,,,,,,
USC00043491,1951,5,24,,,0.0,0.0,0.0,,,,,,,,,,,
USC00043491,1951,5,25,,,0.0,0.0,0.0,,,,,,,,,,,
USC00043491,1951,5,26,,,0.0,0.0,0.0,,,,,,,,,,,
USC00043491,1951,5,27,,,0.0,0.0,0.0,,,,,,,,,,,
USC00043491,1951,5,28,,,0.0,0.0,0.0,,,,,,,,,,,
USC00043491,1951,5,29,,,0.0,0.0,0.0,,,,,,,,,,,
USC00043491,1951,5,3,,,28.0,0.0,0.0,,,,,,,,,,,
USC00043491,1951,5,30,,,0.0,0.0,0.0,,,,,,,,,,,
USC00043491,1951,5,31,,,0.0,0.0,0.0,,,,,,,,,,,
USC00043491,1951,5,4,,,533.0,0.0,0.0,,,,,,,,,,,
USC00043491,1951,5,5,,,15.0,0.0,0.0,,,,,,,,,,,
USC00043491,1951,5,6,,,0.0,0.0,0.0,,,,,,,,,,,
USC00043491,1951,5,7,,,0.0,0.0,0.0,,,,,,,,,,,
USC00043491,1951,5,8,,,0.0,0.0,0.0,,,,,,,,,,,
USC00043491,1951,5,9,,,0.0,0.0,0.0,,,,,,,,,,,
USC00043491,1951,6,1,,,0.0,0.0,0.0,,,,,,,,,,,
USC00043491,1951,6,10,,,0.0,0.0,0.0,,,,,,,,,,,
USC00043491,1951,6,11,,,0.0,0.0,0.0,,,,,,,,,,,
USC00043491,1951,6,12,,,0.0,0.0,0.0,,,,,,,,,,,
USC00043491,1951,6,13,,,0.0,0.0,0.0,,,,,,,,,,,
USC00043491,1951,6,14,,,0.0,0.0,0.0,,,,,,,,,,,
USC00043491,1951,6,15,,,0.0,0.0,0.0,,,,,,,,,,,
USC00043491,1951,6,16,,,0.0,0.0,0.0,,,,,,,,,,,
USC00043491,1951,6,17,,,0.0,0.0,0.0,,,,,,,,,,,
USC00043491,1951,6,18,,,0.0,0.0,0.0,,,,,,,,,,,
USC00043491,1951,6,19,,,0.0,0.0,0.0,,,,,,,,,,,
USC00043491,1951,6,2,,,0.0,0.0,0.0,,,,,,,,,,,
USC00043491,1951,6,20,,,0.0,0.0,0.0,,,,,,,,,,,
USC00043491,1951,6,21,,,0.0,0.0,0.0,,,,,,,,,,,
USC00043491,1951,6,22,,,0.0,0.0,0.0,,,,,,,,,,,
USC00043491,1951,6,23,,,0.0,0.0,0.0,,,,,,,,,,,
USC00043491,1951,6,24,,,0.0,0.0,0.0,,,,,,,,,,,
USC00043491,1951,6,25,,,0.0,0.0,0.0,,,,,,,,,,,
USC00043491,1951,6,26,,,0.0,0.0,0.0,,,,,,,,,,,
USC00043491,1951,6,27,,,0.0,0.0,0.0,,,,,,,,,,,
USC00043491,1951,6,28,,,0.0,0.0,0.0,,,,,,,,,,,
USC00043491,1951,6,29,,,0.0,0.0,0.0,,,,,,,,,,,
USC00043491,1951,6,3,,,0.0,0.0,0.0,,,,,,,,,,,
USC00043491,1951,6,30,,,0.0,0.0,0.0,,,,,,,,,,,
USC00043491,1951,6,31,,,-9999.0,-9999.0,-9999.0,,,,,,,,,,,
USC00043491,1951,6,4,,,0.0,0.0,0.0,,,,,,,,,,,
USC00043491,1951,6,5,,,0.0,0.0,0.0,,,,,,,,,,,
USC00043491,1951,6,6,,,0.0,0.0,0.0,,,,,,,,,,,
USC00043491,1951,6,7,,,0.0,0.0,0.0,,,,,,,,,,,
USC00043491,1951,6,8,,,0.0,0.0,0.0,,,,,,,,,,,
USC00043491,1951,6,9,,,0.0,0.0,0.0,,,,,,,,,,,
USC00043491,1951,7,1,,,0.0,0.0,0.0,,,,,,,,,,,
USC00043491,1951,7,10,,,0.0,0.0,0.0,,,,,,,,,,,
USC00043491,1951,7,11,,,0.0,0.0,0.0,,,,,,,,,,,
USC00043491,1951,7,12,,,0.0,0.0,0.0,,,,,,,,,,,
USC00043491,1951,7,13,,,0.0,0.0,0.0,,,,,,,,,,,
USC00043491,1951,7,14,,,0.0,0.0,0.0,,,,,,,,,,,
USC00043491,1951,7,15,,,0.0,0.0,0.0,,,,,,,,,,,
USC00043491,1951,7,16,,,0.0,0.0,0.0,,,,,,,,,,,
USC00043491,1951,7,17,,,0.0,0.0,0.0,,,,,,,,,,,
USC00043491,1951,7,18,,,0.0,0.0,0.0,,,,,,,,,,,
USC00043491,1951,7,19,,,0.0,0.0,0.0,,,,,,,,,,,
USC00043491,1951,7,2,,,0.0,0.0,0.0,,,,,,,,,,,
USC00043491,1951,7,20,,,0.0,0.0,0.0,,,,,,,,,,,
USC00043491,1951,7,21,,,0.0,0.0,0.0,,,,,,,,,,,
USC00043491,1951,7,22,,,0.0,0.0,0.0,,,,,,,,,,,
USC00043491,1951,7,23,,,0.0,0.0,0.0,,,,,,,,,,,
USC00043491,1951,7,24,,,0.0,0.0,0.0,,,,,,,,,,,
USC00043491,1951,7,25,,,0.0,0.0,0.0,,,,,,,,,,,
USC00043491,1951,7,26,,,0.0,0.0,0.0,,,,,,,,,,,
USC00043491,1951,7,27,,,0.0,0.0,0.0,,,,,,,,,,,
USC00043491,1951,7,28,,,0.0,0.0,0.0,,,,,,,,,,,
USC00043491,1951,7,29,,,0.0,0.0,0.0,,,,,,,,,,,
USC00043491,1951,7,3,,,0.0,0.0,0.0,,,,,,,,,,,
USC00043491,1951,7,30,,,0.0,0.0,0.0,,,,,,,,,,,
USC00043491,1951,7,31,,,0.0,0.0,0.0,,,,,,,,,,,
USC00043491,1951,7,4,,,0.0,0.0,0.0,,,,,,,,,,,
USC00043491,1951,7,5,,,0.0,0.0,0.0,,,,,,,,,,,
USC00043491,1951,7,6,,,0.0,0.0,0.0,,,,,,,,,,,
USC00043491,1951,7,7,,,0.0,0.0,0.0,,,,,,,,,,,
USC00043491,1951,7,8,,,0.0,0.0,0.0,,,,,,,,,,,
USC00043491,1951,7,9,,,0.0,0.0,0.0,,,,,,,,,,,
USC00043491,1951,8,1,,,0.0,0.0,0.0,,,,,,,,,,,
USC00043491,1951,8,10,,,0.0,0.0,0.0,,,,,,,,,,,
USC00043491,1951,8,11,,,0.0,0.0,0.0,,,,,,,,,,,
USC00043491,1951,8,12,,,0.0,0.0,0.0,,,,,,,,,,,
USC00043491,1951,8,13,,,0.0,0.0,0.0,,,,,,,,,,,
USC00043491,1951,8,14,,,0.0,0.0,0.0,,,,,,,,,,,
USC00043491,1951,8,15,,,0.0,0.0,0.0,,,,,,,,,,,
USC00043491,1951,8,16,,,0.0,0.0,0.0,,,,,,,,,,,
USC00043491,1951,8,17,,,0.0,0.0,0.0,,,,,,,,,,,
USC00043491,1951,8,18,,,0.0,0.0,0.0,,,,,,,,,,,
USC00043491,1951,8,19,,,0.0,0.0,0.0,,,,,,,,,,,
USC00043491,1951,8,2,,,0.0,0.0,0.0,,,,,,,,,,,
USC00043491,1951,8,20,,,0.0,0.0,0.0,,,,,,,,,,,
USC00043491,1951,8,21,,,0.0,0.0,0.0,,,,,,,,,,,
USC00043491,1951,8,22,,,0.0,0.0,0.0,,,,,,,,,,,
USC00043491,1951,8,23,,,0.0,0.0,0.0,,,,,,,,,,,
USC00043491,1951,8,24,,,0.0,0.0,0.0,,,,,,,,,,,
USC00043491,1951,8,25,,,0.0,0.0,0.0,,,,,,,,,,,
USC00043491,1951,8,26,,,0.0,0.0,0.0,,,,,,,,,,,
USC00043491,1951,8,27,,,0.0,0.0,0.0,,,,,,,,,,,
USC00043491,1951,8,28,,,0.0,0.0,0.0,,,,,,,,,,,
USC00043491,1951,8,29,,,0.0,0.0,0.0,,,,,,,,,,,
USC00043491,1951,8,3,,,0.0,0.0,0.0,,,,,,,,,,,
USC00043491,1951,8,30,,,0.0,0.0,0.0,,,,,,,,,,,
USC00043491,1951,8,31,,,0.0,0.0,0.0,,,,,,,,,,,
USC00043491,1951,8,4,,,0.0,0.0,0.0,,,,,,,,,,,
USC00043491,1951,8,5,,,0.0,0.0,0.0,,,,,,,,,,,
USC00043491,1951,8,6,,,0.0,0.0,0.0,,,,,,,,,,,
USC00043491,1951,8,7,,,0.0,0.0,0.0,,,,,,,,,,,
USC00043491,1951,8,8,,,0.0,0.0,0.0,,,,,,,,,,,
USC00043491,1951,8,9,,,0.0,0.0,0.0,,,,,,,,,,,
USC00043491,1952,4,1,,,-9999.0,-9999.0,-9999.0,,,,,,,,,,,
USC00043491,1952,4,10,,,-9999.0,-9999.0,-9999.0,,,,,,,,,,,
USC00043491,1952,4,11,,,-9999.0,-9999.0,-9999.0,,,,,,,,,,,
USC00043491,1952,4,12,,,0.0,0.0,0.0,,,,,,,,,,,
USC00043491,1952,4,13,,,127.0,0.0,0.0,,,,,,,,,,,
USC00043491,1952,4,14,,,132.0,0.0,0.0,,,,,,,,,,,
USC00043491,1952,4,15,,,0.0,0.0,0.0,,,,,,,,,,,
USC00043491,1952,4,16,,,0.0,0.0,0.0,,,,,,,,,,,
USC00043491,1952,4,17,,,0.0,0.0,0.0,,,,,,,,,,,
USC00043491,1952,4,18,,,0.0,0.0,0.0,,,,,,,,,,,
USC00043491,1952,4,19,,,0.0,0.0,0.0,,,,,,,,,,,
USC00043491,1952,4,2,,,-9999.0,-9999.0,-9999.0,,,,,,,,,,,
USC00043491,1952,4,20,,,0.0,0.0,0.0,,,,,,,,,,,
USC00043491,1952,4,21,,,0.0,0.0,0.0,,,,,,,,,,,
USC00043491,1952,4,22,,,0.0,0.0,0.0,,,,,,,,,,,
USC00043491,1952,4,23,,,0.0,0.0,0.0,,,,,,,,,,,
USC00043491,1952,4,24,,,0.0,0.0,0.0,,,,,,,,,,,
USC00043491,1952,4,25,,,191.0,0.0,0.0,,,,,,,,,,,
USC00043491,1952,4,26,,,10.0,0.0,0.0,,,,,,,,,,,
USC00043491,1952,4,27,,,3.0,0.0,0.0,,,,,,,,,,,
USC00043491,1952,4,28,,,0.0,0.0,0.0,,,,,,,,,,,
USC00043491,1952,4,29,,,0.0,0.0,0.0,,,,,,,,,,,
USC00043491,1952,4,3,,,-9999.0,-9999.0,-9999.0,,,,,,,,,,,
USC00043491,1952,4,30,,,18.0,0.0,0.0,,,,,,,,,,,
USC00043491,1952,4,31,,,-9999.0,-9999.0,-9999.0,,,,,,,,,,,
USC00043491,1952,4,4,,,-9999.0,-9999.0,-9999.0,,,,,,,,,,,
USC00043491,1952,4,5,,,-9999.0,-9999.0,-9999.0,,,,,,,,,,,
USC00043491,1952,4,6,,,-9999.0,-9999.0,-9999.0,,,,,,,,,,,
USC00043491,1952,4,7,,,-9999.0,-9999.0,-9999.0,,,,,,,,,,,
USC00043491,1952,4,8,,,-9999.0,-9999.0,-9999.0,,,,,,,,,,,
USC00043491,1952,4,9,,,-9999.0,-9999.0,-9999.0,,,,,,,,,,,
USC00043491,1952,5,1,,,18.0,0.0,0.0,,,,,,,,,,,
USC00043491,1952,5,10,,,0.0,0.0,0.0,,,,,,,,,,,
USC00043491,1952,5,11,,,0.0,0.0,0.0,,,,,,,,,,,
USC00043491,1952,5,12,,,0.0,0.0,0.0,,,,,,,,,,,
USC00043491,1952,5,13,,,0.0,0.0,0.0,,,,,,,,,,,
USC00043491,1952,5,14,,,0.0,0.0,0.0,,,,,,,,,,,
USC00043491,1952,5,15,,,0.0,0.0,0.0,,,,,,,,,,,
USC00043491,1952,5,16,,,0.0,0.0,0.0,,,,,,,,,,,
USC00043491,1952,5,17,,,0.0,0.0,0.0,,,,,,,,,,,
USC00043491,1952,5,18,,,0.0,0.0,0.0,,,,,,,,,,,
USC00043491,1952,5,19,,,0.0,0.0,0.0,,,,,,,,,,,
USC00043491,1952,5,2,,,0.0,0.0,0.0,,,,,,,,,,,
USC00043491,1952,5,20,,,8.0,0.0,0.0,,,,,,,,,,,
USC00043491,1952,5,21,,,0.0,0.0,0.0,,,,,,,,,,,
USC00043491,1952,5,22,,,0.0,0.0,0.0,,,,,,,,,,,
USC00043491,1952,5,23,,,0.0,0.0,0.0,,,,,,,,,,,
USC00043491,1952,5,24,,,0.0,0.0,0.0,,,,,,,,,,,
USC00043491,1952,5,25,,,0.0,0.0,0.0,,,,,,,,,,,
USC00043491,1952,5,26,,,0.0,0.0,0.0,,,,,,,,,,,
USC00043491,1952,5,27,,,0.0,0.0,0.0,,,,,,,,,,,
USC00043491,1952,5,28,,,0.0,0.0,0.0,,,,,,,,,,,
USC00043491,1952,5,29,,,0.0,0.0,0.0,,,,,,,,,,,
USC00043491,1952,5,3,,,0.0,0.0,0.0,,,,,,,,,,,
USC00043491,1952,5,30,,,0.0,0.0,0.0,,,,,,,,,,,
USC00043491,1952,5,31,,,0.0,0.0,0.0,,,,,,,,,,,
USC00043491,1952,5,4,,,0.0,0.0,0.0,,,,,,,,,,,
USC00043491,1952,5,5,,,0.0,0.0,0.0,,,,,,,,,,,
USC00043491,1952,5,6,,,0.0,0.0,0.0,,,,,,,,,,,
USC00043491,1952,5,7,,,305.0,0.0,0.0,,,,,,,,,,,
USC00043491,1952,5,8,,,0.0,0.0,0.0,,,,,,,,,,,
USC00043491,1952,5,9,,,0.0,0.0,0.0,,,,,,,,,,,
USC00043491,1952,6,1,,,0.0,0.0,0.0,,,,,,,,,,,
USC00043491,1952,6,10,,,0.0,0.0,0.0,,,,,,,,,,,
USC00043491,1952,6,11,,,0.0,0.0,0.0,,,,,,,,,,,
USC00043491,1952,6,12,,,0.0,0.0,0.0,,,,,,,,,,,
USC00043491,1952,6,13,,,0.0,0.0,0.0,,,,,,,,,,,
USC00043491,1952,6,14,,,0.0,0.0,0.0,,,,,,,,,,,
USC00043491,1952,6,15,,,0.0,0.0,0.0,,,,,,,,,,,
USC00043491,1952,6,16,,,0.0,0.0,0.0,,,,,,,,,,,
USC00043491,1952,6,17,,,0.0,0.0,0.0,,,,,,,,,,,
USC00043491,1952,6,18,,,0.0,0.0,0.0,,,,,,,,,,,
USC00043491,1952,6,19,,,0.0,0.0,0.0,,,,,,,,,,,
USC00043491,1952,6,2,,,0.0,0.0,0.0,,,,,,,,,,,
USC00043491,1952,6,20,,,0.0,0.0,0.0,,,,,,,,,,,
USC00043491,1952,6,21,,,0.0,0.0,0.0,,,,,,,,,,,
USC00043491,1952,6,22,,,0.0,0.0,0.0,,,,,,,,,,,
USC00043491,1952,6,23,,,117.0,0.0,0.0,,,,,,,,,,,
USC00043491,1952,6,24,,,0.0,0.0,0.0,,,,,,,,,,,
USC00043491,1952,6,25,,,0.0,0.0,0.0,,,,,,,,,,,
USC00043491,1952,6,26,,,0.0,0.0,0.0,,,,,,,,,,,
USC00043491,1952,6,27,,,0.0,0.0,0.0,,,,,,,,,,,
USC00043491,1952,6,28,,,0.0,0.0,0.0,,,,,,,,,,,
USC00043491,1952,6,29,,,213.0,0.0,0.0,,,,,,,,,,,
USC00043491,1952,6,3,,,0.0,0.0,0.0,,,,,,,,,,,
USC00043491,1952,6,30,,,0.0,0.0,0.0,,,,,,,,,,,
USC00043491,1952,6,31,,,-9999.0,-9999.0,-9999.0,,,,,,,,,,,
USC00043491,1952,6,4,,,0.0,0.0,0.0,,,,,,,,,,,
USC00043491,1952,6,5,,,0.0,0.0,0.0,,,,,,,,,,,
USC00043491,1952,6,6,,,0.0,0.0,0.0,,,,,,,,,,,
USC00043491,1952,6,7,,,0.0,0.0,0.0,,,,,,,,,,,
USC00043491,1952,6,8,,,0.0,0.0,0.0,,,,,,,,,,,
USC00043491,1952,6,9,,,0.0,0.0,0.0,,,,,,,,,,,
USC00043491,1952,7,1,,,0.0,0.0,0.0,,,,,,,,,,,
USC00043491,1952,7,10,,,0.0,0.0,0.0,,,,,,,,,,,
USC00043491,1952,7,11,,,0.0,0.0,0.0,,,,,,,,,,,
USC00043491,1952,7,12,,,0.0,0.0,0.0,,,,,,,,,,,
USC00043491,1952,7,13,,,0.0,0.0,0.0,,,,,,,,,,,
USC00043491,1952,7,14,,,0.0,0.0,0.0,,,,,,,,,,,
USC00043491,1952,7,15,,,0.0,0.0,0.0,,,,,,,,,,,
USC00043491,1952,7,16,,,0.0,0.0,0.0,,,,,,,,,,,
USC00043491,1952,7,17,,,0.0,0.0,0.0,,,,,,,,,,,
USC00043491,1952,7,18,,,0.0,0.0,0.0,,,,,,,,,,,
USC00043491,1952,7,19,,,0.0,0.0,0.0,,,,,,,,,,,
USC00043491,1952,7,2,,,0.0,0.0,0.0,,,,,,,,,,,
USC00043491,1952,7,20,,,0.0,0.0,0.0,,,,,,,,,,,
USC00043491,1952,7,21,,,0.0,0.0,0.0,,,,,,,,,,,
USC00043491,1952,7,22,,,0.0,0.0,0.0,,,,,,,,,,,
USC00043491,1952,7,23,,,0.0,0.0,0.0,,,,,,,,,,,
USC00043491,1952,7,24,,,0.0,0.0,0.0,,,,,,,,,,,
USC00043491,1952,7,25,,,0.0,0.0,0.0,,,,,,,,,,,
USC00043491,1952,7,26,,,0.0,0.0,0.0,,,,,,,,,,,
USC00043491,1952,7,27,,,0.0,0.0,0.0,,,,,,,,,,,
USC00043491,1952,7,28,,,0.0,0.0,0.0,,,,,,,,,,,
USC00043491,1952,7,29,,,0.0,0.0,0.0,,,,,,,,,,,
USC00043491,1952,7,3,,,0.0,0.0,0.0,,,,,,,,,,,
USC00043491,1952,7,30,,,18.0,0.0,0.0,,,,,,,,,,,
USC00043491,1952,7,31,,,23.0,0.0,0.0,,,,,,,,,,,
USC00043491,1952,7,4,,,0.0,0.0,0.0,,,,,,,,,,,
USC00043491,1952,7,5,,,0.0,0.0,0.0,,,,,,,,,,,
USC00043491,1952,7,6,,,0.0,0.0,0.0,,,,,,,,,,,
USC00043491,1952,7,7,,,0.0,0.0,0.0,,,,,,,,,,,
USC00043491,1952,7,8,,,0.0,0.0,0.0,,,,,,,,,,,
USC00043491,1952,7,9,,,0.0,0.0,0.0,,,,,,,,,,,
USC00043491,1952,8,1,,,0.0,0.0,0.0,,,,,,,,,,,
USC00043491,1952,8,10,,,0.0,0.0,0.0,,,,,,,,,,,
USC00043491,1952,8,11,,,0.0,0.0,0.0,,,,,,,,,,,
USC00043491,1952,8,12,,,0.0,0.0,0.0,,,,,,,,,,,
USC00043491,1952,8,13,,,0.0,0.0,0.0,,,,,,,,,,,
USC00043491,1952,8,14,,,0.0,0.0,0.0,,,,,,,,,,,
USC00043491,1952,8,15,,,0.0,0.0,0.0,,,,,,,,,,,
USC00043491,1952,8,16,,,0.0,0.0,0.0,,,,,,,,,,,
USC00043491,1952,8,17,,,0.0,0.0,0.0,,,,,,,,,,,
USC00043491,1952,8,18,,,0.0,0.0,0.0,,,,,,,,,,,
USC00043491,1952,8,19,,,0.0,0.0,0.0,,,,,,,,,,,
USC00043491,1952,8,2,,,0.0,0.0,0.0,,,,,,,,,,,
USC00043491,1952,8,20,,,0.0,0.0,0.0,,,,,,,,,,,
USC00043491,1952,8,21,,,0.0,0.0,0.0,,,,,,,,,,,
USC00043491,1952,8,22,,,0.0,0.0,0.0,,,,,,,,,,,
USC00043491,1952,8,23,,,0.0,0.0,0.0,,,,,,,,,,,
USC00043491,1952,8,24,,,0.0,0.0,0.0,,,,,,,,,,,
USC00043491,1952,8,25,,,0.0,0.0,0.0,,,,,,,,,,,
USC00043491,1952,8,26,,,0.0,0.0,0.0,,,,,,,,,,,
USC00043491,1952,8,27,,,0.0,0.0,0.0,,,,,,,,,,,
USC00043491,1952,8,28,,,0.0,0.0,0.0,,,,,,,,,,,
USC00043491,1952,8,29,,,0.0,0.0,0.0,,,,,,,,,,,
USC00043491,1952,8,3,,,0.0,0.0,0.0,,,,,,,,,,,
USC00043491,1952,8,30,,,0.0,0.0,0.0,,,,,,,,,,,
USC00043491,1952,8,31,,,0.0,0.0,0.0,,,,,,,,,,,
USC00043491,1952,8,4,,,0.0,0.0,0.0,,,,,,,,,,,
USC00043491,1952,8,5,,,0.0,0.0,0.0,,,,,,,,,,,
USC00043491,1952,8,6,,,0.0,0.0,0.0,,,,,,,,,,,
USC00043491,1952,8,7,,,0.0,0.0,0.0,,,,,,,,,,,
USC00043491,1952,8,8,,,0.0,0.0,0.0,,,,,,,,,,,
USC00043491,1952,8,9,,,0.0,0.0,0.0,,,,,,,,,,,
USC00043491,1952,9,1,,,0.0,0.0,0.0,,,,,,,,,,,
USC00043491,1952,9,10,,,3.0,0.0,0.0,,,,,,,,,,,
USC00043491,1952,9,11,,,79.0,0.0,0.0,,,,,,,,,,,
USC00043491,1952,9,12,,,0.0,0.0,0.0,,,,,,,,,,,
USC00043491,1952,9,13,,,0.0,0.0,0.0,,,,,,,,,,,
USC00043491,1952,9,14,,,0.0,0.0,0.0,,,,,,,,,,,
USC00043491,1952,9,15,,,0.0,0.0,0.0,,,,,,,,,,,
USC00043491,1952,9,16,,,0.0,0.0,0.0,,,,,,,,,,,
USC00043491,1952,9,17,,,0.0,0.0,0.0,,,,,,,,,,,
USC00043491,1952,9,18,,,0.0,0.0,0.0,,,,,,,,,,,
USC00043491,1952,9,19,,,0.0,0.0,0.0,,,,,,,,,,,
USC00043491,1952,9,2,,,0.0,0.0,0.0,,,,,,,,,,,
USC00043491,1952,9,20,,,0.0,0.0,0.0,,,,,,,,,,,
USC00043491,1952,9,21,,,0.0,0.0,0.0,,,,,,,,,,,
USC00043491,1952,9,22,,,0.0,0.0,0.0,,,,,,,,,,,
USC00043491,1952,9,23,,,0.0,0.0,0.0,,,,,,,,,,,
USC00043491,1952,9,24,,,0.0,0.0,0.0,,,,,,,,,,,
USC00043491,1952,9,25,,,0.0,0.0,0.0,,,,,,,,,,,
USC00043491,1952,9,26,,,0.0,0.0,0.0,,,,,,,,,,,
USC00043491,1952,9,27,,,0.0,0.0,0.0,,,,,,,,,,,
USC00043491,1952,9,28,,,0.0,0.0,0.0,,,,,,,,,,,
USC00043491,1952,9,29,,,0.0,0.0,0.0,,,,,,,,,,,
USC00043491,1952,9,3,,,0.0,0.0,0.0,,,,,,,,,,,
USC00043491,1952,9,30,,,0.0,0.0,0.0,,,,,,,,,,,
USC00043491,1952,9,31,,,-9999.0,-9999.0,-9999.0,,,,,,,,,,,
USC00043491,1952,9,4,,,0.0,0.0,0.0,,,,,,,,,,,
USC00043491,1952,9,5,,,0.0,0.0,0.0,,,,,,,,,,,
USC00043491,1952,9,6,,,5.0,0.0,0.0,,,,,,,,,,,
USC00043491,1952,9,7,,,0.0,0.0,0.0,,,,,,,,,,,
USC00043491,1952,9,8,,,0.0,0.0,0.0,,,,,,,,,,,
USC00043491,1952,9,9,,,33.0,0.0,0.0,,,,,,,,,,,
USC00043491,1952,10,1,,,0.0,0.0,0.0,,,,,,,,,,,
USC00043491,1952,10,10,,,0.0,0.0,0.0,,,,,,,,,,,
USC00043491,1952,10,11,,,0.0,0.0,0.0,,,,,,,,,,,
USC00043491,1952,10,12,,,0.0,0.0,0.0,,,,,,,,,,,
USC00043491,1952,10,13,,,0.0,0.0,0.0,,,,,,,,,,,
USC00043491,1952,10,14,,,0.0,0.0,0.0,,,,,,,,,,,
USC00043491,1952,10,15,,,0.0,0.0,0.0,,,,,,,,,,,
USC00043491,1952,10,16,,,0.0,0.0,0.0,,,,,,,,,,,
USC00043491,1952,10,17,,,0.0,0.0,0.0,,,,,,,,,,,
USC00043491,1952,10,18,,,8.0,0.0,0.0,,,,,,,,,,,
USC00043491,1952,10,19,,,0.0,0.0,0.0,,,,,,,,,,,
USC00043491,1952,10,2,,,0.0,0.0,0.0,,,,,,,,,,,
USC00043491,1952,10,20,,,0.0,0.0,0.0,,,,,,,,,,,
USC00043491,1952,10,21,,,0.0,0.0,0.0,,,,,,,,,,,
USC00043491,1952,10,22,,,0.0,0.0,0.0,,,,,,,,,,,
USC00043491,1952,10,23,,,0.0,0.0,0.0,,,,,,,,,,,
USC00043491,1952,10,24,,,0.0,0.0,0.0,,,,,,,,,,,
USC00043491,1952,10,25,,,0.0,0.0,0.0,,,,,,,,,,,
USC00043491,1952,10,26,,,0.0,0.0,0.0,,,,,,,,,,,
USC00043491,1952,10,27,,,0.0,0.0,0.0,,,,,,,,,,,
USC00043491,1952,10,28,,,0.0,0.0,0.0,,,,,,,,,,,
USC00043491,1952,10,29,,,0.0,0.0,0.0,,,,,,,,,,,
USC00043491,1952,10,3,,,0.0,0.0,0.0,,,,,,,,,,,
USC00043491,1952,10,30,,,0.0,0.0,0.0,,,,,,,,,,,
USC00043491,1952,10,31,,,0.0,0.0,0.0,,,,,,,,,,,
USC00043491,1952,10,4,,,0.0,0.0,0.0,,,,,,,,,,,
USC00043491,1952,10,5,,,0.0,0.0,0.0,,,,,,,,,,,
USC00043491,1952,10,6,,,0.0,0.0,0.0,,,,,,,,,,,
USC00043491,1952,10,7,,,0.0,0.0,0.0,,,,,,,,,,,
USC00043491,1952,10,8,,,0.0,0.0,0.0,,,,,,,,,,,
USC00043491,1952,10,9,,,0.0,0.0,0.0,,,,,,,,,,,
USC00043491,1952,11,1,,,0.0,0.0,0.0,,,,,,,,,,,
USC00043491,1952,11,10,,,0.0,0.0,0.0,,,,,,,,,,,
USC00043491,1952,11,11,,,0.0,0.0,0.0,,,,,,,,,,,
USC00043491,1952,11,12,,,163.0,0.0,0.0,,,,,,,,,,,
USC00043491,1952,11,13,,,218.0,0.0,0.0,,,,,,,,,,,
USC00043491,1952,11,14,,,488.0,0.0,0.0,,,,,,,,,,,
USC00043491,1952,11,15,,,99.0,0.0,0.0,,,,,,,,,,,
USC00043491,1952,11,16,,,0.0,0.0,0.0,,,,,,,,,,,
USC00043491,1952,11,17,,,0.0,0.0,0.0,,,,,,,,,,,
USC00043491,1952,11,18,,,0.0,0.0,0.0,,,,,,,,,,,
USC00043491,1952,11,19,,,0.0,0.0,0.0,,,,,,,,,,,
USC00043491,1952,11,2,,,0.0,0.0,0.0,,,,,,,,,,,
USC00043491,1952,11,20,,,0.0,0.0,0.0,,,,,,,,,,,
USC00043491,1952,11,21,,,0.0,0.0,0.0,,,,,,,,,,,
USC00043491,1952,11,22,,,0.0,0.0,0.0,,,,,,,,,,,
USC00043491,1952,11,23,,,0.0,0.0,0.0,,,,,,,,,,,
USC00043491,1952,11,24,,,0.0,0.0,0.0,,,,,,,,,,,
USC00043491,1952,11,25,,,0.0,0.0,0.0,,,,,,,,,,,
USC00043491,1952,11,26,,,0.0,0.0,0.0,,,,,,,,,,,
USC00043491,1952,11,27,,,0.0,0.0,0.0,,,,,,,,,,,
USC00043491,1952,11,28,,,0.0,0.0,0.0,,,,,,,,,,,
USC00043491,1952,11,29,,,0.0,0.0,0.0,,,,,,,,,,,
USC00043491,1952,11,3,,,0.0,0.0,0.0,,,,,,,,,,,
USC00043491,1952,11,30,,,0.0,0.0,0.0,,,,,,,,,,,
USC00043491,1952,11,31,,,-9999.0,-9999.0,-9999.0,,,,,,,,,,,
USC00043491,1952,11,4,,,0.0,0.0,0.0,,,,,,,,,,,
USC00043491,1952,11,5,,,0.0,0.0,0.0,,,,,,,,,,,
USC00043491,1952,11,6,,,0.0,0.0,0.0,,,,,,,,,,,
USC00043491,1952,11,7,,,0.0,0.0,0.0,,,,,,,,,,,
USC00043491,1952,11,8,,,0.0,0.0,0.0,,,,,,,,,,,
USC00043491,1952,11,9,,,0.0,0.0,0.0,,,,,,,,,,,
USC00043491,1952,12,1,,,391.0,0.0,0.0,,,,,,,,,,,
USC00043491,1952,12,10,,,152.0,0.0,0.0,,,,,,,,,,,
USC00043491,1952,12,11,,,3.0,0.0,0.0,,,,,,,,,,,
USC00043491,1952,12,12,,,0.0,0.0,0.0,,,,,,,,,,,
USC00043491,1952,12,13,,,0.0,0.0,0.0,,,,,,,,,,,
USC00043491,1952,12,14,,,0.0,0.0,0.0,,,,,,,,,,,
USC00043491,1952,12,15,,,0.0,0.0,0.0,,,,,,,,,,,
USC00043491,1952,12,16,,,0.0,0.0,0.0,,,,,,,,,,,
USC00043491,1952,12,17,,,0.0,0.0,0.0,,,,,,,,,,,
USC00043491,1952,12,18,,,0.0,0.0,0.0,,,,,,,,,,,
USC00043491,1952,12,19,,,376.0,0.0,0.0,,,,,,,,,,,
USC00043491,1952,12,2,,,333.0,0.0,0.0,,,,,,,,,,,
USC00043491,1952,12,20,,,140.0,0.0,0.0,,,,,,,,,,,
USC00043491,1952,12,21,,,0.0,0.0,0.0,,,,,,,,,,,
USC00043491,1952,12,22,,,0.0,0.0,0.0,,,,,,,,,,,
USC00043491,1952,12,23,,,0.0,0.0,0.0,,,,,,,,,,,
USC00043491,1952,12,24,,,5.0,0.0,0.0,,,,,,,,,,,
USC00043491,1952,12,25,,,89.0,0.0,0.0,,,,,,,,,,,
USC00043491,1952,12,26,,,119.0,0.0,0.0,,,,,,,,,,,
USC00043491,1952,12,27,,,145.0,0.0,0.0,,,,,,,,,,,
USC00043491,1952,12,28,,,0.0,0.0,0.0,,,,,,,,,,,
USC00043491,1952,12,29,,,41.0,0.0,0.0,,,,,,,,,,,
USC00043491,1952,12,3,,,76.0,0.0,0.0,,,,,,,,,,,
USC00043491,1952,12,30,,,404.0,0.0,0.0,,,,,,,,,,,
USC00043491,1952,12,31,,,10.0,0.0,0.0,,,,,,,,,,,
USC00043491,1952,12,4,,,0.0,0.0,0.0,,,,,,,,,,,
USC00043491,1952,12,5,,,241.0,0.0,0.0,,,,,,,,,,,
USC00043491,1952,12,6,,,25.0,0.0,0.0,,,,,,,,,,,
USC00043491,1952,12,7,,,757.0,0.0,0.0,,,,,,,,,,,
USC00043491,1952,12,8,,,188.0,0.0,0.0,,,,,,,,,,,
USC00043491,1952,12,9,,,145.0,0.0,0.0,,,,,,,,,,,
USC00043491,1953,1,1,,,76.0,0.0,0.0,,,,,,,,,,,
USC00043491,1953,1,10,,,0.0,0.0,0.0,,,,,,,,,,,
USC00043491,1953,1,11,,,0.0,0.0,0.0,,,,,,,,,,,
USC00043491,1953,1,12,,,216.0,0.0,0.0,,,,,,,,,,,
USC00043491,1953,1,13,,,671.0,0.0,0.0,,,,,,,,,,,
USC00043491,1953,1,14,,,140.0,0.0,0.0,,,,,,,,,,,
USC00043491,1953,1,15,,,0.0,0.0,0.0,,,,,,,,,,,
USC00043491,1953,1,16,,,0.0,0.0,0.0,,,,,,,,,,,
USC00043491,1953,1,17,,,203.0,0.0,0.0,,,,,,,,,,,
USC00043491,1953,1,18,,,389.0,0.0,0.0,,,,,,,,,,,
USC00043491,1953,1,19,,,211.0,0.0,0.0,,,,,,,,,,,
USC00043491,1953,1,2,,,8.0,0.0,0.0,,,,,,,,,,,
USC00043491,1953,1,20,,,381.0,0.0,0.0,,,,,,,,,,,
USC00043491,1953,1,21,,,8.0,0.0,0.0,,,,,,,,,,,
USC00043491,1953,1,22,,,0.0,0.0,0.0,,,,,,,,,,,
USC00043491,1953,1,23,,,0.0,0.0,0.0,,,,,,,,,,,
USC00043491,1953,1,24,,,0.0,0.0,0.0,,,,,,,,,,,
USC00043491,1953,1,25,,,0.0,0.0,0.0,,,,,,,,,,,
USC00043491,1953,1,26,,,0.0,0.0,0.0,,,,,,,,,,,
USC00043491,1953,1,27,,,0.0,0.0,0.0,,,,,,,,,,,
USC00043491,1953,1,28,,,0.0,0.0,0.0,,,,,,,,,,,
USC00043491,1953,1,29,,,0.0,0.0,0.0,,,,,,,,,,,
USC00043491,1953,1,3,,,0.0,0.0,0.0,,,,,,,,,,,
USC00043491,1953,1,30,,,0.0,0.0,0.0,,,,,,,,,,,
USC00043491,1953,1,31,,,0.0,0.0,0.0,,,,,,,,,,,
USC00043491,1953,1,4,,,0.0,0.0,0.0,,,,,,,,,,,
USC00043491,1953,1,5,,,0.0,0.0,0.0,,,,,,,,,,,
USC00043491,1953,1,6,,,292.0,0.0,0.0,,,,,,,,,,,
USC00043491,1953,1,7,,,244.0,0.0,0.0,,,,,,,,,,,
USC00043491,1953,1,8,,,320.0,0.0,0.0,,,,,,,,,,,
USC00043491,1953,1,9,,,394.0,0.0,0.0,,,,,,,,,,,
USC00043491,1953,2,1,,,0.0,0.0,0.0,,,,,,,,,,,
USC00043491,1953,2,10,,,0.0,0.0,0.0,,,,,,,,,,,
USC00043491,1953,2,11,,,0.0,0.0,0.0,,,,,,,,,,,
USC00043491,1953,2,12,,,0.0,0.0,0.0,,,,,,,,,,,
USC00043491,1953,2,13,,,0.0,0.0,0.0,,,,,,,,,,,
USC00043491,1953,2,14,,,0.0,0.0,0.0,,,,,,,,,,,
USC00043491,1953,2,15,,,0.0,0.0,0.0,,,,,,,,,,,
USC00043491,1953,2,16,,,0.0,0.0,0.0,,,,,,,,,,,
USC00043491,1953,2,17,,,0.0,0.0,0.0,,,,,,,,,,,
USC00043491,1953,2,18,,,3.0,0.0,0.0,,,,,,,,,,,
USC00043491,1953,2,19,,,0.0,0.0,0.0,,,,,,,,,,,
USC00043491,1953,2,2,,,0.0,0.0,0.0,,,,,,,,,,,
USC00043491,1953,2,20,,,0.0,0.0,0.0,,,,,,,,,,,
USC00043491,1953,2,21,,,0.0,0.0,0.0,,,,,,,,,,,
USC00043491,1953,2,22,,,0.0,0.0,0.0,,,,,,,,,,,
USC00043491,1953,2,23,,,0.0,0.0,0.0,,,,,,,,,,,
USC00043491,1953,2,24,,,0.0,0.0,0.0,,,,,,,,,,,
USC00043491,1953,2,25,,,0.0,0.0,0.0,,,,,,,,,,,
USC00043491,1953,2,26,,,0.0,0.0,0.0,,,,,,,,,,,
USC00043491,1953,2,27,,,0.0,0.0,0.0,,,,,,,,,,,
USC00043491,1953,2,28,,,0.0,0.0,0.0,,,,,,,,,,,
USC00043491,1953,2,29,,,-9999.0,-9999.0,-9999.0,,,,,,,,,,,
USC00043491,1953,2,3,,,0.0,0.0,0.0,,,,,,,,,,,
USC00043491,1953,2,30,,,-9999.0,-9999.0,-9999.0,,,,,,,,,,,
USC00043491,1953,2,31,,,-9999.0,-9999.0,-9999.0,,,,,,,,,,,
USC00043491,1953,2,4,,,0.0,0.0,0.0,,,,,,,,,,,
USC00043491,1953,2,5,,,48.0,0.0,0.0,,,,,,,,,,,
USC00043491,1953,2,6,,,0.0,0.0,0.0,,,,,,,,,,,
USC00043491,1953,2,7,,,0.0,0.0,0.0,,,,,,,,,,,
USC00043491,1953,2,8,,,38.0,0.0,0.0,,,,,,,,,,,
USC00043491,1953,2,9,,,0.0,0.0,0.0,,,,,,,,,,,
USC00043491,1953,3,1,,,183.0,,,,,,,,,,,,,
USC00043491,1953,3,10,,,424.0,,,,,,,,,,,,,
USC00043491,1953,3,11,,,74.0,,,,,,,,,,,,,
USC00043491,1953,3,12,,,335.0,,,,,,,,,,,,,
USC00043491,1953,3,13,,,0.0,,,,,,,,,,,,,
USC00043491,1953,3,14,,,0.0,,,,,,,,,,,,,
USC00043491,1953,3,15,,,0.0,,,,,,,,,,,,,
USC00043491,1953,3,16,,,48.0,,,,,,,,,,,,,
USC00043491,1953,3,17,,,25.0,,,,,,,,,,,,,
USC00043491,1953,3,18,,,0.0,,,,,,,,,,,,,
USC00043491,1953,3,19,,,602.0,,,,,,,,,,,,,
USC00043491,1953,3,2,,,0.0,,,,,,,,,,,,,
USC00043491,1953,3,20,,,173.0,,,,,,,,,,,,,
USC00043491,1953,3,21,,,175.0,,,,,,,,,,,,,
USC00043491,1953,3,22,,,0.0,,,,,,,,,,,,,
USC00043491,1953,3,23,,,0.0,,,,,,,,,,,,,
USC00043491,1953,3,24,,,0.0,,,,,,,,,,,,,
USC00043491,1953,3,25,,,0.0,,,,,,,,,,,,,
USC00043491,1953,3,26,,,0.0,,,,,,,,,,,,,
USC00043491,1953,3,27,,,0.0,,,,,,,,,,,,,
USC00043491,1953,3,28,,,0.0,,,,,,,,,,,,,
USC00043491,1953,3,29,,,41.0,,,,,,,,,,,,,
USC00043491,1953,3,3,,,0.0,,,,,,,,,,,,,
USC00043491,1953,3,30,,,0.0,,,,,,,,,,,,,
USC00043491,1953,3,31,,,0.0,,,,,,,,,,,,,
USC00043491,1953,3,4,,,0.0,,,,,,,,,,,,,
USC00043491,1953,3,5,,,0.0,,,,,,,,,,,,,
USC00043491,1953,3,6,,,0.0,,,,,,,,,,,,,
USC00043491,1953,3,7,,,0.0,,,,,,,,,,,,,
USC00043491,1953,3,8,,,-9999.0,,,,,,,,,,,,,
USC00043491,1953,3,9,,,0.0,,,,,,,,,,,,,
USC00043491,1953,4,1,,,0.0,,,,,,,,,,,,,
USC00043491,1953,4,10,,,246.0,,,,,,,,,,,,,
USC00043491,1953,4,11,,,3.0,,,,,,,,,,,,,
USC00043491,1953,4,12,,,0.0,,,,,,,,,,,,,
USC00043491,1953,4,13,,,0.0,,,,,,,,,,,,,
USC00043491,1953,4,14,,,0.0,,,,,,,,,,,,,
USC00043491,1953,4,15,,,0.0,,,,,,,,,,,,,
USC00043491,1953,4,16,,,97.0,,,,,,,,,,,,,
USC00043491,1953,4,17,,,178.0,,,,,,,,,,,,,
USC00043491,1953,4,18,,,0.0,,,,,,,,,,,,,
USC00043491,1953,4,19,,,5.0,,,,,,,,,,,,,
USC00043491,1953,4,2,,,0.0,,,,,,,,,,,,,
USC00043491,1953,4,20,,,64.0,,,,,,,,,,,,,
USC00043491,1953,4,21,,,0.0,,,,,,,,,,,,,
USC00043491,1953,4,22,,,0.0,,,,,,,,,,,,,
USC00043491,1953,4,23,,,0.0,,,,,,,,,,,,,
USC00043491,1953,4,24,,,0.0,,,,,,,,,,,,,
USC00043491,1953,4,25,,,0.0,,,,,,,,,,,,,
USC00043491,1953,4,26,,,0.0,,,,,,,,,,,,,
USC00043491,1953,4,27,,,980.0,,,,,,,,,,,,,
USC00043491,1953,4,28,,,41.0,,,,,,,,,,,,,
USC00043491,1953,4,29,,,203.0,,,,,,,,,,,,,
USC00043491,1953,4,3,,,0.0,,,,,,,,,,,,,
USC00043491,1953,4,30,,,15.0,,,,,,,,,,,,,
USC00043491,1953,4,31,,,-9999.0,,,,,,,,,,,,,
USC00043491,1953,4,4,,,0.0,,,,,,,,,,,,,
USC00043491,1953,4,5,,,0.0,,,,,,,,,,,,,
USC00043491,1953,4,6,,,0.0,,,,,,,,,,,,,
USC00043491,1953,4,7,,,5.0,,,,,,,,,,,,,
USC00043491,1953,4,8,,,30.0,,,,,,,,,,,,,
USC00043491,1953,4,9,,,23.0,,,,,,,,,,,,,
USC00043491,1953,5,1,,,48.0,0.0,0.0,,,,,,,,,,,
USC00043491,1953,5,10,,,0.0,0.0,0.0,,,,,,,,,,,
USC00043491,1953,5,11,,,0.0,0.0,0.0,,,,,,,,,,,
USC00043491,1953,5,12,,,0.0,0.0,0.0,,,,,,,,,,,
USC00043491,1953,5,13,,,0.0,0.0,0.0,,,,,,,,,,,
USC00043491,1953,5,14,,,0.0,0.0,0.0,,,,,,,,,,,
USC00043491,1953,5,15,,,25.0,0.0,0.0,,,,,,,,,,,
USC00043491,1953,5,16,,,33.0,0.0,0.0,,,,,,,,,,,
USC00043491,1953,5,17,,,0.0,0.0,0.0,,,,,,,,,,,
USC00043491,1953,5,18,,,0.0,0.0,0.0,,,,,,,,,,,
USC00043491,1953,5,19,,,221.0,0.0,0.0,,,,,,,,,,,
USC00043491,1953,5,2,,,0.0,0.0,0.0,,,,,,,,,,,
USC00043491,1953,5,20,,,0.0,0.0,0.0,,,,,,,,,,,
USC00043491,1953,5,21,,,124.0,0.0,0.0,,,,,,,,,,,
USC00043491,1953,5,22,,,0.0,0.0,0.0,,,,,,,,,,,
USC00043491,1953,5,23,,,71.0,0.0,0.0,,,,,,,,,,,
USC00043491,1953,5,24,,,64.0,0.0,0.0,,,,,,,,,,,
USC00043491,1953,5,25,,,157.0,0.0,0.0,,,,,,,,,,,
USC00043491,1953,5,26,,,43.0,0.0,0.0,,,,,,,,,,,
USC00043491,1953,5,27,,,25.0,0.0,0.0,,,,,,,,,,,
USC00043491,1953,5,28,,,0.0,0.0,0.0,,,,,,,,,,,
USC00043491,1953,5,29,,,43.0,0.0,0.0,,,,,,,,,,,
USC00043491,1953,5,3,,,0.0,0.0,0.0,,,,,,,,,,,
USC00043491,1953,5,30,,,0.0,0.0,0.0,,,,,,,,,,,
USC00043491,1953,5,31,,,0.0,0.0,0.0,,,,,,,,,,,
USC00043491,1953,5,4,,,0.0,0.0,0.0,,,,,,,,,,,
USC00043491,1953,5,5,,,0.0,0.0,0.0,,,,,,,,,,,
USC00043491,1953,5,6,,,0.0,0.0,0.0,,,,,,,,,,,
USC00043491,1953,5,7,,,8.0,0.0,0.0,,,,,,,,,,,
USC00043491,1953,5,8,,,81.0,0.0,0.0,,,,,,,,,,,
USC00043491,1953,5,9,,,30.0,0.0,0.0,,,,,,,,,,,
USC00043491,1953,6,1,,,15.0,0.0,0.0,,,,,,,,,,,
USC00043491,1953,6,10,,,0.0,0.0,0.0,,,,,,,,,,,
USC00043491,1953,6,11,,,0.0,0.0,0.0,,,,,,,,,,,
USC00043491,1953,6,12,,,91.0,0.0,0.0,,,,,,,,,,,
USC00043491,1953,6,13,,,0.0,0.0,0.0,,,,,,,,,,,
USC00043491,1953,6,14,,,0.0,0.0,0.0,,,,,,,,,,,
USC00043491,1953,6,15,,,0.0,0.0,0.0,,,,,,,,,,,
USC00043491,1953,6,16,,,0.0,0.0,0.0,,,,,,,,,,,
USC00043491,1953,6,17,,,0.0,0.0,0.0,,,,,,,,,,,
USC00043491,1953,6,18,,,0.0,0.0,0.0,,,,,,,,,,,
USC00043491,1953,6,19,,,0.0,0.0,0.0,,,,,,,,,,,
USC00043491,1953,6,2,,,0.0,0.0,0.0,,,,,,,,,,,
USC00043491,1953,6,20,,,0.0,0.0,0.0,,,,,,,,,,,
USC00043491,1953,6,21,,,0.0,0.0,0.0,,,,,,,,,,,
USC00043491,1953,6,22,,,0.0,0.0,0.0,,,,,,,,,,,
USC00043491,1953,6,23,,,0.0,0.0,0.0,,,,,,,,,,,
USC00043491,1953,6,24,,,0.0,0.0,0.0,,,,,,,,,,,
USC00043491,1953,6,25,,,0.0,0.0,0.0,,,,,,,,,,,
USC00043491,1953,6,26,,,0.0,0.0,0.0,,,,,,,,,,,
USC00043491,1953,6,27,,,0.0,0.0,0.0,,,,,,,,,,,
USC00043491,1953,6,28,,,0.0,0.0,0.0,,,,,,,,,,,
USC00043491,1953,6,29,,,0.0,0.0,0.0,,,,,,,,,,,
USC00043491,1953,6,3,,,0.0,0.0,0.0,,,,,,,,,,,
USC00043491,1953,6,30,,,0.0,0.0,0.0,,,,,,,,,,,
USC00043491,1953,6,31,,,-9999.0,-9999.0,-9999.0,,,,,,,,,,,
USC00043491,1953,6,4,,,0.0,0.0,0.0,,,,,,,,,,,
USC00043491,1953,6,5,,,0.0,0.0,0.0,,,,,,,,,,,
USC00043491,1953,6,6,,,229.0,0.0,0.0,,,,,,,,,,,
USC00043491,1953,6,7,,,56.0,0.0,0.0,,,,,,,,,,,
USC00043491,1953,6,8,,,0.0,0.0,0.0,,,,,,,,,,,
USC00043491,1953,6,9,,,0.0,0.0,0.0,,,,,,,,,,,
USC00043491,1953,7,1,,,0.0,0.0,0.0,,,,,,,,,,,
USC00043491,1953,7,10,,,0.0,0.0,0.0,,,,,,,,,,,
USC00043491,1953,7,11,,,0.0,0.0,0.0,,,,,,,,,,,
USC00043491,1953,7,12,,,0.0,0.0,0.0,,,,,,,,,,,
USC00043491,1953,7,13,,,0.0,0.0,0.0,,,,,,,,,,,
USC00043491,1953,7,14,,,0.0,0.0,0.0,,,,,,,,,,,
USC00043491,1953,7,15,,,0.0,0.0,0.0,,,,,,,,,,,
USC00043491,1953,7,16,,,0.0,0.0,0.0,,,,,,,,,,,
USC00043491,1953,7,17,,,0.0,0.0,0.0,,,,,,,,,,,
USC00043491,1953,7,18,,,0.0,0.0,0.0,,,,,,,,,,,
USC00043491,1953,7,19,,,0.0,0.0,0.0,,,,,,,,,,,
USC00043491,1953,7,2,,,0.0,0.0,0.0,,,,,,,,,,,
USC00043491,1953,7,20,,,0.0,0.0,0.0,,,,,,,,,,,
USC00043491,1953,7,21,,,0.0,0.0,0.0,,,,,,,,,,,
USC00043491,1953,7,22,,,0.0,0.0,0.0,,,,,,,,,,,
USC00043491,1953,7,23,,,0.0,0.0,0.0,,,,,,,,,,,
USC00043491,1953,7,24,,,0.0,0.0,0.0,,,,,,,,,,,
USC00043491,1953,7,25,,,0.0,0.0,0.0,,,,,,,,,,,
USC00043491,1953,7,26,,,0.0,0.0,0.0,,,,,,,,,,,
USC00043491,1953,7,27,,,0.0,0.0,0.0,,,,,,,,,,,
USC00043491,1953,7,28,,,0.0,0.0,0.0,,,,,,,,,,,
USC00043491,1953,7,29,,,0.0,0.0,0.0,,,,,,,,,,,
USC00043491,1953,7,3,,,0.0,0.0,0.0,,,,,,,,,,,
USC00043491,1953,7,30,,,0.0,0.0,0.0,,,,,,,,,,,
USC00043491,1953,7,31,,,0.0,0.0,0.0,,,,,,,,,,,
USC00043491,1953,7,4,,,0.0,0.0,0.0,,,,,,,,,,,
USC00043491,1953,7,5,,,0.0,0.0,0.0,,,,,,,,,,,
USC00043491,1953,7,6,,,0.0,0.0,0.0,,,,,,,,,,,
USC00043491,1953,7,7,,,0.0,0.0,0.0,,,,,,,,,,,
USC00043491,1953,7,8,,,0.0,0.0,0.0,,,,,,,,,,,
USC00043491,1953,7,9,,,0.0,0.0,0.0,,,,,,,,,,,
USC00043491,1953,8,1,,,0.0,0.0,0.0,,,,,,,,,,,
USC00043491,1953,8,10,,,0.0,0.0,0.0,,,,,,,,,,,
USC00043491,1953,8,11,,,0.0,0.0,0.0,,,,,,,,,,,
USC00043491,1953,8,12,,,0.0,0.0,0.0,,,,,,,,,,,
USC00043491,1953,8,13,,,0.0,0.0,0.0,,,,,,,,,,,
USC00043491,1953,8,14,,,0.0,0.0,0.0,,,,,,,,,,,
USC00043491,1953,8,15,,,0.0,0.0,0.0,,,,,,,,,,,
USC00043491,1953,8,16,,,0.0,0.0,0.0,,,,,,,,,,,
USC00043491,1953,8,17,,,0.0,0.0,0.0,,,,,,,,,,,
USC00043491,1953,8,18,,,0.0,0.0,0.0,,,,,,,,,,,
USC00043491,1953,8,19,,,0.0,0.0,0.0,,,,,,,,,,,
USC00043491,1953,8,2,,,0.0,0.0,0.0,,,,,,,,,,,
USC00043491,1953,8,20,,,0.0,0.0,0.0,,,,,,,,,,,
USC00043491,1953,8,21,,,0.0,0.0,0.0,,,,,,,,,,,
USC00043491,1953,8,22,,,0.0,0.0,0.0,,,,,,,,,,,
USC00043491,1953,8,23,,,0.0,0.0,0.0,,,,,,,,,,,
USC00043491,1953,8,24,,,0.0,0.0,0.0,,,,,,,,,,,
USC00043491,1953,8,25,,,0.0,0.0,0.0,,,,,,,,,,,
USC00043491,1953,8,26,,,0.0,0.0,0.0,,,,,,,,,,,
USC00043491,1953,8,27,,,0.0,0.0,0.0,,,,,,,,,,,
USC00043491,1953,8,28,,,0.0,0.0,0.0,,,,,,,,,,,
USC00043491,1953,8,29,,,0.0,0.0,0.0,,,,,,,,,,,
USC00043491,1953,8,3,,,0.0,0.0,0.0,,,,,,,,,,,
USC00043491,1953,8,30,,,0.0,0.0,0.0,,,,,,,,,,,
USC00043491,1953,8,31,,,3.0,0.0,0.0,,,,,,,,,,,
USC00043491,1953,8,4,,,0.0,0.0,0.0,,,,,,,,,,,
USC00043491,1953,8,5,,,0.0,0.0,0.0,,,,,,,,,,,
USC00043491,1953,8,6,,,0.0,0.0,0.0,,,,,,,,,,,
USC00043491,1953,8,7,,,0.0,0.0,0.0,,,,,,,,,,,
USC00043491,1953,8,8,,,0.0,0.0,0.0,,,,,,,,,,,
USC00043491,1953,8,9,,,0.0,0.0,0.0,,,,,,,,,,,
USC00043491,1953,9,1,,,0.0,0.0,0.0,,,,,,,,,,,
USC00043491,1953,9,10,,,0.0,0.0,0.0,,,,,,,,,,,
USC00043491,1953,9,11,,,0.0,0.0,0.0,,,,,,,,,,,
USC00043491,1953,9,12,,,0.0,0.0,0.0,,,,,,,,,,,
USC00043491,1953,9,13,,,0.0,0.0,0.0,,,,,,,,,,,
USC00043491,1953,9,14,,,0.0,0.0,0.0,,,,,,,,,,,
USC00043491,1953,9,15,,,0.0,0.0,0.0,,,,,,,,,,,
USC00043491,1953,9,16,,,0.0,0.0,0.0,,,,,,,,,,,
USC00043491,1953,9,17,,,0.0,0.0,0.0,,,,,,,,,,,
USC00043491,1953,9,18,,,0.0,0.0,0.0,,,,,,,,,,,
USC00043491,1953,9,19,,,0.0,0.0,0.0,,,,,,,,,,,
USC00043491,1953,9,2,,,0.0,0.0,0.0,,,,,,,,,,,
USC00043491,1953,9,20,,,0.0,0.0,0.0,,,,,,,,,,,
USC00043491,1953,9,21,,,0.0,0.0,0.0,,,,,,,,,,,
USC00043491,1953,9,22,,,0.0,0.0,0.0,,,,,,,,,,,
USC00043491,1953,9,23,,,0.0,0.0,0.0,,,,,,,,,,,
USC00043491,1953,9,24,,,0.0,0.0,0.0,,,,,,,,,,,
USC00043491,1953,9,25,,,0.0,0.0,0.0,,,,,,,,,,,
USC00043491,1953,9,26,,,0.0,0.0,0.0,,,,,,,,,,,
USC00043491,1953,9,27,,,0.0,0.0,0.0,,,,,,,,,,,
USC00043491,1953,9,28,,,0.0,0.0,0.0,,,,,,,,,,,
USC00043491,1953,9,29,,,0.0,0.0,0.0,,,,,,,,,,,
USC00043491,1953,9,3,,,0.0,0.0,0.0,,,,,,,,,,,
USC00043491,1953,9,30,,,0.0,0.0,0.0,,,,,,,,,,,
USC00043491,1953,9,31,,,-9999.0,-9999.0,-9999.0,,,,,,,,,,,
USC00043491,1953,9,4,,,0.0,0.0,0.0,,,,,,,,,,,
USC00043491,1953,9,5,,,0.0,0.0,0.0,,,,,,,,,,,
USC00043491,1953,9,6,,,0.0,0.0,0.0,,,,,,,,,,,
USC00043491,1953,9,7,,,0.0,0.0,0.0,,,,,,,,,,,
USC00043491,1953,9,8,,,0.0,0.0,0.0,,,,,,,,,,,
USC00043491,1953,9,9,,,0.0,0.0,0.0,,,,,,,,,,,
USC00043491,1953,10,1,,,0.0,0.0,0.0,,,,,,,,,,,
USC00043491,1953,10,10,,,132.0,0.0,0.0,,,,,,,,,,,
USC00043491,1953,10,11,,,0.0,0.0,0.0,,,,,,,,,,,
USC00043491,1953,10,12,,,0.0,0.0,0.0,,,,,,,,,,,
USC00043491,1953,10,13,,,0.0,0.0,0.0,,,,,,,,,,,
USC00043491,1953,10,14,,,0.0,0.0,0.0,,,,,,,,,,,
USC00043491,1953,10,15,,,0.0,0.0,0.0,,,,,,,,,,,
USC00043491,1953,10,16,,,0.0,0.0,0.0,,,,,,,,,,,
USC00043491,1953,10,17,,,0.0,0.0,0.0,,,,,,,,,,,
USC00043491,1953,10,18,,,513.0,0.0,0.0,,,,,,,,,,,
USC00043491,1953,10,19,,,0.0,0.0,0.0,,,,,,,,,,,
USC00043491,1953,10,2,,,0.0,0.0,0.0,,,,,,,,,,,
USC00043491,1953,10,20,,,0.0,0.0,0.0,,,,,,,,,,,
USC00043491,1953,10,21,,,0.0,0.0,0.0,,,,,,,,,,,
USC00043491,1953,10,22,,,0.0,0.0,0.0,,,,,,,,,,,
USC00043491,1953,10,23,,,0.0,0.0,0.0,,,,,,,,,,,
USC00043491,1953,10,24,,,0.0,0.0,0.0,,,,,,,,,,,
USC00043491,1953,10,25,,,0.0,0.0,0.0,,,,,,,,,,,
USC00043491,1953,10,26,,,0.0,0.0,0.0,,,,,,,,,,,
USC00043491,1953,10,27,,,0.0,0.0,0.0,,,,,,,,,,,
USC00043491,1953,10,28,,,0.0,0.0,0.0,,,,,,,,,,,
USC00043491,1953,10,29,,,0.0,0.0,0.0,,,,,,,,,,,
USC00043491,1953,10,3,,,0.0,0.0,0.0,,,,,,,,,,,
USC00043491,1953,10,30,,,0.0,0.0,0.0,,,,,,,,,,,
USC00043491,1953,10,31,,,0.0,0.0,0.0,,,,,,,,,,,
USC00043491,1953,10,4,,,0.0,0.0,0.0,,,,,,,,,,,
USC00043491,1953,10,5,,,0.0,0.0,0.0,,,,,,,,,,,
USC00043491,1953,10,6,,,0.0,0.0,0.0,,,,,,,,,,,
USC00043491,1953,10,7,,,0.0,0.0,0.0,,,,,,,,,,,
USC00043491,1953,10,8,,,0.0,0.0,0.0,,,,,,,,,,,
USC00043491,1953,10,9,,,0.0,0.0,0.0,,,,,,,,,,,
USC00043491,1953,11,1,,,0.0,0.0,0.0,,,,,,,,,,,
USC00043491,1953,11,10,,,170.0,0.0,0.0,,,,,,,,,,,
USC00043491,1953,11,11,,,58.0,0.0,0.0,,,,,,,,,,,
USC00043491,1953,11,12,,,61.0,0.0,0.0,,,,,,,,,,,
USC00043491,1953,11,13,,,48.0,0.0,0.0,,,,,,,,,,,
USC00043491,1953,11,14,,,592.0,0.0,0.0,,,,,,,,,,,
USC00043491,1953,11,15,,,10.0,0.0,0.0,,,,,,,,,,,
USC00043491,1953,11,16,,,0.0,0.0,0.0,,,,,,,,,,,
USC00043491,1953,11,17,,,168.0,0.0,0.0,,,,,,,,,,,
USC00043491,1953,11,18,,,5.0,0.0,0.0,,,,,,,,,,,
USC00043491,1953,11,19,,,25.0,0.0,0.0,,,,,,,,,,,
USC00043491,1953,11,2,,,15.0,0.0,0.0,,,,,,,,,,,
USC00043491,1953,11,20,,,157.0,0.0,0.0,,,,,,,,,,,
USC00043491,1953,11,21,,,5.0,0.0,0.0,,,,,,,,,,,
USC00043491,1953,11,22,,,58.0,0.0,0.0,,,,,,,,,,,
USC00043491,1953,11,23,,,170.0,0.0,0.0,,,,,,,,,,,
USC00043491,1953,11,24,,,0.0,0.0,0.0,,,,,,,,,,,
USC00043491,1953,11,25,,,0.0,0.0,0.0,,,,,,,,,,,
USC00043491,1953,11,26,,,0.0,0.0,0.0,,,,,,,,,,,
USC00043491,1953,11,27,,,0.0,0.0,0.0,,,,,,,,,,,
USC00043491,1953,11,28,,,0.0,0.0,0.0,,,,,,,,,,,
USC00043491,1953,11,29,,,0.0,0.0,0.0,,,,,,,,,,,
USC00043491,1953,11,3,,,0.0,0.0,0.0,,,,,,,,,,,
USC00043491,1953,11,30,,,33.0,0.0,0.0,,,,,,,,,,,
USC00043491,1953,11,31,,,-9999.0,-9999.0,-9999.0,,,,,,,,,,,
USC00043491,1953,11,4,,,0.0,0.0,0.0,,,,,,,,,,,
USC00043491,1953,11,5,,,5.0,0.0,0.0,,,,,,,,,,,
USC00043491,1953,11,6,,,203.0,0.0,0.0,,,,,,,,,,,
USC00043491,1953,11,7,,,0.0,0.0,0.0,,,,,,,,,,,
USC00043491,1953,11,8,,,0.0,0.0,0.0,,,,,,,,,,,
USC00043491,1953,11,9,,,0.0,0.0,0.0,,,,,,,,,,,
USC00043491,1953,12,1,,,0.0,0.0,0.0,,,,,,,,,,,
USC00043491,1953,12,10,,,0.0,0.0,0.0,,,,,,,,,,,
USC00043491,1953,12,11,,,0.0,0.0,0.0,,,,,,,,,,,
USC00043491,1953,12,12,,,0.0,0.0,0.0,,,,,,,,,,,
USC00043491,1953,12,13,,,0.0,0.0,0.0,,,,,,,,,,,
USC00043491,1953,12,14,,,0.0,0.0,0.0,,,,,,,,,,,
USC00043491,1953,12,15,,,0.0,0.0,0.0,,,,,,,,,,,
USC00043491,1953,12,16,,,0.0,0.0,0.0,,,,,,,,,,,
USC00043491,1953,12,17,,,0.0,0.0,0.0,,,,,,,,,,,
USC00043491,1953,12,18,,,8.0,0.0,0.0,,,,,,,,,,,
USC00043491,1953,12,19,,,23.0,0.0,0.0,,,,,,,,,,,
USC00043491,1953,12,2,,,0.0,0.0,0.0,,,,,,,,,,,
USC00043491,1953,12,20,,,112.0,0.0,0.0,,,,,,,,,,,
USC00043491,1953,12,21,,,0.0,0.0,0.0,,,,,,,,,,,
USC00043491,1953,12,22,,,0.0,0.0,0.0,,,,,,,,,,,
USC00043491,1953,12,23,,,0.0,0.0,0.0,,,,,,,,,,,
USC00043491,1953,12,24,,,0.0,0.0,0.0,,,,,,,,,,,
USC00043491,1953,12,25,,,0.0,0.0,0.0,,,,,,,,,,,
USC00043491,1953,12,26,,,0.0,0.0,0.0,,,,,,,,,,,
USC00043491,1953,12,27,,,0.0,0.0,0.0,,,,,,,,,,,
USC00043491,1953,12,28,,,0.0,0.0,0.0,,,,,,,,,,,
USC00043491,1953,12,29,,,0.0,0.0,0.0,,,,,,,,,,,
USC00043491,1953,12,3,,,71.0,0.0,0.0,,,,,,,,,,,
USC00043491,1953,12,30,,,0.0,0.0,0.0,,,,,,,,,,,
USC00043491,1953,12,31,,,0.0,0.0,0.0,,,,,,,,,,,
USC00043491,1953,12,4,,,556.0,0.0,0.0,,,,,,,,,,,
USC00043491,1953,12,5,,,0.0,0.0,0.0,,,,,,,,,,,
USC00043491,1953,12,6,,,61.0,0.0,0.0,,,,,,,,,,,
USC00043491,1953,12,7,,,236.0,0.0,0.0,,,,,,,,,,,
USC00043491,1953,12,8,,,0.0,0.0,0.0,,,,,,,,,,,
USC00043491,1953,12,9,,,0.0,0.0,0.0,,,,,,,,,,,
USC00043491,1954,1,1,,,0.0,0.0,0.0,,,,,,,,,,,
USC00043491,1954,1,10,,,0.0,0.0,0.0,,,,,,,,,,,
USC00043491,1954,1,11,,,0.0,0.0,0.0,,,,,,,,,,,
USC00043491,1954,1,12,,,36.0,0.0,0.0,,,,,,,,,,,
USC00043491,1954,1,13,,,0.0,0.0,0.0,,,,,,,,,,,
USC00043491,1954,1,14,,,0.0,0.0,0.0,,,,,,,,,,,
USC00043491,1954,1,15,,,0.0,0.0,0.0,,,,,,,,,,,
USC00043491,1954,1,16,,,376.0,0.0,0.0,,,,,,,,,,,
USC00043491,1954,1,17,,,475.0,0.0,0.0,,,,,,,,,,,
USC00043491,1954,1,18,,,36.0,0.0,0.0,,,,,,,,,,,
USC00043491,1954,1,19,,,0.0,0.0,0.0,,,,,,,,,,,
USC00043491,1954,1,2,,,0.0,0.0,0.0,,,,,,,,,,,
USC00043491,1954,1,20,,,0.0,0.0,0.0,,,,,,,,,,,
USC00043491,1954,1,21,,,0.0,0.0,0.0,,,,,,,,,,,
USC00043491,1954,1,22,,,38.0,0.0,0.0,,,,,,,,,,,
USC00043491,1954,1,23,,,975.0,0.0,0.0,,,,,,,,,,,
USC00043491,1954,1,24,,,51.0,0.0,0.0,,,,,,,,,,,
USC00043491,1954,1,25,,,0.0,0.0,0.0,,,,,,,,,,,
USC00043491,1954,1,26,,,0.0,0.0,0.0,,,,,,,,,,,
USC00043491,1954,1,27,,,0.0,0.0,0.0,,,,,,,,,,,
USC00043491,1954,1,28,,,5.0,0.0,0.0,,,,,,,,,,,
USC00043491,1954,1,29,,,30.0,0.0,0.0,,,,,,,,,,,
USC00043491,1954,1,3,,,142.0,0.0,0.0,,,,,,,,,,,
USC00043491,1954,1,30,,,0.0,0.0,0.0,,,,,,,,,,,
USC00043491,1954,1,31,,,0.0,0.0,0.0,,,,,,,,,,,
USC00043491,1954,1,4,,,0.0,0.0,0.0,,,,,,,,,,,
USC00043491,1954,1,5,,,0.0,0.0,0.0,,,,,,,,,,,
USC00043491,1954,1,6,,,23.0,0.0,0.0,,,,,,,,,,,
USC00043491,1954,1,7,,,241.0,0.0,0.0,,,,,,,,,,,
USC00043491,1954,1,8,,,0.0,0.0,0.0,,,,,,,,,,,
USC00043491,1954,1,9,,,0.0,0.0,0.0,,,,,,,,,,,
USC00043491,1954,2,1,,,0.0,0.0,0.0,,,,,,,,,,,
USC00043491,1954,2,10,,,0.0,0.0,0.0,,,,,,,,,,,
USC00043491,1954,2,11,,,0.0,0.0,0.0,,,,,,,,,,,
USC00043491,1954,2,12,,,396.0,0.0,0.0,,,,,,,,,,,
USC00043491,1954,2,13,,,650.0,0.0,0.0,,,,,,,,,,,
USC00043491,1954,2,14,,,340.0,0.0,0.0,,,,,,,,,,,
USC00043491,1954,2,15,,,0.0,0.0,0.0,,,,,,,,,,,
USC00043491,1954,2,16,,,10.0,0.0,0.0,,,,,,,,,,,
USC00043491,1954,2,17,,,406.0,0.0,0.0,,,,,,,,,,,
USC00043491,1954,2,18,,,74.0,0.0,0.0,,,,,,,,,,,
USC00043491,1954,2,19,,,0.0,0.0,0.0,,,,,,,,,,,
USC00043491,1954,2,2,,,0.0,0.0,0.0,,,,,,,,,,,
USC00043491,1954,2,20,,,0.0,0.0,0.0,,,,,,,,,,,
USC00043491,1954,2,21,,,0.0,0.0,0.0,,,,,,,,,,,
USC00043491,1954,2,22,,,0.0,0.0,0.0,,,,,,,,,,,
USC00043491,1954,2,23,,,0.0,0.0,0.0,,,,,,,,,,,
USC00043491,1954,2,24,,,0.0,0.0,0.0,,,,,,,,,,,
USC00043491,1954,2,25,,,0.0,0.0,0.0,,,,,,,,,,,
USC00043491,1954,2,26,,,0.0,0.0,0.0,,,,,,,,,,,
USC00043491,1954,2,27,,,0.0,0.0,0.0,,,,,,,,,,,
USC00043491,1954,2,28,,,0.0,0.0,0.0,,,,,,,,,,,
USC00043491,1954,2,29,,,-9999.0,-9999.0,-9999.0,,,,,,,,,,,
USC00043491,1954,2,3,,,0.0,0.0,0.0,,,,,,,,,,,
USC00043491,1954,2,30,,,-9999.0,-9999.0,-9999.0,,,,,,,,,,,
USC00043491,1954,2,31,,,-9999.0,-9999.0,-9999.0,,,,,,,,,,,
USC00043491,1954,2,4,,,0.0,0.0,0.0,,,,,,,,,,,
USC00043491,1954,2,5,,,0.0,0.0,0.0,,,,,,,,,,,
USC00043491,1954,2,6,,,0.0,0.0,0.0,,,,,,,,,,,
USC00043491,1954,2,7,,,0.0,0.0,0.0,,,,,,,,,,,
USC00043491,1954,2,8,,,0.0,0.0,0.0,,,,,,,,,,,
USC00043491,1954,2,9,,,0.0,0.0,0.0,,,,,,,,,,,
USC00043491,1954,3,1,,,0.0,0.0,0.0,,,,,,,,,,,
USC00043491,1954,3,10,,,358.0,-9999.0,-9999.0,,,,,,,,,,,
USC00043491,1954,3,11,,,15.0,-9999.0,-9999.0,,,,,,,,,,,
USC00043491,1954,3,12,,,0.0,-9999.0,-9999.0,,,,,,,,,,,
USC00043491,1954,3,13,,,0.0,-9999.0,-9999.0,,,,,,,,,,,
USC00043491,1954,3,14,,,0.0,-9999.0,-9999.0,,,,,,,,,,,
USC00043491,1954,3,15,,,0.0,-9999.0,-9999.0,,,,,,,,,,,
USC00043491,1954,3,16,,,257.0,-9999.0,-9999.0,,,,,,,,,,,
USC00043491,1954,3,17,,,145.0,-9999.0,-9999.0,,,,,,,,,,,
USC00043491,1954,3,18,,,0.0,-9999.0,-9999.0,,,,,,,,,,,
USC00043491,1954,3,19,,,163.0,-9999.0,-9999.0,,,,,,,,,,,
USC00043491,1954,3,2,,,0.0,0.0,0.0,,,,,,,,,,,
USC00043491,1954,3,20,,,91.0,-9999.0,-9999.0,,,,,,,,,,,
USC00043491,1954,3,21,,,163.0,-9999.0,-9999.0,,,,,,,,,,,
USC00043491,1954,3,22,,,0.0,-9999.0,-9999.0,,,,,,,,,,,
USC00043491,1954,3,23,,,86.0,-9999.0,-9999.0,,,,,,,,,,,
USC00043491,1954,3,24,,,99.0,-9999.0,-9999.0,,,,,,,,,,,
USC00043491,1954,3,25,,,0.0,-9999.0,-9999.0,,,,,,,,,,,
USC00043491,1954,3,26,,,0.0,-9999.0,-9999.0,,,,,,,,,,,
USC00043491,1954,3,27,,,0.0,-9999.0,-9999.0,,,,,,,,,,,
USC00043491,1954,3,28,,,0.0,-9999.0,-9999.0,,,,,,,,,,,
USC00043491,1954,3,29,,,124.0,-9999.0,-9999.0,,,,,,,,,,,
USC00043491,1954,3,3,,,0.0,0.0,0.0,,,,,,,,,,,
USC00043491,1954,3,30,,,241.0,-9999.0,-9999.0,,,,,,,,,,,
USC00043491,1954,3,31,,,0.0,-9999.0,-9999.0,,,,,,,,,,,
USC00043491,1954,3,4,,,0.0,0.0,0.0,,,,,,,,,,,
USC00043491,1954,3,5,,,0.0,0.0,0.0,,,,,,,,,,,
USC00043491,1954,3,6,,,0.0,0.0,0.0,,,,,,,,,,,
USC00043491,1954,3,7,,,0.0,0.0,0.0,,,,,,,,,,,
USC00043491,1954,3,8,,,147.0,-9999.0,-9999.0,,,,,,,,,,,
USC00043491,1954,3,9,,,886.0,-9999.0,-9999.0,,,,,,,,,,,
USC00043491,1954,4,1,,,0.0,0.0,0.0,,,,,,,,,,,
USC00043491,1954,4,10,,,0.0,0.0,0.0,,,,,,,,,,,
USC00043491,1954,4,11,,,0.0,0.0,0.0,,,,,,,,,,,
USC00043491,1954,4,12,,,0.0,0.0,0.0,,,,,,,,,,,
USC00043491,1954,4,13,,,0.0,0.0,0.0,,,,,,,,,,,
USC00043491,1954,4,14,,,0.0,0.0,0.0,,,,,,,,,,,
USC00043491,1954,4,15,,,0.0,0.0,0.0,,,,,,,,,,,
USC00043491,1954,4,16,,,0.0,0.0,0.0,,,,,,,,,,,
USC00043491,1954,4,17,,,0.0,0.0,0.0,,,,,,,,,,,
USC00043491,1954,4,18,,,0.0,0.0,0.0,,,,,,,,,,,
USC00043491,1954,4,19,,,0.0,0.0,0.0,,,,,,,,,,,
USC00043491,1954,4,2,,,0.0,0.0,0.0,,,,,,,,,,,
USC00043491,1954,4,20,,,0.0,0.0,0.0,,,,,,,,,,,
USC00043491,1954,4,21,,,0.0,0.0,0.0,,,,,,,,,,,
USC00043491,1954,4,22,,,0.0,0.0,0.0,,,,,,,,,,,
USC00043491,1954,4,23,,,0.0,0.0,0.0,,,,,,,,,,,
USC00043491,1954,4,24,,,0.0,0.0,0.0,,,,,,,,,,,
USC00043491,1954,4,25,,,0.0,0.0,0.0,,,,,,,,,,,
USC00043491,1954,4,26,,,0.0,0.0,0.0,,,,,,,,,,,
USC00043491,1954,4,27,,,417.0,0.0,0.0,,,,,,,,,,,
USC00043491,1954,4,28,,,114.0,0.0,0.0,,,,,,,,,,,
USC00043491,1954,4,29,,,0.0,0.0,0.0,,,,,,,,,,,
USC00043491,1954,4,3,,,8.0,0.0,0.0,,,,,,,,,,,
USC00043491,1954,4,30,,,203.0,0.0,0.0,,,,,,,,,,,
USC00043491,1954,4,31,,,-9999.0,-9999.0,-9999.0,,,,,,,,,,,
USC00043491,1954,4,4,,,170.0,0.0,0.0,,,,,,,,,,,
USC00043491,1954,4,5,,,498.0,0.0,0.0,,,,,,,,,,,
USC00043491,1954,4,6,,,71.0,0.0,0.0,,,,,,,,,,,
USC00043491,1954,4,7,,,0.0,0.0,0.0,,,,,,,,,,,
USC00043491,1954,4,8,,,0.0,0.0,0.0,,,,,,,,,,,
USC00043491,1954,4,9,,,0.0,0.0,0.0,,,,,,,,,,,
USC00043491,1954,5,1,,,0.0,0.0,0.0,,,,,,,,,,,
USC00043491,1954,5,10,,,0.0,0.0,0.0,,,,,,,,,,,
USC00043491,1954,5,11,,,0.0,0.0,0.0,,,,,,,,,,,
USC00043491,1954,5,12,,,0.0,0.0,0.0,,,,,,,,,,,
USC00043491,1954,5,13,,,0.0,0.0,0.0,,,,,,,,,,,
USC00043491,1954,5,14,,,0.0,0.0,0.0,,,,,,,,,,,
USC00043491,1954,5,15,,,0.0,0.0,0.0,,,,,,,,,,,
USC00043491,1954,5,16,,,0.0,0.0,0.0,,,,,,,,,,,
USC00043491,1954,5,17,,,0.0,0.0,0.0,,,,,,,,,,,
USC00043491,1954,5,18,,,0.0,0.0,0.0,,,,,,,,,,,
USC00043491,1954,5,19,,,0.0,0.0,0.0,,,,,,,,,,,
USC00043491,1954,5,2,,,0.0,0.0,0.0,,,,,,,,,,,
USC00043491,1954,5,20,,,0.0,0.0,0.0,,,,,,,,,,,
USC00043491,1954,5,21,,,0.0,0.0,0.0,,,,,,,,,,,
USC00043491,1954,5,22,,,0.0,0.0,0.0,,,,,,,,,,,
USC00043491,1954,5,23,,,0.0,0.0,0.0,,,,,,,,,,,
USC00043491,1954,5,24,,,0.0,0.0,0.0,,,,,,,,,,,
USC00043491,1954,5,25,,,0.0,0.0,0.0,,,,,,,,,,,
USC00043491,1954,5,26,,,0.0,0.0,0.0,,,,,,,,,,,
USC00043491,1954,5,27,,,0.0,0.0,0.0,,,,,,,,,,,
USC00043491,1954,5,28,,,0.0,0.0,0.0,,,,,,,,,,,
USC00043491,1954,5,29,,,0.0,0.0,0.0,,,,,,,,,,,
USC00043491,1954,5,3,,,0.0,0.0,0.0,,,,,,,,,,,
USC00043491,1954,5,30,,,0.0,0.0,0.0,,,,,,,,,,,
USC00043491,1954,5,31,,,0.0,0.0,0.0,,,,,,,,,,,
USC00043491,1954,5,4,,,0.0,0.0,0.0,,,,,,,,,,,
USC00043491,1954,5,5,,,0.0,0.0,0.0,,,,,,,,,,,
USC00043491,1954,5,6,,,0.0,0.0,0.0,,,,,,,,,,,
USC00043491,1954,5,7,,,0.0,0.0,0.0,,,,,,,,,,,
USC00043491,1954,5,8,,,0.0,0.0,0.0,,,,,,,,,,,
USC00043491,1954,5,9,,,69.0,0.0,0.0,,,,,,,,,,,
USC00043491,1954,6,1,,,0.0,0.0,0.0,,,,,,,,,,,
USC00043491,1954,6,10,,,3.0,0.0,0.0,,,,,,,,,,,
USC00043491,1954,6,11,,,0.0,0.0,0.0,,,,,,,,,,,
USC00043491,1954,6,12,,,30.0,0.0,0.0,,,,,,,,,,,
USC00043491,1954,6,13,,,0.0,0.0,0.0,,,,,,,,,,,
USC00043491,1954,6,14,,,0.0,0.0,0.0,,,,,,,,,,,
USC00043491,1954,6,15,,,0.0,0.0,0.0,,,,,,,,,,,
USC00043491,1954,6,16,,,0.0,0.0,0.0,,,,,,,,,,,
USC00043491,1954,6,17,,,0.0,0.0,0.0,,,,,,,,,,,
USC00043491,1954,6,18,,,0.0,0.0,0.0,,,,,,,,,,,
USC00043491,1954,6,19,,,0.0,0.0,0.0,,,,,,,,,,,
USC00043491,1954,6,2,,,0.0,0.0,0.0,,,,,,,,,,,
USC00043491,1954,6,20,,,0.0,0.0,0.0,,,,,,,,,,,
USC00043491,1954,6,21,,,0.0,0.0,0.0,,,,,,,,,,,
USC00043491,1954,6,22,,,0.0,0.0,0.0,,,,,,,,,,,
USC00043491,1954,6,23,,,0.0,0.0,0.0,,,,,,,,,,,
USC00043491,1954,6,24,,,0.0,0.0,0.0,,,,,,,,,,,
USC00043491,1954,6,25,,,0.0,0.0,0.0,,,,,,,,,,,
USC00043491,1954,6,26,,,0.0,0.0,0.0,,,,,,,,,,,
USC00043491,1954,6,27,,,0.0,0.0,0.0,,,,,,,,,,,
USC00043491,1954,6,28,,,0.0,0.0,0.0,,,,,,,,,,,
USC00043491,1954,6,29,,,0.0,0.0,0.0,,,,,,,,,,,
USC00043491,1954,6,3,,,0.0,0.0,0.0,,,,,,,,,,,
USC00043491,1954,6,30,,,0.0,0.0,0.0,,,,,,,,,,,
USC00043491,1954,6,31,,,-9999.0,-9999.0,-9999.0,,,,,,,,,,,
USC00043491,1954,6,4,,,104.0,0.0,0.0,,,,,,,,,,,
USC00043491,1954,6,5,,,86.0,0.0,0.0,,,,,,,,,,,
USC00043491,1954,6,6,,,0.0,0.0,0.0,,,,,,,,,,,
USC00043491,1954,6,7,,,0.0,0.0,0.0,,,,,,,,,,,
USC00043491,1954,6,8,,,25.0,0.0,0.0,,,,,,,,,,,
USC00043491,1954,6,9,,,178.0,0.0,0.0,,,,,,,,,,,
USC00043491,1954,7,1,,,0.0,0.0,0.0,,,,,,,,,,,
USC00043491,1954,7,10,,,0.0,0.0,0.0,,,,,,,,,,,
USC00043491,1954,7,11,,,0.0,0.0,0.0,,,,,,,,,,,
USC00043491,1954,7,12,,,0.0,0.0,0.0,,,,,,,,,,,
USC00043491,1954,7,13,,,0.0,0.0,0.0,,,,,,,,,,,
USC00043491,1954,7,14,,,0.0,0.0,0.0,,,,,,,,,,,
USC00043491,1954,7,15,,,0.0,0.0,0.0,,,,,,,,,,,
USC00043491,1954,7,16,,,0.0,0.0,0.0,,,,,,,,,,,
USC00043491,1954,7,17,,,0.0,0.0,0.0,,,,,,,,,,,
USC00043491,1954,7,18,,,0.0,0.0,0.0,,,,,,,,,,,
USC00043491,1954,7,19,,,0.0,0.0,0.0,,,,,,,,,,,
USC00043491,1954,7,2,,,0.0,0.0,0.0,,,,,,,,,,,
USC00043491,1954,7,20,,,0.0,0.0,0.0,,,,,,,,,,,
USC00043491,1954,7,21,,,0.0,0.0,0.0,,,,,,,,,,,
USC00043491,1954,7,22,,,0.0,0.0,0.0,,,,,,,,,,,
USC00043491,1954,7,23,,,0.0,0.0,0.0,,,,,,,,,,,
USC00043491,1954,7,24,,,0.0,0.0,0.0,,,,,,,,,,,
USC00043491,1954,7,25,,,0.0,0.0,0.0,,,,,,,,,,,
USC00043491,1954,7,26,,,0.0,0.0,0.0,,,,,,,,,,,
USC00043491,1954,7,27,,,0.0,0.0,0.0,,,,,,,,,,,
USC00043491,1954,7,28,,,0.0,0.0,0.0,,,,,,,,,,,
USC00043491,1954,7,29,,,0.0,0.0,0.0,,,,,,,,,,,
USC00043491,1954,7,3,,,0.0,0.0,0.0,,,,,,,,,,,
USC00043491,1954,7,30,,,0.0,0.0,0.0,,,,,,,,,,,
USC00043491,1954,7,31,,,0.0,0.0,0.0,,,,,,,,,,,
USC00043491,1954,7,4,,,0.0,0.0,0.0,,,,,,,,,,,
USC00043491,1954,7,5,,,0.0,0.0,0.0,,,,,,,,,,,
USC00043491,1954,7,6,,,0.0,0.0,0.0,,,,,,,,,,,
USC00043491,1954,7,7,,,0.0,0.0,0.0,,,,,,,,,,,
USC00043491,1954,7,8,,,0.0,0.0,0.0,,,,,,,,,,,
USC00043491,1954,7,9,,,0.0,0.0,0.0,,,,,,,,,,,
USC00043491,1954,8,1,,,0.0,0.0,0.0,,,,,,,,,,,
USC00043491,1954,8,10,,,0.0,0.0,0.0,,,,,,,,,,,
USC00043491,1954,8,11,,,0.0,0.0,0.0,,,,,,,,,,,
USC00043491,1954,8,12,,,0.0,0.0,0.0,,,,,,,,,,,
USC00043491,1954,8,13,,,0.0,0.0,0.0,,,,,,,,,,,
USC00043491,1954,8,14,,,0.0,0.0,0.0,,,,,,,,,,,
USC00043491,1954,8,15,,,0.0,0.0,0.0,,,,,,,,,,,
USC00043491,1954,8,16,,,0.0,0.0,0.0,,,,,,,,,,,
USC00043491,1954,8,17,,,0.0,0.0,0.0,,,,,,,,,,,
USC00043491,1954,8,18,,,0.0,0.0,0.0,,,,,,,,,,,
USC00043491,1954,8,19,,,0.0,0.0,0.0,,,,,,,,,,,
USC00043491,1954,8,2,,,0.0,0.0,0.0,,,,,,,,,,,
USC00043491,1954,8,20,,,0.0,0.0,0.0,,,,,,,,,,,
USC00043491,1954,8,21,,,0.0,0.0,0.0,,,,,,,,,,,
USC00043491,1954,8,22,,,0.0,0.0,0.0,,,,,,,,,,,
USC00043491,1954,8,23,,,0.0,0.0,0.0,,,,,,,,,,,
USC00043491,1954,8,24,,,0.0,0.0,0.0,,,,,,,,,,,
USC00043491,1954,8,25,,,0.0,0.0,0.0,,,,,,,,,,,
USC00043491,1954,8,26,,,119.0,0.0,0.0,,,,,,,,,,,
USC00043491,1954,8,27,,,0.0,0.0,0.0,,,,,,,,,,,
USC00043491,1954,8,28,,,0.0,0.0,0.0,,,,,,,,,,,
USC00043491,1954,8,29,,,0.0,0.0,0.0,,,,,,,,,,,
USC00043491,1954,8,3,,,0.0,0.0,0.0,,,,,,,,,,,
USC00043491,1954,8,30,,,0.0,0.0,0.0,,,,,,,,,,,
USC00043491,1954,8,31,,,0.0,0.0,0.0,,,,,,,,,,,
USC00043491,1954,8,4,,,0.0,0.0,0.0,,,,,,,,,,,
USC00043491,1954,8,5,,,0.0,0.0,0.0,,,,,,,,,,,
USC00043491,1954,8,6,,,0.0,0.0,0.0,,,,,,,,,,,
USC00043491,1954,8,7,,,0.0,0.0,0.0,,,,,,,,,,,
USC00043491,1954,8,8,,,0.0,0.0,0.0,,,,,,,,,,,
USC00043491,1954,8,9,,,0.0,0.0,0.0,,,,,,,,,,,
USC00043491,1954,9,1,,,0.0,0.0,0.0,,,,,,,,,,,
USC00043491,1954,9,10,,,0.0,0.0,0.0,,,,,,,,,,,
USC00043491,1954,9,11,,,0.0,0.0,0.0,,,,,,,,,,,
USC00043491,1954,9,12,,,0.0,0.0,0.0,,,,,,,,,,,
USC00043491,1954,9,13,,,0.0,0.0,0.0,,,,,,,,,,,
USC00043491,1954,9,14,,,0.0,0.0,0.0,,,,,,,,,,,
USC00043491,1954,9,15,,,51.0,0.0,0.0,,,,,,,,,,,
USC00043491,1954,9,16,,,0.0,0.0,0.0,,,,,,,,,,,
USC00043491,1954,9,17,,,0.0,0.0,0.0,,,,,,,,,,,
USC00043491,1954,9,18,,,0.0,0.0,0.0,,,,,,,,,,,
USC00043491,1954,9,19,,,0.0,0.0,0.0,,,,,,,,,,,
USC00043491,1954,9,2,,,0.0,0.0,0.0,,,,,,,,,,,
USC00043491,1954,9,20,,,0.0,0.0,0.0,,,,,,,,,,,
USC00043491,1954,9,21,,,0.0,0.0,0.0,,,,,,,,,,,
USC00043491,1954,9,22,,,0.0,0.0,0.0,,,,,,,,,,,
USC00043491,1954,9,23,,,-9999.0,-9999.0,-9999.0,,,,,,,,,,,
USC00043491,1954,9,24,,,0.0,0.0,0.0,,,,,,,,,,,
USC00043491,1954,9,25,,,0.0,0.0,0.0,,,,,,,,,,,
USC00043491,1954,9,26,,,0.0,0.0,0.0,,,,,,,,,,,
USC00043491,1954,9,27,,,0.0,0.0,0.0,,,,,,,,,,,
USC00043491,1954,9,28,,,0.0,0.0,0.0,,,,,,,,,,,
USC00043491,1954,9,29,,,0.0,0.0,0.0,,,,,,,,,,,
USC00043491,1954,9,3,,,0.0,0.0,0.0,,,,,,,,,,,
USC00043491,1954,9,30,,,0.0,0.0,0.0,,,,,,,,,,,
USC00043491,1954,9,31,,,-9999.0,-9999.0,-9999.0,,,,,,,,,,,
USC00043491,1954,9,4,,,0.0,0.0,0.0,,,,,,,,,,,
USC00043491,1954,9,5,,,0.0,0.0,0.0,,,,,,,,,,,
USC00043491,1954,9,6,,,0.0,0.0,0.0,,,,,,,,,,,
USC00043491,1954,9,7,,,0.0,0.0,0.0,,,,,,,,,,,
USC00043491,1954,9,8,,,0.0,0.0,0.0,,,,,,,,,,,
USC00043491,1954,9,9,,,0.0,0.0,0.0,,,,,,,,,,,
USC00043491,1954,10,1,,,0.0,0.0,0.0,,,,,,,,,,,
USC00043491,1954,10,10,,,0.0,0.0,0.0,,,,,,,,,,,
USC00043491,1954,10,11,,,0.0,0.0,0.0,,,,,,,,,,,
USC00043491,1954,10,12,,,0.0,0.0,0.0,,,,,,,,,,,
USC00043491,1954,10,13,,,0.0,0.0,0.0,,,,,,,,,,,
USC00043491,1954,10,14,,,0.0,0.0,0.0,,,,,,,,,,,
USC00043491,1954,10,15,,,0.0,0.0,0.0,,,,,,,,,,,
USC00043491,1954,10,16,,,0.0,0.0,0.0,,,,,,,,,,,
USC00043491,1954,10,17,,,0.0,0.0,0.0,,,,,,,,,,,
USC00043491,1954,10,18,,,0.0,0.0,0.0,,,,,,,,,,,
USC00043491,1954,10,19,,,114.0,0.0,0.0,,,,,,,,,,,
USC00043491,1954,10,2,,,0.0,0.0,0.0,,,,,,,,,,,
USC00043491,1954,10,20,,,0.0,0.0,0.0,,,,,,,,,,,
USC00043491,1954,10,21,,,0.0,0.0,0.0,,,,,,,,,,,
USC00043491,1954,10,22,,,0.0,0.0,0.0,,,,,,,,,,,
USC00043491,1954,10,23,,,0.0,0.0,0.0,,,,,,,,,,,
USC00043491,1954,10,24,,,0.0,0.0,0.0,,,,,,,,,,,
USC00043491,1954,10,25,,,0.0,0.0,0.0,,,,,,,,,,,
USC00043491,1954,10,26,,,0.0,0.0,0.0,,,,,,,,,,,
USC00043491,1954,10,27,,,0.0,0.0,0.0,,,,,,,,,,,
USC00043491,1954,10,28,,,0.0,0.0,0.0,,,,,,,,,,,
USC00043491,1954,10,29,,,0.0,0.0,0.0,,,,,,,,,,,
USC00043491,1954,10,3,,,0.0,0.0,0.0,,,,,,,,,,,
USC00043491,1954,10,30,,,0.0,0.0,0.0,,,,,,,,,,,
USC00043491,1954,10,31,,,0.0,0.0,0.0,,,,,,,,,,,
USC00043491,1954,10,4,,,0.0,0.0,0.0,,,,,,,,,,,
USC00043491,1954,10,5,,,0.0,0.0,0.0,,,,,,,,,,,
USC00043491,1954,10,6,,,0.0,0.0,0.0,,,,,,,,,,,
USC00043491,1954,10,7,,,38.0,0.0,0.0,,,,,,,,,,,
USC00043491,1954,10,8,,,0.0,0.0,0.0,,,,,,,,,,,
USC00043491,1954,10,9,,,0.0,0.0,0.0,,,,,,,,,,,
USC00043491,1954,11,1,,,0.0,0.0,0.0,,,,,,,,,,,
USC00043491,1954,11,10,,,0.0,0.0,0.0,,,,,,,,,,,
USC00043491,1954,11,11,,,53.0,0.0,0.0,,,,,,,,,,,
USC00043491,1954,11,12,,,239.0,0.0,0.0,,,,,,,,,,,
USC00043491,1954,11,13,,,0.0,0.0,0.0,,,,,,,,,,,
USC00043491,1954,11,14,,,71.0,0.0,0.0,,,,,,,,,,,
USC00043491,1954,11,15,,,747.0,0.0,0.0,,,,,,,,,,,
USC00043491,1954,11,16,,,89.0,0.0,0.0,,,,,,,,,,,
USC00043491,1954,11,17,,,0.0,0.0,0.0,,,,,,,,,,,
USC00043491,1954,11,18,,,0.0,0.0,0.0,,,,,,,,,,,
USC00043491,1954,11,19,,,0.0,0.0,0.0,,,,,,,,,,,
USC00043491,1954,11,2,,,0.0,0.0,0.0,,,,,,,,,,,
USC00043491,1954,11,20,,,0.0,0.0,0.0,,,,,,,,,,,
USC00043491,1954,11,21,,,0.0,0.0,0.0,,,,,,,,,,,
USC00043491,1954,11,22,,,0.0,0.0,0.0,,,,,,,,,,,
USC00043491,1954,11,23,,,0.0,0.0,0.0,,,,,,,,,,,
USC00043491,1954,11,24,,,0.0,0.0,0.0,,,,,,,,,,,
USC00043491,1954,11,25,,,0.0,0.0,0.0,,,,,,,,,,,
USC00043491,1954,11,26,,,0.0,0.0,0.0,,,,,,,,,,,
USC00043491,1954,11,27,,,0.0,0.0,0.0,,,,,,,,,,,
USC00043491,1954,11,28,,,0.0,0.0,0.0,,,,,,,,,,,
USC00043491,1954,11,29,,,0.0,0.0,0.0,,,,,,,,,,,
USC00043491,1954,11,3,,,0.0,0.0,0.0,,,,,,,,,,,
USC00043491,1954,11,30,,,0.0,0.0,0.0,,,,,,,,,,,
USC00043491,1954,11,31,,,-9999.0,-9999.0,-9999.0,,,,,,,,,,,
USC00043491,1954,11,4,,,0.0,0.0,0.0,,,,,,,,,,,
USC00043491,1954,11,5,,,0.0,0.0,0.0,,,,,,,,,,,
USC00043491,1954,11,6,,,0.0,0.0,0.0,,,,,,,,,,,
USC00043491,1954,11,7,,,0.0,0.0,0.0,,,,,,,,,,,
USC00043491,1954,11,8,,,157.0,0.0,0.0,,,,,,,,,,,
USC00043491,1954,11,9,,,66.0,0.0,0.0,,,,,,,,,,,
USC00043491,1954,12,1,,,76.0,0.0,0.0,,,,,,,,,,,
USC00043491,1954,12,10,,,152.0,0.0,0.0,,,,,,,,,,,
USC00043491,1954,12,11,,,0.0,0.0,0.0,,,,,,,,,,,
USC00043491,1954,12,12,,,0.0,0.0,0.0,,,,,,,,,,,
USC00043491,1954,12,13,,,0.0,0.0,0.0,,,,,,,,,,,
USC00043491,1954,12,14,,,0.0,0.0,0.0,,,,,,,,,,,
USC00043491,1954,12,15,,,0.0,0.0,0.0,,,,,,,,,,,
USC00043491,1954,12,16,,,0.0,0.0,0.0,,,,,,,,,,,
USC00043491,1954,12,17,,,0.0,0.0,0.0,,,,,,,,,,,
USC00043491,1954,12,18,,,0.0,0.0,0.0,,,,,,,,,,,
USC00043491,1954,12,19,,,0.0,0.0,0.0,,,,,,,,,,,
USC00043491,1954,12,2,,,599.0,0.0,0.0,,,,,,,,,,,
USC00043491,1954,12,20,,,0.0,0.0,0.0,,,,,,,,,,,
USC00043491,1954,12,21,,,0.0,0.0,0.0,,,,,,,,,,,
USC00043491,1954,12,22,,,0.0,0.0,0.0,,,,,,,,,,,
USC00043491,1954,12,23,,,0.0,0.0,0.0,,,,,,,,,,,
USC00043491,1954,12,24,,,18.0,0.0,0.0,,,,,,,,,,,
USC00043491,1954,12,25,,,0.0,0.0,0.0,,,,,,,,,,,
USC00043491,1954,12,26,,,0.0,0.0,0.0,,,,,,,,,,,
USC00043491,1954,12,27,,,0.0,0.0,0.0,,,,,,,,,,,
USC00043491,1954,12,28,,,0.0,0.0,0.0,,,,,,,,,,,
USC00043491,1954,12,29,,,0.0,0.0,0.0,,,,,,,,,,,
USC00043491,1954,12,3,,,376.0,0.0,0.0,,,,,,,,,,,
USC00043491,1954,12,30,,,114.0,0.0,0.0,,,,,,,,,,,
USC00043491,1954,12,31,,,615.0,0.0,0.0,,,,,,,,,,,
USC00043491,1954,12,4,,,371.0,0.0,0.0,,,,,,,,,,,
USC00043491,1954,12,5,,,3.0,0.0,0.0,,,,,,,,,,,
USC00043491,1954,12,6,,,419.0,0.0,0.0,,,,,,,,,,,
USC00043491,1954,12,7,,,64.0,0.0,0.0,,,,,,,,,,,
USC00043491,1954,12,8,,,0.0,0.0,0.0,,,,,,,,,,,
USC00043491,1954,12,9,,,373.0,0.0,0.0,,,,,,,,,,,
USC00043491,1955,1,1,,,434.0,-9999.0,,,,,,,,,,,,
USC00043491,1955,1,10,,,51.0,-9999.0,,,,,,,,,,,,
USC00043491,1955,1,11,,,0.0,0.0,,,,,,,,,,,,
USC00043491,1955,1,12,,,0.0,0.0,,,,,,,,,,,,
USC00043491,1955,1,13,,,0.0,0.0,,,,,,,,,,,,
USC00043491,1955,1,14,,,0.0,0.0,,,,,,,,,,,,
USC00043491,1955,1,15,,,198.0,-9999.0,,,,,,,,,,,,
USC00043491,1955,1,16,,,305.0,-9999.0,,,,,,,,,,,,
USC00043491,1955,1,17,,,0.0,0.0,,,,,,,,,,,,
USC00043491,1955,1,18,,,371.0,-9999.0,,,,,,,,,,,,
USC00043491,1955,1,19,,,226.0,-9999.0,,,,,,,,,,,,
USC00043491,1955,1,2,,,25.0,-9999.0,,,,,,,,,,,,
USC00043491,1955,1,20,,,0.0,0.0,,,,,,,,,,,,
USC00043491,1955,1,21,,,0.0,0.0,,,,,,,,,,,,
USC00043491,1955,1,22,,,0.0,0.0,,,,,,,,,,,,
USC00043491,1955,1,23,,,0.0,0.0,,,,,,,,,,,,
USC00043491,1955,1,24,,,0.0,0.0,,,,,,,,,,,,
USC00043491,1955,1,25,,,0.0,0.0,,,,,,,,,,,,
USC00043491,1955,1,26,,,0.0,0.0,,,,,,,,,,,,
USC00043491,1955,1,27,,,0.0,0.0,,,,,,,,,,,,
USC00043491,1955,1,28,,,0.0,0.0,,,,,,,,,,,,
USC00043491,1955,1,29,,,0.0,0.0,,,,,,,,,,,,
USC00043491,1955,1,3,,,0.0,0.0,,,,,,,,,,,,
USC00043491,1955,1,30,,,3.0,-9999.0,,,,,,,,,,,,
USC00043491,1955,1,31,,,127.0,-9999.0,,,,,,,,,,,,
USC00043491,1955,1,4,,,0.0,0.0,,,,,,,,,,,,
USC00043491,1955,1,5,,,0.0,0.0,,,,,,,,,,,,
USC00043491,1955,1,6,,,0.0,0.0,,,,,,,,,,,,
USC00043491,1955,1,7,,,0.0,0.0,,,,,,,,,,,,
USC00043491,1955,1,8,,,0.0,0.0,,,,,,,,,,,,
USC00043491,1955,1,9,,,97.0,-9999.0,,,,,,,,,,,,
USC00043491,1955,2,1,,,206.0,0.0,0.0,,,,,,,,,,,
USC00043491,1955,2,10,,,0.0,0.0,0.0,,,,,,,,,,,
USC00043491,1955,2,11,,,0.0,0.0,0.0,,,,,,,,,,,
USC00043491,1955,2,12,,,0.0,0.0,0.0,,,,,,,,,,,
USC00043491,1955,2,13,,,0.0,0.0,0.0,,,,,,,,,,,
USC00043491,1955,2,14,,,0.0,0.0,0.0,,,,,,,,,,,
USC00043491,1955,2,15,,,0.0,0.0,0.0,,,,,,,,,,,
USC00043491,1955,2,16,,,79.0,0.0,0.0,,,,,,,,,,,
USC00043491,1955,2,17,,,91.0,0.0,0.0,,,,,,,,,,,
USC00043491,1955,2,18,,,0.0,0.0,0.0,,,,,,,,,,,
USC00043491,1955,2,19,,,0.0,0.0,0.0,,,,,,,,,,,
USC00043491,1955,2,2,,,0.0,0.0,0.0,,,,,,,,,,,
USC00043491,1955,2,20,,,0.0,0.0,0.0,,,,,,,,,,,
USC00043491,1955,2,21,,,0.0,0.0,0.0,,,,,,,,,,,
USC00043491,1955,2,22,,,0.0,0.0,0.0,,,,,,,,,,,
USC00043491,1955,2,23,,,0.0,0.0,0.0,,,,,,,,,,,
USC00043491,1955,2,24,,,0.0,0.0,0.0,,,,,,,,,,,
USC00043491,1955,2,25,,,0.0,0.0,0.0,,,,,,,,,,,
USC00043491,1955,2,26,,,145.0,0.0,0.0,,,,,,,,,,,
USC00043491,1955,2,27,,,498.0,0.0,0.0,,,,,,,,,,,
USC00043491,1955,2,28,,,8.0,0.0,0.0,,,,,,,,,,,
USC00043491,1955,2,29,,,-9999.0,-9999.0,-9999.0,,,,,,,,,,,
USC00043491,1955,2,3,,,0.0,0.0,0.0,,,,,,,,,,,
USC00043491,1955,2,30,,,-9999.0,-9999.0,-9999.0,,,,,,,,,,,
USC00043491,1955,2,31,,,-9999.0,-9999.0,-9999.0,,,,,,,,,,,
USC00043491,1955,2,4,,,0.0,0.0,0.0,,,,,,,,,,,
USC00043491,1955,2,5,,,0.0,0.0,0.0,,,,,,,,,,,
USC00043491,1955,2,6,,,0.0,0.0,0.0,,,,,,,,,,,
USC00043491,1955,2,7,,,0.0,0.0,0.0,,,,,,,,,,,
USC00043491,1955,2,8,,,0.0,0.0,0.0,,,,,,,,,,,
USC00043491,1955,2,9,,,0.0,0.0,0.0,,,,,,,,,,,
USC00043491,1955,3,1,,,0.0,0.0,0.0,,,,,,,,,,,
USC00043491,1955,3,10,,,89.0,0.0,0.0,,,,,,,,,,,
USC00043491,1955,3,11,,,0.0,0.0,0.0,,,,,,,,,,,
USC00043491,1955,3,12,,,0.0,0.0,0.0,,,,,,,,,,,
USC00043491,1955,3,13,,,0.0,0.0,0.0,,,,,,,,,,,
USC00043491,1955,3,14,,,0.0,0.0,0.0,,,,,,,,,,,
USC00043491,1955,3,15,,,0.0,0.0,0.0,,,,,,,,,,,
USC00043491,1955,3,16,,,0.0,0.0,0.0,,,,,,,,,,,
USC00043491,1955,3,17,,,0.0,0.0,0.0,,,,,,,,,,,
USC00043491,1955,3,18,,,0.0,0.0,0.0,,,,,,,,,,,
USC00043491,1955,3,19,,,0.0,0.0,0.0,,,,,,,,,,,
USC00043491,1955,3,2,,,0.0,0.0,0.0,,,,,,,,,,,
USC00043491,1955,3,20,,,0.0,0.0,0.0,,,,,,,,,,,
USC00043491,1955,3,21,,,0.0,0.0,0.0,,,,,,,,,,,
USC00043491,1955,3,22,,,0.0,0.0,0.0,,,,,,,,,,,
USC00043491,1955,3,23,,,0.0,0.0,0.0,,,,,,,,,,,
USC00043491,1955,3,24,,,0.0,0.0,0.0,,,,,,,,,,,
USC00043491,1955,3,25,,,0.0,0.0,0.0,,,,,,,,,,,
USC00043491,1955,3,26,,,0.0,0.0,0.0,,,,,,,,,,,
USC00043491,1955,3,27,,,0.0,0.0,0.0,,,,,,,,,,,
USC00043491,1955,3,28,,,119.0,0.0,0.0,,,,,,,,,,,
USC00043491,1955,3,29,,,211.0,0.0,0.0,,,,,,,,,,,
USC00043491,1955,3,3,,,0.0,0.0,0.0,,,,,,,,,,,
USC00043491,1955,3,30,,,43.0,0.0,0.0,,,,,,,,,,,
USC00043491,1955,3,31,,,0.0,0.0,0.0,,,,,,,,,,,
USC00043491,1955,3,4,,,0.0,0.0,0.0,,,,,,,,,,,
USC00043491,1955,3,5,,,0.0,0.0,0.0,,,,,,,,,,,
USC00043491,1955,3,6,,,0.0,0.0,0.0,,,,,,,,,,,
USC00043491,1955,3,7,,,0.0,0.0,0.0,,,,,,,,,,,
USC00043491,1955,3,8,,,0.0,0.0,0.0,,,,,,,,,,,
USC00043491,1955,3,9,,,160.0,0.0,0.0,,,,,,,,,,,
USC00043491,1955,4,1,,,64.0,0.0,0.0,,,,,,,,,,,
USC00043491,1955,4,10,,,0.0,0.0,0.0,,,,,,,,,,,
USC00043491,1955,4,11,,,0.0,0.0,0.0,,,,,,,,,,,
USC00043491,1955,4,12,,,0.0,0.0,0.0,,,,,,,,,,,
USC00043491,1955,4,13,,,25.0,0.0,0.0,,,,,,,,,,,
USC00043491,1955,4,14,,,0.0,0.0,0.0,,,,,,,,,,,
USC00043491,1955,4,15,,,0.0,0.0,0.0,,,,,,,,,,,
USC00043491,1955,4,16,,,0.0,0.0,0.0,,,,,,,,,,,
USC00043491,1955,4,17,,,495.0,0.0,0.0,,,,,,,,,,,
USC00043491,1955,4,18,,,368.0,0.0,0.0,,,,,,,,,,,
USC00043491,1955,4,19,,,18.0,0.0,0.0,,,,,,,,,,,
USC00043491,1955,4,2,,,5.0,0.0,0.0,,,,,,,,,,,
USC00043491,1955,4,20,,,119.0,0.0,0.0,,,,,,,,,,,
USC00043491,1955,4,21,,,201.0,0.0,0.0,,,,,,,,,,,
USC00043491,1955,4,22,,,132.0,0.0,0.0,,,,,,,,,,,
USC00043491,1955,4,23,,,3.0,0.0,0.0,,,,,,,,,,,
USC00043491,1955,4,24,,,0.0,0.0,0.0,,,,,,,,,,,
USC00043491,1955,4,25,,,76.0,0.0,0.0,,,,,,,,,,,
USC00043491,1955,4,26,,,208.0,0.0,0.0,,,,,,,,,,,
USC00043491,1955,4,27,,,25.0,0.0,0.0,,,,,,,,,,,
USC00043491,1955,4,28,,,0.0,0.0,0.0,,,,,,,,,,,
USC00043491,1955,4,29,,,25.0,0.0,0.0,,,,,,,,,,,
USC00043491,1955,4,3,,,0.0,0.0,0.0,,,,,,,,,,,
USC00043491,1955,4,30,,,79.0,0.0,0.0,,,,,,,,,,,
USC00043491,1955,4,31,,,-9999.0,-9999.0,-9999.0,,,,,,,,,,,
USC00043491,1955,4,4,,,0.0,0.0,0.0,,,,,,,,,,,
USC00043491,1955,4,5,,,0.0,0.0,0.0,,,,,,,,,,,
USC00043491,1955,4,6,,,0.0,0.0,0.0,,,,,,,,,,,
USC00043491,1955,4,7,,,0.0,0.0,0.0,,,,,,,,,,,
USC00043491,1955,4,8,,,0.0,0.0,0.0,,,,,,,,,,,
USC00043491,1955,4,9,,,0.0,0.0,0.0,,,,,,,,,,,
USC00043491,1955,5,1,,,33.0,0.0,0.0,,,,,,,,,,,
USC00043491,1955,5,10,,,0.0,0.0,0.0,,,,,,,,,,,
USC00043491,1955,5,11,,,0.0,0.0,0.0,,,,,,,,,,,
USC00043491,1955,5,12,,,0.0,0.0,0.0,,,,,,,,,,,
USC00043491,1955,5,13,,,0.0,0.0,0.0,,,,,,,,,,,
USC00043491,1955,5,14,,,0.0,0.0,0.0,,,,,,,,,,,
USC00043491,1955,5,15,,,0.0,0.0,0.0,,,,,,,,,,,
USC00043491,1955,5,16,,,0.0,0.0,0.0,,,,,,,,,,,
USC00043491,1955,5,17,,,0.0,0.0,0.0,,,,,,,,,,,
USC00043491,1955,5,18,,,0.0,0.0,0.0,,,,,,,,,,,
USC00043491,1955,5,19,,,0.0,0.0,0.0,,,,,,,,,,,
USC00043491,1955,5,2,,,28.0,0.0,0.0,,,,,,,,,,,
USC00043491,1955,5,20,,,0.0,0.0,0.0,,,,,,,,,,,
USC00043491,1955,5,21,,,0.0,0.0,0.0,,,,,,,,,,,
USC00043491,1955,5,22,,,0.0,0.0,0.0,,,,,,,,,,,
USC00043491,1955,5,23,,,0.0,0.0,0.0,,,,,,,,,,,
USC00043491,1955,5,24,,,8.0,0.0,0.0,,,,,,,,,,,
USC00043491,1955,5,25,,,0.0,0.0,0.0,,,,,,,,,,,
USC00043491,1955,5,26,,,0.0,0.0,0.0,,,,,,,,,,,
USC00043491,1955,5,27,,,0.0,0.0,0.0,,,,,,,,,,,
USC00043491,1955,5,28,,,0.0,0.0,0.0,,,,,,,,,,,
USC00043491,1955,5,29,,,0.0,0.0,0.0,,,,,,,,,,,
USC00043491,1955,5,3,,,0.0,0.0,0.0,,,,,,,,,,,
USC00043491,1955,5,30,,,0.0,0.0,0.0,,,,,,,,,,,
USC00043491,1955,5,31,,,41.0,0.0,0.0,,,,,,,,,,,
USC00043491,1955,5,4,,,0.0,0.0,0.0,,,,,,,,,,,
USC00043491,1955,5,5,,,0.0,0.0,0.0,,,,,,,,,,,
USC00043491,1955,5,6,,,0.0,0.0,0.0,,,,,,,,,,,
USC00043491,1955,5,7,,,41.0,0.0,0.0,,,,,,,,,,,
USC00043491,1955,5,8,,,107.0,0.0,0.0,,,,,,,,,,,
USC00043491,1955,5,9,,,0.0,0.0,0.0,,,,,,,,,,,
USC00043491,1955,6,1,,,0.0,0.0,0.0,,,,,,,,,,,
USC00043491,1955,6,10,,,0.0,0.0,0.0,,,,,,,,,,,
USC00043491,1955,6,11,,,3.0,0.0,0.0,,,,,,,,,,,
USC00043491,1955,6,12,,,10.0,0.0,0.0,,,,,,,,,,,
USC00043491,1955,6,13,,,3.0,0.0,0.0,,,,,,,,,,,
USC00043491,1955,6,14,,,0.0,0.0,0.0,,,,,,,,,,,
USC00043491,1955,6,15,,,0.0,0.0,0.0,,,,,,,,,,,
USC00043491,1955,6,16,,,0.0,0.0,0.0,,,,,,,,,,,
USC00043491,1955,6,17,,,0.0,0.0,0.0,,,,,,,,,,,
USC00043491,1955,6,18,,,0.0,0.0,0.0,,,,,,,,,,,
USC00043491,1955,6,19,,,0.0,0.0,0.0,,,,,,,,,,,
USC00043491,1955,6,2,,,0.0,0.0,0.0,,,,,,,,,,,
USC00043491,1955,6,20,,,0.0,0.0,0.0,,,,,,,,,,,
USC00043491,1955,6,21,,,0.0,0.0,0.0,,,,,,,,,,,
USC00043491,1955,6,22,,,0.0,0.0,0.0,,,,,,,,,,,
USC00043491,1955,6,23,,,0.0,0.0,0.0,,,,,,,,,,,
USC00043491,1955,6,24,,,0.0,0.0,0.0,,,,,,,,,,,
USC00043491,1955,6,25,,,0.0,0.0,0.0,,,,,,,,,,,
USC00043491,1955,6,26,,,0.0,0.0,0.0,,,,,,,,,,,
USC00043491,1955,6,27,,,0.0,0.0,0.0,,,,,,,,,,,
USC00043491,1955,6,28,,,0.0,0.0,0.0,,,,,,,,,,,
USC00043491,1955,6,29,,,0.0,0.0,0.0,,,,,,,,,,,
USC00043491,1955,6,3,,,0.0,0.0,0.0,,,,,,,,,,,
USC00043491,1955,6,30,,,0.0,0.0,0.0,,,,,,,,,,,
USC00043491,1955,6,31,,,-9999.0,-9999.0,-9999.0,,,,,,,,,,,
USC00043491,1955,6,4,,,0.0,0.0,0.0,,,,,,,,,,,
USC00043491,1955,6,5,,,0.0,0.0,0.0,,,,,,,,,,,
USC00043491,1955,6,6,,,0.0,0.0,0.0,,,,,,,,,,,
USC00043491,1955,6,7,,,0.0,0.0,0.0,,,,,,,,,,,
USC00043491,1955,6,8,,,0.0,0.0,0.0,,,,,,,,,,,
USC00043491,1955,6,9,,,0.0,0.0,0.0,,,,,,,,,,,
USC00043491,1955,7,1,,,0.0,0.0,0.0,,,,,,,,,,,
USC00043491,1955,7,10,,,0.0,0.0,0.0,,,,,,,,,,,
USC00043491,1955,7,11,,,0.0,0.0,0.0,,,,,,,,,,,
USC00043491,1955,7,12,,,0.0,0.0,0.0,,,,,,,,,,,
USC00043491,1955,7,13,,,0.0,0.0,0.0,,,,,,,,,,,
USC00043491,1955,7,14,,,0.0,0.0,0.0,,,,,,,,,,,
USC00043491,1955,7,15,,,33.0,0.0,0.0,,,,,,,,,,,
USC00043491,1955,7,16,,,0.0,0.0,0.0,,,,,,,,,,,
USC00043491,1955,7,17,,,0.0,0.0,0.0,,,,,,,,,,,
USC00043491,1955,7,18,,,0.0,0.0,0.0,,,,,,,,,,,
USC00043491,1955,7,19,,,0.0,0.0,0.0,,,,,,,,,,,
USC00043491,1955,7,2,,,0.0,0.0,0.0,,,,,,,,,,,
USC00043491,1955,7,20,,,0.0,0.0,0.0,,,,,,,,,,,
USC00043491,1955,7,21,,,0.0,0.0,0.0,,,,,,,,,,,
USC00043491,1955,7,22,,,0.0,0.0,0.0,,,,,,,,,,,
USC00043491,1955,7,23,,,0.0,0.0,0.0,,,,,,,,,,,
USC00043491,1955,7,24,,,0.0,0.0,0.0,,,,,,,,,,,
USC00043491,1955,7,25,,,0.0,0.0,0.0,,,,,,,,,,,
USC00043491,1955,7,26,,,0.0,0.0,0.0,,,,,,,,,,,
USC00043491,1955,7,27,,,0.0,0.0,0.0,,,,,,,,,,,
USC00043491,1955,7,28,,,0.0,0.0,0.0,,,,,,,,,,,
USC00043491,1955,7,29,,,0.0,0.0,0.0,,,,,,,,,,,
USC00043491,1955,7,3,,,43.0,0.0,0.0,,,,,,,,,,,
USC00043491,1955,7,30,,,0.0,0.0,0.0,,,,,,,,,,,
USC00043491,1955,7,31,,,0.0,0.0,0.0,,,,,,,,,,,
USC00043491,1955,7,4,,,0.0,0.0,0.0,,,,,,,,,,,
USC00043491,1955,7,5,,,0.0,0.0,0.0,,,,,,,,,,,
USC00043491,1955,7,6,,,0.0,0.0,0.0,,,,,,,,,,,
USC00043491,1955,7,7,,,0.0,0.0,0.0,,,,,,,,,,,
USC00043491,1955,7,8,,,0.0,0.0,0.0,,,,,,,,,,,
USC00043491,1955,7,9,,,0.0,0.0,0.0,,,,,,,,,,,
USC00043491,1955,8,1,,,0.0,0.0,0.0,,,,,,,,,,,
USC00043491,1955,8,10,,,0.0,0.0,0.0,,,,,,,,,,,
USC00043491,1955,8,11,,,0.0,0.0,0.0,,,,,,,,,,,
USC00043491,1955,8,12,,,0.0,0.0,0.0,,,,,,,,,,,
USC00043491,1955,8,13,,,0.0,0.0,0.0,,,,,,,,,,,
USC00043491,1955,8,14,,,0.0,0.0,0.0,,,,,,,,,,,
USC00043491,1955,8,15,,,0.0,0.0,0.0,,,,,,,,,,,
USC00043491,1955,8,16,,,0.0,0.0,0.0,,,,,,,,,,,
USC00043491,1955,8,17,,,0.0,0.0,0.0,,,,,,,,,,,
USC00043491,1955,8,18,,,0.0,0.0,0.0,,,,,,,,,,,
USC00043491,1955,8,19,,,0.0,0.0,0.0,,,,,,,,,,,
USC00043491,1955,8,2,,,0.0,0.0,0.0,,,,,,,,,,,
USC00043491,1955,8,20,,,0.0,0.0,0.0,,,,,,,,,,,
USC00043491,1955,8,21,,,0.0,0.0,0.0,,,,,,,,,,,
USC00043491,1955,8,22,,,0.0,0.0,0.0,,,,,,,,,,,
USC00043491,1955,8,23,,,0.0,0.0,0.0,,,,,,,,,,,
USC00043491,1955,8,24,,,0.0,0.0,0.0,,,,,,,,,,,
USC00043491,1955,8,25,,,0.0,0.0,0.0,,,,,,,,,,,
USC00043491,1955,8,26,,,0.0,0.0,0.0,,,,,,,,,,,
USC00043491,1955,8,27,,,0.0,0.0,0.0,,,,,,,,,,,
USC00043491,1955,8,28,,,0.0,0.0,0.0,,,,,,,,,,,
USC00043491,1955,8,29,,,0.0,0.0,0.0,,,,,,,,,,,
USC00043491,1955,8,3,,,0.0,0.0,0.0,,,,,,,,,,,
USC00043491,1955,8,30,,,0.0,0.0,0.0,,,,,,,,,,,
USC00043491,1955,8,31,,,0.0,0.0,0.0,,,,,,,,,,,
USC00043491,1955,8,4,,,0.0,0.0,0.0,,,,,,,,,,,
USC00043491,1955,8,5,,,0.0,0.0,0.0,,,,,,,,,,,
USC00043491,1955,8,6,,,0.0,0.0,0.0,,,,,,,,,,,
USC00043491,1955,8,7,,,0.0,0.0,0.0,,,,,,,,,,,
USC00043491,1955,8,8,,,0.0,0.0,0.0,,,,,,,,,,,
USC00043491,1955,8,9,,,0.0,0.0,0.0,,,,,,,,,,,
USC00043491,1955,9,1,,,0.0,0.0,0.0,,,,,,,,,,,
USC00043491,1955,9,10,,,0.0,0.0,0.0,,,,,,,,,,,
USC00043491,1955,9,11,,,0.0,0.0,0.0,,,,,,,,,,,
USC00043491,1955,9,12,,,0.0,0.0,0.0,,,,,,,,,,,
USC00043491,1955,9,13,,,0.0,0.0,0.0,,,,,,,,,,,
USC00043491,1955,9,14,,,188.0,0.0,0.0,,,,,,,,,,,
USC00043491,1955,9,15,,,5.0,0.0,0.0,,,,,,,,,,,
USC00043491,1955,9,16,,,0.0,0.0,0.0,,,,,,,,,,,
USC00043491,1955,9,17,,,0.0,0.0,0.0,,,,,,,,,,,
USC00043491,1955,9,18,,,5.0,0.0,0.0,,,,,,,,,,,
USC00043491,1955,9,19,,,0.0,0.0,0.0,,,,,,,,,,,
USC00043491,1955,9,2,,,0.0,0.0,0.0,,,,,,,,,,,
USC00043491,1955,9,20,,,0.0,0.0,0.0,,,,,,,,,,,
USC00043491,1955,9,21,,,0.0,0.0,0.0,,,,,,,,,,,
USC00043491,1955,9,22,,,0.0,0.0,0.0,,,,,,,,,,,
USC00043491,1955,9,23,,,0.0,0.0,0.0,,,,,,,,,,,
USC00043491,1955,9,24,,,0.0,0.0,0.0,,,,,,,,,,,
USC00043491,1955,9,25,,,0.0,0.0,0.0,,,,,,,,,,,
USC00043491,1955,9,26,,,0.0,0.0,0.0,,,,,,,,,,,
USC00043491,1955,9,27,,,0.0,0.0,0.0,,,,,,,,,,,
USC00043491,1955,9,28,,,0.0,0.0,0.0,,,,,,,,,,,
USC00043491,1955,9,29,,,0.0,0.0,0.0,,,,,,,,,,,
USC00043491,1955,9,3,,,0.0,0.0,0.0,,,,,,,,,,,
USC00043491,1955,9,30,,,0.0,0.0,0.0,,,,,,,,,,,
USC00043491,1955,9,31,,,-9999.0,-9999.0,-9999.0,,,,,,,,,,,
USC00043491,1955,9,4,,,0.0,0.0,0.0,,,,,,,,,,,
USC00043491,1955,9,5,,,0.0,0.0,0.0,,,,,,,,,,,
USC00043491,1955,9,6,,,0.0,0.0,0.0,,,,,,,,,,,
USC00043491,1955,9,7,,,0.0,0.0,0.0,,,,,,,,,,,
USC00043491,1955,9,8,,,0.0,0.0,0.0,,,,,,,,,,,
USC00043491,1955,9,9,,,0.0,0.0,0.0,,,,,,,,,,,
USC00043491,1955,10,1,,,0.0,0.0,0.0,,,,,,,,,,,
USC00043491,1955,10,10,,,97.0,0.0,0.0,,,,,,,,,,,
USC00043491,1955,10,11,,,0.0,0.0,0.0,,,,,,,,,,,
USC00043491,1955,10,12,,,0.0,0.0,0.0,,,,,,,,,,,
USC00043491,1955,10,13,,,0.0,0.0,0.0,,,,,,,,,,,
USC00043491,1955,10,14,,,0.0,0.0,0.0,,,,,,,,,,,
USC00043491,1955,10,15,,,0.0,0.0,0.0,,,,,,,,,,,
USC00043491,1955,10,16,,,0.0,0.0,0.0,,,,,,,,,,,
USC00043491,1955,10,17,,,0.0,0.0,0.0,,,,,,,,,,,
USC00043491,1955,10,18,,,0.0,0.0,0.0,,,,,,,,,,,
USC00043491,1955,10,19,,,0.0,0.0,0.0,,,,,,,,,,,
USC00043491,1955,10,2,,,0.0,0.0,0.0,,,,,,,,,,,
USC00043491,1955,10,20,,,0.0,0.0,0.0,,,,,,,,,,,
USC00043491,1955,10,21,,,0.0,0.0,0.0,,,,,,,,,,,
USC00043491,1955,10,22,,,0.0,0.0,0.0,,,,,,,,,,,
USC00043491,1955,10,23,,,0.0,0.0,0.0,,,,,,,,,,,
USC00043491,1955,10,24,,,0.0,0.0,0.0,,,,,,,,,,,
USC00043491,1955,10,25,,,0.0,0.0,0.0,,,,,,,,,,,
USC00043491,1955,10,26,,,114.0,0.0,0.0,,,,,,,,,,,
USC00043491,1955,10,27,,,0.0,0.0,0.0,,,,,,,,,,,
USC00043491,1955,10,28,,,0.0,0.0,0.0,,,,,,,,,,,
USC00043491,1955,10,29,,,0.0,0.0,0.0,,,,,,,,,,,
USC00043491,1955,10,3,,,0.0,0.0,0.0,,,,,,,,,,,
USC00043491,1955,10,30,,,0.0,0.0,0.0,,,,,,,,,,,
USC00043491,1955,10,31,,,0.0,0.0,0.0,,,,,,,,,,,
USC00043491,1955,10,4,,,0.0,0.0,0.0,,,,,,,,,,,
USC00043491,1955,10,5,,,0.0,0.0,0.0,,,,,,,,,,,
USC00043491,1955,10,6,,,0.0,0.0,0.0,,,,,,,,,,,
USC00043491,1955,10,7,,,0.0,0.0,0.0,,,,,,,,,,,
USC00043491,1955,10,8,,,0.0,0.0,0.0,,,,,,,,,,,
USC00043491,1955,10,9,,,0.0,0.0,0.0,,,,,,,,,,,
USC00043491,1955,11,1,,,0.0,0.0,0.0,,,,,,,,,,,
USC00043491,1955,11,10,,,0.0,0.0,0.0,,,,,,,,,,,
USC00043491,1955,11,11,,,0.0,0.0,0.0,,,,,,,,,,,
USC00043491,1955,11,12,,,0.0,0.0,0.0,,,,,,,,,,,
USC00043491,1955,11,13,,,262.0,-9999.0,-9999.0,,,,,,,,,,,
USC00043491,1955,11,14,,,203.0,0.0,-9999.0,,,,,,,,,,,
USC00043491,1955,11,15,,,0.0,0.0,-9999.0,,,,,,,,,,,
USC00043491,1955,11,16,,,203.0,0.0,-9999.0,,,,,,,,,,,
USC00043491,1955,11,17,,,249.0,-9999.0,-9999.0,,,,,,,,,,,
USC00043491,1955,11,18,,,66.0,0.0,-9999.0,,,,,,,,,,,
USC00043491,1955,11,19,,,79.0,0.0,-9999.0,,,,,,,,,,,
USC00043491,1955,11,2,,,0.0,0.0,0.0,,,,,,,,,,,
USC00043491,1955,11,20,,,170.0,0.0,-9999.0,,,,,,,,,,,
USC00043491,1955,11,21,,,127.0,0.0,-9999.0,,,,,,,,,,,
USC00043491,1955,11,22,,,0.0,0.0,-9999.0,,,,,,,,,,,
USC00043491,1955,11,23,,,140.0,0.0,-9999.0,,,,,,,,,,,
USC00043491,1955,11,24,,,0.0,0.0,-9999.0,,,,,,,,,,,
USC00043491,1955,11,25,,,0.0,0.0,-9999.0,,,,,,,,,,,
USC00043491,1955,11,26,,,0.0,0.0,-9999.0,,,,,,,,,,,
USC00043491,1955,11,27,,,0.0,0.0,-9999.0,,,,,,,,,,,
USC00043491,1955,11,28,,,0.0,0.0,-9999.0,,,,,,,,,,,
USC00043491,1955,11,29,,,0.0,0.0,-9999.0,,,,,,,,,,,
USC00043491,1955,11,3,,,0.0,0.0,0.0,,,,,,,,,,,
USC00043491,1955,11,30,,,0.0,0.0,-9999.0,,,,,,,,,,,
USC00043491,1955,11,31,,,-9999.0,-9999.0,-9999.0,,,,,,,,,,,
USC00043491,1955,11,4,,,0.0,0.0,0.0,,,,,,,,,,,
USC00043491,1955,11,5,,,8.0,0.0,0.0,,,,,,,,,,,
USC00043491,1955,11,6,,,0.0,0.0,0.0,,,,,,,,,,,
USC00043491,1955,11,7,,,0.0,0.0,0.0,,,,,,,,,,,
USC00043491,1955,11,8,,,0.0,0.0,0.0,,,,,,,,,,,
USC00043491,1955,11,9,,,0.0,0.0,0.0,,,,,,,,,,,
USC00043491,1955,12,1,,,518.0,0.0,0.0,,,,,,,,,,,
USC00043491,1955,12,10,,,0.0,0.0,0.0,,,,,,,,,,,
USC00043491,1955,12,11,,,0.0,0.0,0.0,,,,,,,,,,,
USC00043491,1955,12,12,,,0.0,0.0,0.0,,,,,,,,,,,
USC00043491,1955,12,13,,,0.0,0.0,0.0,,,,,,,,,,,
USC00043491,1955,12,14,,,0.0,0.0,0.0,,,,,,,,,,,
USC00043491,1955,12,15,,,0.0,0.0,0.0,,,,,,,,,,,
USC00043491,1955,12,16,,,191.0,0.0,0.0,,,,,,,,,,,
USC00043491,1955,12,17,,,320.0,0.0,0.0,,,,,,,,,,,
USC00043491,1955,12,18,,,119.0,0.0,0.0,,,,,,,,,,,
USC00043491,1955,12,19,,,1303.0,0.0,0.0,,,,,,,,,,,
USC00043491,1955,12,2,,,114.0,0.0,0.0,,,,,,,,,,,
USC00043491,1955,12,20,,,691.0,0.0,0.0,,,,,,,,,,,
USC00043491,1955,12,21,,,358.0,0.0,0.0,,,,,,,,,,,
USC00043491,1955,12,22,,,1765.0,0.0,0.0,,,,,,,,,,,
USC00043491,1955,12,23,,,1585.0,0.0,0.0,,,,,,,,,,,
USC00043491,1955,12,24,,,330.0,0.0,0.0,,,,,,,,,,,
USC00043491,1955,12,25,,,64.0,0.0,0.0,,,,,,,,,,,
USC00043491,1955,12,26,,,780.0,0.0,0.0,,,,,,,,,,,
USC00043491,1955,12,27,,,10.0,0.0,0.0,,,,,,,,,,,
USC00043491,1955,12,28,,,41.0,0.0,0.0,,,,,,,,,,,
USC00043491,1955,12,29,,,18.0,0.0,0.0,,,,,,,,,,,
USC00043491,1955,12,3,,,25.0,0.0,0.0,,,,,,,,,,,
USC00043491,1955,12,30,,,53.0,0.0,0.0,,,,,,,,,,,
USC00043491,1955,12,31,,,56.0,0.0,0.0,,,,,,,,,,,
USC00043491,1955,12,4,,,0.0,0.0,0.0,,,,,,,,,,,
USC00043491,1955,12,5,,,84.0,0.0,0.0,,,,,,,,,,,
USC00043491,1955,12,6,,,945.0,0.0,0.0,,,,,,,,,,,
USC00043491,1955,12,7,,,13.0,0.0,0.0,,,,,,,,,,,
USC00043491,1955,12,8,,,132.0,0.0,0.0,,,,,,,,,,,
USC00043491,1955,12,9,,,178.0,0.0,0.0,,,,,,,,,,,
USC00043491,1956,1,1,,,236.0,,,,,,,,,,,,,
USC00043491,1956,1,10,,,178.0,,,,,,,,,,,,,
USC00043491,1956,1,11,,,0.0,,,,,,,,,,,,,
USC00043491,1956,1,12,,,0.0,,,,,,,,,,,,,
USC00043491,1956,1,13,,,188.0,,,,,,,,,,,,,
USC00043491,1956,1,14,,,668.0,,,,,,,,,,,,,
USC00043491,1956,1,15,,,787.0,,,,,,,,,,,,,
USC00043491,1956,1,16,,,28.0,,,,,,,,,,,,,
USC00043491,1956,1,17,,,0.0,,,,,,,,,,,,,
USC00043491,1956,1,18,,,0.0,,,,,,,,,,,,,
USC00043491,1956,1,19,,,30.0,,,,,,,,,,,,,
USC00043491,1956,1,2,,,0.0,,,,,,,,,,,,,
USC00043491,1956,1,20,,,196.0,,,,,,,,,,,,,
USC00043491,1956,1,21,,,64.0,,,,,,,,,,,,,
USC00043491,1956,1,22,,,429.0,,,,,,,,,,,,,
USC00043491,1956,1,23,,,18.0,,,,,,,,,,,,,
USC00043491,1956,1,24,,,0.0,,,,,,,,,,,,,
USC00043491,1956,1,25,,,386.0,,,,,,,,,,,,,
USC00043491,1956,1,26,,,488.0,,,,,,,,,,,,,
USC00043491,1956,1,27,,,71.0,,,,,,,,,,,,,
USC00043491,1956,1,28,,,0.0,,,,,,,,,,,,,
USC00043491,1956,1,29,,,0.0,,,,,,,,,,,,,
USC00043491,1956,1,3,,,0.0,,,,,,,,,,,,,
USC00043491,1956,1,30,,,0.0,,,,,,,,,,,,,
USC00043491,1956,1,31,,,0.0,,,,,,,,,,,,,
USC00043491,1956,1,4,,,13.0,,,,,,,,,,,,,
USC00043491,1956,1,5,,,800.0,,,,,,,,,,,,,
USC00043491,1956,1,6,,,0.0,,,,,,,,,,,,,
USC00043491,1956,1,7,,,43.0,,,,,,,,,,,,,
USC00043491,1956,1,8,,,185.0,,,,,,,,,,,,,
USC00043491,1956,1,9,,,15.0,,,,,,,,,,,,,
USC00043491,1956,2,1,,,0.0,0.0,0.0,,,,,,,,,,,
USC00043491,1956,2,10,,,0.0,0.0,0.0,,,,,,,,,,,
USC00043491,1956,2,11,,,0.0,0.0,0.0,,,,,,,,,,,
USC00043491,1956,2,12,,,0.0,0.0,0.0,,,,,,,,,,,
USC00043491,1956,2,13,,,0.0,0.0,0.0,,,,,,,,,,,
USC00043491,1956,2,14,,,0.0,0.0,0.0,,,,,,,,,,,
USC00043491,1956,2,15,,,0.0,0.0,0.0,,,,,,,,,,,
USC00043491,1956,2,16,,,0.0,0.0,0.0,,,,,,,,,,,
USC00043491,1956,2,17,,,33.0,0.0,0.0,,,,,,,,,,,
USC00043491,1956,2,18,,,81.0,0.0,0.0,,,,,,,,,,,
USC00043491,1956,2,19,,,234.0,0.0,0.0,,,,,,,,,,,
USC00043491,1956,2,2,,,0.0,0.0,0.0,,,,,,,,,,,
USC00043491,1956,2,20,,,480.0,0.0,0.0,,,,,,,,,,,
USC00043491,1956,2,21,,,94.0,0.0,0.0,,,,,,,,,,,
USC00043491,1956,2,22,,,455.0,0.0,0.0,,,,,,,,,,,
USC00043491,1956,2,23,,,99.0,0.0,0.0,,,,,,,,,,,
USC00043491,1956,2,24,,,76.0,0.0,0.0,,,,,,,,,,,
USC00043491,1956,2,25,,,239.0,0.0,0.0,,,,,,,,,,,
USC00043491,1956,2,26,,,28.0,0.0,0.0,,,,,,,,,,,
USC00043491,1956,2,27,,,0.0,0.0,0.0,,,,,,,,,,,
USC00043491,1956,2,28,,,0.0,0.0,0.0,,,,,,,,,,,
USC00043491,1956,2,29,,,76.0,0.0,0.0,,,,,,,,,,,
USC00043491,1956,2,3,,,0.0,0.0,0.0,,,,,,,,,,,
USC00043491,1956,2,30,,,-9999.0,-9999.0,-9999.0,,,,,,,,,,,
USC00043491,1956,2,31,,,-9999.0,-9999.0,-9999.0,,,,,,,,,,,
USC00043491,1956,2,4,,,0.0,0.0,0.0,,,,,,,,,,,
USC00043491,1956,2,5,,,0.0,0.0,0.0,,,,,,,,,,,
USC00043491,1956,2,6,,,0.0,0.0,0.0,,,,,,,,,,,
USC00043491,1956,2,7,,,0.0,0.0,0.0,,,,,,,,,,,
USC00043491,1956,2,8,,,0.0,0.0,0.0,,,,,,,,,,,
USC00043491,1956,2,9,,,0.0,0.0,0.0,,,,,,,,,,,
USC00043491,1956,3,1,,,0.0,0.0,0.0,,,,,,,,,,,
USC00043491,1956,3,10,,,0.0,0.0,0.0,,,,,,,,,,,
USC00043491,1956,3,11,,,0.0,0.0,0.0,,,,,,,,,,,
USC00043491,1956,3,12,,,0.0,0.0,0.0,,,,,,,,,,,
USC00043491,1956,3,13,,,0.0,0.0,0.0,,,,,,,,,,,
USC00043491,1956,3,14,,,0.0,0.0,0.0,,,,,,,,,,,
USC00043491,1956,3,15,,,0.0,0.0,0.0,,,,,,,,,,,
USC00043491,1956,3,16,,,0.0,0.0,0.0,,,,,,,,,,,
USC00043491,1956,3,17,,,0.0,0.0,0.0,,,,,,,,,,,
USC00043491,1956,3,18,,,0.0,0.0,0.0,,,,,,,,,,,
USC00043491,1956,3,19,,,0.0,0.0,0.0,,,,,,,,,,,
USC00043491,1956,3,2,,,0.0,0.0,0.0,,,,,,,,,,,
USC00043491,1956,3,20,,,0.0,0.0,0.0,,,,,,,,,,,
USC00043491,1956,3,21,,,0.0,0.0,0.0,,,,,,,,,,,
USC00043491,1956,3,22,,,0.0,0.0,0.0,,,,,,,,,,,
USC00043491,1956,3,23,,,0.0,0.0,0.0,,,,,,,,,,,
USC00043491,1956,3,24,,,0.0,0.0,0.0,,,,,,,,,,,
USC00043491,1956,3,25,,,0.0,0.0,0.0,,,,,,,,,,,
USC00043491,1956,3,26,,,20.0,0.0,0.0,,,,,,,,,,,
USC00043491,1956,3,27,,,0.0,0.0,0.0,,,,,,,,,,,
USC00043491,1956,3,28,,,0.0,0.0,0.0,,,,,,,,,,,
USC00043491,1956,3,29,,,0.0,0.0,0.0,,,,,,,,,,,
USC00043491,1956,3,3,,,0.0,0.0,0.0,,,,,,,,,,,
USC00043491,1956,3,30,,,0.0,0.0,0.0,,,,,,,,,,,
USC00043491,1956,3,31,,,46.0,0.0,0.0,,,,,,,,,,,
USC00043491,1956,3,4,,,0.0,0.0,0.0,,,,,,,,,,,
USC00043491,1956,3,5,,,168.0,0.0,0.0,,,,,,,,,,,
USC00043491,1956,3,6,,,0.0,0.0,0.0,,,,,,,,,,,
USC00043491,1956,3,7,,,0.0,0.0,0.0,,,,,,,,,,,
USC00043491,1956,3,8,,,0.0,0.0,0.0,,,,,,,,,,,
USC00043491,1956,3,9,,,0.0,0.0,0.0,,,,,,,,,,,
USC00043491,1956,4,1,,,5.0,0.0,0.0,,,,,,,,,,,
USC00043491,1956,4,10,,,71.0,0.0,0.0,,,,,,,,,,,
USC00043491,1956,4,11,,,155.0,0.0,0.0,,,,,,,,,,,
USC00043491,1956,4,12,,,91.0,-9999.0,-9999.0,,,,,,,,,,,
USC00043491,1956,4,13,,,25.0,0.0,0.0,,,,,,,,,,,
USC00043491,1956,4,14,,,61.0,0.0,0.0,,,,,,,,,,,
USC00043491,1956,4,15,,,0.0,0.0,0.0,,,,,,,,,,,
USC00043491,1956,4,16,,,0.0,0.0,0.0,,,,,,,,,,,
USC00043491,1956,4,17,,,0.0,0.0,0.0,,,,,,,,,,,
USC00043491,1956,4,18,,,0.0,0.0,0.0,,,,,,,,,,,
USC00043491,1956,4,19,,,0.0,0.0,0.0,,,,,,,,,,,
USC00043491,1956,4,2,,,0.0,0.0,0.0,,,,,,,,,,,
USC00043491,1956,4,20,,,0.0,0.0,0.0,,,,,,,,,,,
USC00043491,1956,4,21,,,0.0,0.0,0.0,,,,,,,,,,,
USC00043491,1956,4,22,,,0.0,0.0,0.0,,,,,,,,,,,
USC00043491,1956,4,23,,,0.0,0.0,0.0,,,,,,,,,,,
USC00043491,1956,4,24,,,0.0,0.0,0.0,,,,,,,,,,,
USC00043491,1956,4,25,,,64.0,0.0,0.0,,,,,,,,,,,
USC00043491,1956,4,26,,,462.0,0.0,0.0,,,,,,,,,,,
USC00043491,1956,4,27,,,13.0,0.0,0.0,,,,,,,,,,,
USC00043491,1956,4,28,,,0.0,0.0,0.0,,,,,,,,,,,
USC00043491,1956,4,29,,,0.0,0.0,0.0,,,,,,,,,,,
USC00043491,1956,4,3,,,0.0,0.0,0.0,,,,,,,,,,,
USC00043491,1956,4,30,,,0.0,0.0,0.0,,,,,,,,,,,
USC00043491,1956,4,31,,,-9999.0,-9999.0,-9999.0,,,,,,,,,,,
USC00043491,1956,4,4,,,0.0,0.0,0.0,,,,,,,,,,,
USC00043491,1956,4,5,,,0.0,0.0,0.0,,,,,,,,,,,
USC00043491,1956,4,6,,,0.0,0.0,0.0,,,,,,,,,,,
USC00043491,1956,4,7,,,0.0,0.0,0.0,,,,,,,,,,,
USC00043491,1956,4,8,,,0.0,0.0,0.0,,,,,,,,,,,
USC00043491,1956,4,9,,,0.0,0.0,0.0,,,,,,,,,,,
USC00043491,1956,5,1,,,0.0,0.0,0.0,,,,,,,,,,,
USC00043491,1956,5,10,,,0.0,0.0,0.0,,,,,,,,,,,
USC00043491,1956,5,11,,,231.0,0.0,0.0,,,,,,,,,,,
USC00043491,1956,5,12,,,112.0,0.0,0.0,,,,,,,,,,,
USC00043491,1956,5,13,,,0.0,0.0,0.0,,,,,,,,,,,
USC00043491,1956,5,14,,,0.0,0.0,0.0,,,,,,,,,,,
USC00043491,1956,5,15,,,0.0,0.0,0.0,,,,,,,,,,,
USC00043491,1956,5,16,,,0.0,0.0,0.0,,,,,,,,,,,
USC00043491,1956,5,17,,,0.0,0.0,0.0,,,,,,,,,,,
USC00043491,1956,5,18,,,8.0,0.0,0.0,,,,,,,,,,,
USC00043491,1956,5,19,,,0.0,0.0,0.0,,,,,,,,,,,
USC00043491,1956,5,2,,,0.0,0.0,0.0,,,,,,,,,,,
USC00043491,1956,5,20,,,0.0,0.0,0.0,,,,,,,,,,,
USC00043491,1956,5,21,,,0.0,0.0,0.0,,,,,,,,,,,
USC00043491,1956,5,22,,,0.0,0.0,0.0,,,,,,,,,,,
USC00043491,1956,5,23,,,0.0,0.0,0.0,,,,,,,,,,,
USC00043491,1956,5,24,,,0.0,0.0,0.0,,,,,,,,,,,
USC00043491,1956,5,25,,,0.0,0.0,0.0,,,,,,,,,,,
USC00043491,1956,5,26,,,0.0,0.0,0.0,,,,,,,,,,,
USC00043491,1956,5,27,,,0.0,0.0,0.0,,,,,,,,,,,
USC00043491,1956,5,28,,,0.0,0.0,0.0,,,,,,,,,,,
USC00043491,1956,5,29,,,0.0,0.0,0.0,,,,,,,,,,,
USC00043491,1956,5,3,,,0.0,0.0,0.0,,,,,,,,,,,
USC00043491,1956,5,30,,,5.0,0.0,0.0,,,,,,,,,,,
USC00043491,1956,5,31,,,0.0,0.0,0.0,,,,,,,,,,,
USC00043491,1956,5,4,,,673.0,0.0,0.0,,,,,,,,,,,
USC00043491,1956,5,5,,,20.0,0.0,0.0,,,,,,,,,,,
USC00043491,1956,5,6,,,43.0,0.0,0.0,,,,,,,,,,,
USC00043491,1956,5,7,,,249.0,0.0,0.0,,,,,,,,,,,
USC00043491,1956,5,8,,,5.0,0.0,0.0,,,,,,,,,,,
USC00043491,1956,5,9,,,135.0,0.0,0.0,,,,,,,,,,,
USC00043491,1956,6,1,,,0.0,0.0,0.0,,,,,,,,,,,
USC00043491,1956,6,10,,,0.0,0.0,0.0,,,,,,,,,,,
USC00043491,1956,6,11,,,0.0,0.0,0.0,,,,,,,,,,,
USC00043491,1956,6,12,,,0.0,0.0,0.0,,,,,,,,,,,
USC00043491,1956,6,13,,,0.0,0.0,0.0,,,,,,,,,,,
USC00043491,1956,6,14,,,5.0,0.0,0.0,,,,,,,,,,,
USC00043491,1956,6,15,,,0.0,0.0,0.0,,,,,,,,,,,
USC00043491,1956,6,16,,,0.0,0.0,0.0,,,,,,,,,,,
USC00043491,1956,6,17,,,0.0,0.0,0.0,,,,,,,,,,,
USC00043491,1956,6,18,,,0.0,0.0,0.0,,,,,,,,,,,
USC00043491,1956,6,19,,,5.0,0.0,0.0,,,,,,,,,,,
USC00043491,1956,6,2,,,0.0,0.0,0.0,,,,,,,,,,,
USC00043491,1956,6,20,,,0.0,0.0,0.0,,,,,,,,,,,
USC00043491,1956,6,21,,,0.0,0.0,0.0,,,,,,,,,,,
USC00043491,1956,6,22,,,0.0,0.0,0.0,,,,,,,,,,,
USC00043491,1956,6,23,,,0.0,0.0,0.0,,,,,,,,,,,
USC00043491,1956,6,24,,,0.0,0.0,0.0,,,,,,,,,,,
USC00043491,1956,6,25,,,0.0,0.0,0.0,,,,,,,,,,,
USC00043491,1956,6,26,,,0.0,0.0,0.0,,,,,,,,,,,
USC00043491,1956,6,27,,,0.0,0.0,0.0,,,,,,,,,,,
USC00043491,1956,6,28,,,0.0,0.0,0.0,,,,,,,,,,,
USC00043491,1956,6,29,,,0.0,0.0,0.0,,,,,,,,,,,
USC00043491,1956,6,3,,,0.0,0.0,0.0,,,,,,,,,,,
USC00043491,1956,6,30,,,0.0,0.0,0.0,,,,,,,,,,,
USC00043491,1956,6,31,,,-9999.0,-9999.0,-9999.0,,,,,,,,,,,
USC00043491,1956,6,4,,,0.0,0.0,0.0,,,,,,,,,,,
USC00043491,1956,6,5,,,0.0,0.0,0.0,,,,,,,,,,,
USC00043491,1956,6,6,,,0.0,0.0,0.0,,,,,,,,,,,
USC00043491,1956,6,7,,,0.0,0.0,0.0,,,,,,,,,,,
USC00043491,1956,6,8,,,0.0,0.0,0.0,,,,,,,,,,,
USC00043491,1956,6,9,,,0.0,0.0,0.0,,,,,,,,,,,
USC00043491,1956,7,1,,,0.0,0.0,0.0,,,,,,,,,,,
USC00043491,1956,7,10,,,0.0,0.0,0.0,,,,,,,,,,,
USC00043491,1956,7,11,,,0.0,0.0,0.0,,,,,,,,,,,
USC00043491,1956,7,12,,,0.0,0.0,0.0,,,,,,,,,,,
USC00043491,1956,7,13,,,0.0,0.0,0.0,,,,,,,,,,,
USC00043491,1956,7,14,,,0.0,0.0,0.0,,,,,,,,,,,
USC00043491,1956,7,15,,,0.0,0.0,0.0,,,,,,,,,,,
USC00043491,1956,7,16,,,0.0,0.0,0.0,,,,,,,,,,,
USC00043491,1956,7,17,,,0.0,0.0,0.0,,,,,,,,,,,
USC00043491,1956,7,18,,,0.0,0.0,0.0,,,,,,,,,,,
USC00043491,1956,7,19,,,0.0,0.0,0.0,,,,,,,,,,,
USC00043491,1956,7,2,,,0.0,0.0,0.0,,,,,,,,,,,
USC00043491,1956,7,20,,,0.0,0.0,0.0,,,,,,,,,,,
USC00043491,1956,7,21,,,0.0,0.0,0.0,,,,,,,,,,,
USC00043491,1956,7,22,,,0.0,0.0,0.0,,,,,,,,,,,
USC00043491,1956,7,23,,,0.0,0.0,0.0,,,,,,,,,,,
USC00043491,1956,7,24,,,0.0,0.0,0.0,,,,,,,,,,,
USC00043491,1956,7,25,,,0.0,0.0,0.0,,,,,,,,,,,
USC00043491,1956,7,26,,,0.0,0.0,0.0,,,,,,,,,,,
USC00043491,1956,7,27,,,0.0,0.0,0.0,,,,,,,,,,,
USC00043491,1956,7,28,,,0.0,0.0,0.0,,,,,,,,,,,
USC00043491,1956,7,29,,,0.0,0.0,0.0,,,,,,,,,,,
USC00043491,1956,7,3,,,0.0,0.0,0.0,,,,,,,,,,,
USC00043491,1956,7,30,,,0.0,0.0,0.0,,,,,,,,,,,
USC00043491,1956,7,31,,,0.0,0.0,0.0,,,,,,,,,,,
USC00043491,1956,7,4,,,0.0,0.0,0.0,,,,,,,,,,,
USC00043491,1956,7,5,,,0.0,0.0,0.0,,,,,,,,,,,
USC00043491,1956,7,6,,,0.0,0.0,0.0,,,,,,,,,,,
USC00043491,1956,7,7,,,0.0,0.0,0.0,,,,,,,,,,,
USC00043491,1956,7,8,,,0.0,0.0,0.0,,,,,,,,,,,
USC00043491,1956,7,9,,,0.0,0.0,0.0,,,,,,,,,,,
USC00043491,1956,8,1,,,0.0,0.0,0.0,,,,,,,,,,,
USC00043491,1956,8,10,,,0.0,0.0,0.0,,,,,,,,,,,
USC00043491,1956,8,11,,,0.0,0.0,0.0,,,,,,,,,,,
USC00043491,1956,8,12,,,0.0,0.0,0.0,,,,,,,,,,,
USC00043491,1956,8,13,,,0.0,0.0,0.0,,,,,,,,,,,
USC00043491,1956,8,14,,,0.0,0.0,0.0,,,,,,,,,,,
USC00043491,1956,8,15,,,0.0,0.0,0.0,,,,,,,,,,,
USC00043491,1956,8,16,,,0.0,0.0,0.0,,,,,,,,,,,
USC00043491,1956,8,17,,,0.0,0.0,0.0,,,,,,,,,,,
USC00043491,1956,8,18,,,0.0,0.0,0.0,,,,,,,,,,,
USC00043491,1956,8,19,,,0.0,0.0,0.0,,,,,,,,,,,
USC00043491,1956,8,2,,,0.0,0.0,0.0,,,,,,,,,,,
USC00043491,1956,8,20,,,0.0,0.0,0.0,,,,,,,,,,,
USC00043491,1956,8,21,,,0.0,0.0,0.0,,,,,,,,,,,
USC00043491,1956,8,22,,,0.0,0.0,0.0,,,,,,,,,,,
USC00043491,1956,8,23,,,0.0,0.0,0.0,,,,,,,,,,,
USC00043491,1956,8,24,,,0.0,0.0,0.0,,,,,,,,,,,
USC00043491,1956,8,25,,,0.0,0.0,0.0,,,,,,,,,,,
USC00043491,1956,8,26,,,0.0,0.0,0.0,,,,,,,,,,,
USC00043491,1956,8,27,,,0.0,0.0,0.0,,,,,,,,,,,
USC00043491,1956,8,28,,,0.0,0.0,0.0,,,,,,,,,,,
USC00043491,1956,8,29,,,0.0,0.0,0.0,,,,,,,,,,,
USC00043491,1956,8,3,,,0.0,0.0,0.0,,,,,,,,,,,
USC00043491,1956,8,30,,,0.0,0.0,0.0,,,,,,,,,,,
USC00043491,1956,8,31,,,0.0,0.0,0.0,,,,,,,,,,,
USC00043491,1956,8,4,,,0.0,0.0,0.0,,,,,,,,,,,
USC00043491,1956,8,5,,,0.0,0.0,0.0,,,,,,,,,,,
USC00043491,1956,8,6,,,0.0,0.0,0.0,,,,,,,,,,,
USC00043491,1956,8,7,,,0.0,0.0,0.0,,,,,,,,,,,
USC00043491,1956,8,8,,,0.0,0.0,0.0,,,,,,,,,,,
USC00043491,1956,8,9,,,0.0,0.0,0.0,,,,,,,,,,,
USC00043491,1956,9,1,,,0.0,0.0,0.0,,,,,,,,,,,
USC00043491,1956,9,10,,,0.0,0.0,0.0,,,,,,,,,,,
USC00043491,1956,9,11,,,0.0,0.0,0.0,,,,,,,,,,,
USC00043491,1956,9,12,,,0.0,0.0,0.0,,,,,,,,,,,
USC00043491,1956,9,13,,,0.0,0.0,0.0,,,,,,,,,,,
USC00043491,1956,9,14,,,0.0,0.0,0.0,,,,,,,,,,,
USC00043491,1956,9,15,,,0.0,0.0,0.0,,,,,,,,,,,
USC00043491,1956,9,16,,,0.0,0.0,0.0,,,,,,,,,,,
USC00043491,1956,9,17,,,0.0,0.0,0.0,,,,,,,,,,,
USC00043491,1956,9,18,,,8.0,0.0,0.0,,,,,,,,,,,
USC00043491,1956,9,19,,,145.0,0.0,0.0,,,,,,,,,,,
USC00043491,1956,9,2,,,0.0,0.0,0.0,,,,,,,,,,,
USC00043491,1956,9,20,,,0.0,0.0,0.0,,,,,,,,,,,
USC00043491,1956,9,21,,,0.0,0.0,0.0,,,,,,,,,,,
USC00043491,1956,9,22,,,0.0,0.0,0.0,,,,,,,,,,,
USC00043491,1956,9,23,,,0.0,0.0,0.0,,,,,,,,,,,
USC00043491,1956,9,24,,,0.0,0.0,0.0,,,,,,,,,,,
USC00043491,1956,9,25,,,0.0,0.0,0.0,,,,,,,,,,,
USC00043491,1956,9,26,,,0.0,0.0,0.0,,,,,,,,,,,
USC00043491,1956,9,27,,,0.0,0.0,0.0,,,,,,,,,,,
USC00043491,1956,9,28,,,0.0,0.0,0.0,,,,,,,,,,,
USC00043491,1956,9,29,,,0.0,0.0,0.0,,,,,,,,,,,
USC00043491,1956,9,3,,,0.0,0.0,0.0,,,,,,,,,,,
USC00043491,1956,9,30,,,0.0,0.0,0.0,,,,,,,,,,,
USC00043491,1956,9,31,,,-9999.0,-9999.0,-9999.0,,,,,,,,,,,
USC00043491,1956,9,4,,,0.0,0.0,0.0,,,,,,,,,,,
USC00043491,1956,9,5,,,0.0,0.0,0.0,,,,,,,,,,,
USC00043491,1956,9,6,,,0.0,0.0,0.0,,,,,,,,,,,
USC00043491,1956,9,7,,,0.0,0.0,0.0,,,,,,,,,,,
USC00043491,1956,9,8,,,0.0,0.0,0.0,,,,,,,,,,,
USC00043491,1956,9,9,,,0.0,0.0,0.0,,,,,,,,,,,
USC00043491,1956,10,1,,,0.0,0.0,0.0,,,,,,,,,,,
USC00043491,1956,10,10,,,46.0,0.0,0.0,,,,,,,,,,,
USC00043491,1956,10,11,,,254.0,0.0,0.0,,,,,,,,,,,
USC00043491,1956,10,12,,,0.0,0.0,0.0,,,,,,,,,,,
USC00043491,1956,10,13,,,0.0,0.0,0.0,,,,,,,,,,,
USC00043491,1956,10,14,,,0.0,0.0,0.0,,,,,,,,,,,
USC00043491,1956,10,15,,,0.0,0.0,0.0,,,,,,,,,,,
USC00043491,1956,10,16,,,0.0,0.0,0.0,,,,,,,,,,,
USC00043491,1956,10,17,,,0.0,0.0,0.0,,,,,,,,,,,
USC00043491,1956,10,18,,,0.0,0.0,0.0,,,,,,,,,,,
USC00043491,1956,10,19,,,0.0,0.0,0.0,,,,,,,,,,,
USC00043491,1956,10,2,,,0.0,0.0,0.0,,,,,,,,,,,
USC00043491,1956,10,20,,,0.0,0.0,0.0,,,,,,,,,,,
USC00043491,1956,10,21,,,0.0,0.0,0.0,,,,,,,,,,,
USC00043491,1956,10,22,,,0.0,0.0,0.0,,,,,,,,,,,
USC00043491,1956,10,23,,,318.0,0.0,0.0,,,,,,,,,,,
USC00043491,1956,10,24,,,0.0,0.0,0.0,,,,,,,,,,,
USC00043491,1956,10,25,,,0.0,0.0,0.0,,,,,,,,,,,
USC00043491,1956,10,26,,,206.0,0.0,0.0,,,,,,,,,,,
USC00043491,1956,10,27,,,102.0,0.0,0.0,,,,,,,,,,,
USC00043491,1956,10,28,,,25.0,0.0,0.0,,,,,,,,,,,
USC00043491,1956,10,29,,,20.0,0.0,0.0,,,,,,,,,,,
USC00043491,1956,10,3,,,0.0,0.0,0.0,,,,,,,,,,,
USC00043491,1956,10,30,,,706.0,0.0,0.0,,,,,,,,,,,
USC00043491,1956,10,31,,,30.0,0.0,0.0,,,,,,,,,,,
USC00043491,1956,10,4,,,0.0,0.0,0.0,,,,,,,,,,,
USC00043491,1956,10,5,,,0.0,0.0,0.0,,,,,,,,,,,
USC00043491,1956,10,6,,,0.0,0.0,0.0,,,,,,,,,,,
USC00043491,1956,10,7,,,25.0,0.0,0.0,,,,,,,,,,,
USC00043491,1956,10,8,,,18.0,0.0,0.0,,,,,,,,,,,
USC00043491,1956,10,9,,,0.0,0.0,0.0,,,,,,,,,,,
USC00043491,1956,11,1,,,38.0,0.0,0.0,,,,,,,,,,,
USC00043491,1956,11,10,,,0.0,0.0,0.0,,,,,,,,,,,
USC00043491,1956,11,11,,,0.0,0.0,0.0,,,,,,,,,,,
USC00043491,1956,11,12,,,0.0,0.0,0.0,,,,,,,,,,,
USC00043491,1956,11,13,,,0.0,0.0,0.0,,,,,,,,,,,
USC00043491,1956,11,14,,,0.0,0.0,0.0,,,,,,,,,,,
USC00043491,1956,11,15,,,0.0,0.0,0.0,,,,,,,,,,,
USC00043491,1956,11,16,,,0.0,0.0,0.0,,,,,,,,,,,
USC00043491,1956,11,17,,,0.0,0.0,0.0,,,,,,,,,,,
USC00043491,1956,11,18,,,0.0,0.0,0.0,,,,,,,,,,,
USC00043491,1956,11,19,,,0.0,0.0,0.0,,,,,,,,,,,
USC00043491,1956,11,2,,,15.0,0.0,0.0,,,,,,,,,,,
USC00043491,1956,11,20,,,0.0,0.0,0.0,,,,,,,,,,,
USC00043491,1956,11,21,,,0.0,0.0,0.0,,,,,,,,,,,
USC00043491,1956,11,22,,,0.0,0.0,0.0,,,,,,,,,,,
USC00043491,1956,11,23,,,0.0,0.0,0.0,,,,,,,,,,,
USC00043491,1956,11,24,,,0.0,0.0,0.0,,,,,,,,,,,
USC00043491,1956,11,25,,,0.0,0.0,0.0,,,,,,,,,,,
USC00043491,1956,11,26,,,0.0,0.0,0.0,,,,,,,,,,,
USC00043491,1956,11,27,,,0.0,0.0,0.0,,,,,,,,,,,
USC00043491,1956,11,28,,,0.0,0.0,0.0,,,,,,,,,,,
USC00043491,1956,11,29,,,0.0,0.0,0.0,,,,,,,,,,,
USC00043491,1956,11,3,,,0.0,0.0,0.0,,,,,,,,,,,
USC00043491,1956,11,30,,,0.0,0.0,0.0,,,,,,,,,,,
USC00043491,1956,11,31,,,-9999.0,-9999.0,-9999.0,,,,,,,,,,,
USC00043491,1956,11,4,,,0.0,0.0,0.0,,,,,,,,,,,
USC00043491,1956,11,5,,,0.0,0.0,0.0,,,,,,,,,,,
USC00043491,1956,11,6,,,0.0,0.0,0.0,,,,,,,,,,,
USC00043491,1956,11,7,,,0.0,0.0,0.0,,,,,,,,,,,
USC00043491,1956,11,8,,,0.0,0.0,0.0,,,,,,,,,,,
USC00043491,1956,11,9,,,0.0,0.0,0.0,,,,,,,,,,,
USC00043491,1956,12,1,,,0.0,0.0,0.0,,,,,,,,,,,
USC00043491,1956,12,10,,,0.0,0.0,0.0,,,,,,,,,,,
USC00043491,1956,12,11,,,5.0,0.0,0.0,,,,,,,,,,,
USC00043491,1956,12,12,,,0.0,0.0,0.0,,,,,,,,,,,
USC00043491,1956,12,13,,,0.0,0.0,0.0,,,,,,,,,,,
USC00043491,1956,12,14,,,0.0,0.0,0.0,,,,,,,,,,,
USC00043491,1956,12,15,,,0.0,0.0,0.0,,,,,,,,,,,
USC00043491,1956,12,16,,,0.0,0.0,0.0,,,,,,,,,,,
USC00043491,1956,12,17,,,0.0,0.0,0.0,,,,,,,,,,,
USC00043491,1956,12,18,,,0.0,0.0,0.0,,,,,,,,,,,
USC00043491,1956,12,19,,,0.0,0.0,0.0,,,,,,,,,,,
USC00043491,1956,12,2,,,0.0,0.0,0.0,,,,,,,,,,,
USC00043491,1956,12,20,,,0.0,0.0,0.0,,,,,,,,,,,
USC00043491,1956,12,21,,,0.0,0.0,0.0,,,,,,,,,,,
USC00043491,1956,12,22,,,0.0,0.0,0.0,,,,,,,,,,,
USC00043491,1956,12,23,,,0.0,0.0,0.0,,,,,,,,,,,
USC00043491,1956,12,24,,,0.0,0.0,0.0,,,,,,,,,,,
USC00043491,1956,12,25,,,0.0,0.0,0.0,,,,,,,,,,,
USC00043491,1956,12,26,,,0.0,0.0,0.0,,,,,,,,,,,
USC00043491,1956,12,27,,,0.0,0.0,0.0,,,,,,,,,,,
USC00043491,1956,12,28,,,0.0,0.0,0.0,,,,,,,,,,,
USC00043491,1956,12,29,,,0.0,0.0,0.0,,,,,,,,,,,
USC00043491,1956,12,3,,,0.0,0.0,0.0,,,,,,,,,,,
USC00043491,1956,12,30,,,0.0,0.0,0.0,,,,,,,,,,,
USC00043491,1956,12,31,,,0.0,0.0,0.0,,,,,,,,,,,
USC00043491,1956,12,4,,,193.0,0.0,0.0,,,,,,,,,,,
USC00043491,1956,12,5,,,386.0,0.0,0.0,,,,,,,,,,,
USC00043491,1956,12,6,,,28.0,0.0,0.0,,,,,,,,,,,
USC00043491,1956,12,7,,,0.0,0.0,0.0,,,,,,,,,,,
USC00043491,1956,12,8,,,0.0,0.0,0.0,,,,,,,,,,,
USC00043491,1956,12,9,,,0.0,0.0,0.0,,,,,,,,,,,
USC00043491,1957,1,1,,,0.0,0.0,0.0,,,,,,,,,,,
USC00043491,1957,1,10,,,0.0,-9999.0,-9999.0,,,,,,,,,,,
USC00043491,1957,1,11,,,0.0,-9999.0,-9999.0,,,,,,,,,,,
USC00043491,1957,1,12,,,160.0,-9999.0,-9999.0,,,,,,,,,,,
USC00043491,1957,1,13,,,582.0,-9999.0,-9999.0,,,,,,,,,,,
USC00043491,1957,1,14,,,13.0,-9999.0,-9999.0,,,,,,,,,,,
USC00043491,1957,1,15,,,15.0,-9999.0,-9999.0,,,,,,,,,,,
USC00043491,1957,1,16,,,0.0,-9999.0,-9999.0,,,,,,,,,,,
USC00043491,1957,1,17,,,0.0,-9999.0,-9999.0,,,,,,,,,,,
USC00043491,1957,1,18,,,0.0,-9999.0,-9999.0,,,,,,,,,,,
USC00043491,1957,1,19,,,0.0,-9999.0,-9999.0,,,,,,,,,,,
USC00043491,1957,1,2,,,0.0,0.0,0.0,,,,,,,,,,,
USC00043491,1957,1,20,,,564.0,-9999.0,-9999.0,,,,,,,,,,,
USC00043491,1957,1,21,,,23.0,-9999.0,-9999.0,,,,,,,,,,,
USC00043491,1957,1,22,,,0.0,-9999.0,-9999.0,,,,,,,,,,,
USC00043491,1957,1,23,,,0.0,-9999.0,-9999.0,,,,,,,,,,,
USC00043491,1957,1,24,,,46.0,-9999.0,-9999.0,,,,,,,,,,,
USC00043491,1957,1,25,,,61.0,-9999.0,-9999.0,,,,,,,,,,,
USC00043491,1957,1,26,,,0.0,-9999.0,-9999.0,,,,,,,,,,,
USC00043491,1957,1,27,,,0.0,-9999.0,-9999.0,,,,,,,,,,,
USC00043491,1957,1,28,,,0.0,-9999.0,-9999.0,,,,,,,,,,,
USC00043491,1957,1,29,,,0.0,-9999.0,-9999.0,,,,,,,,,,,
USC00043491,1957,1,3,,,0.0,0.0,0.0,,,,,,,,,,,
USC00043491,1957,1,30,,,0.0,-9999.0,-9999.0,,,,,,,,,,,
USC00043491,1957,1,31,,,0.0,-9999.0,-9999.0,,,,,,,,,,,
USC00043491,1957,1,4,,,0.0,0.0,0.0,,,,,,,,,,,
USC00043491,1957,1,5,,,0.0,0.0,0.0,,,,,,,,,,,
USC00043491,1957,1,6,,,0.0,0.0,0.0,,,,,,,,,,,
USC00043491,1957,1,7,,,0.0,0.0,0.0,,,,,,,,,,,
USC00043491,1957,1,8,,,175.0,-9999.0,-9999.0,,,,,,,,,,,
USC00043491,1957,1,9,,,0.0,-9999.0,-9999.0,,,,,,,,,,,
USC00043491,1957,2,1,,,0.0,0.0,0.0,,,,,,,,,,,
USC00043491,1957,2,10,,,18.0,0.0,0.0,,,,,,,,,,,
USC00043491,1957,2,11,,,97.0,0.0,0.0,,,,,,,,,,,
USC00043491,1957,2,12,,,5.0,0.0,0.0,,,,,,,,,,,
USC00043491,1957,2,13,,,64.0,0.0,0.0,,,,,,,,,,,
USC00043491,1957,2,14,,,0.0,0.0,0.0,,,,,,,,,,,
USC00043491,1957,2,15,,,0.0,0.0,0.0,,,,,,,,,,,
USC00043491,1957,2,16,,,43.0,0.0,0.0,,,,,,,,,,,
USC00043491,1957,2,17,,,0.0,0.0,0.0,,,,,,,,,,,
USC00043491,1957,2,18,,,0.0,0.0,0.0,,,,,,,,,,,
USC00043491,1957,2,19,,,5.0,0.0,0.0,,,,,,,,,,,
USC00043491,1957,2,2,,,124.0,0.0,0.0,,,,,,,,,,,
USC00043491,1957,2,20,,,30.0,0.0,0.0,,,,,,,,,,,
USC00043491,1957,2,21,,,447.0,0.0,0.0,,,,,,,,,,,
USC00043491,1957,2,22,,,119.0,0.0,0.0,,,,,,,,,,,
USC00043491,1957,2,23,,,493.0,0.0,0.0,,,,,,,,,,,
USC00043491,1957,2,24,,,907.0,0.0,0.0,,,,,,,,,,,
USC00043491,1957,2,25,,,76.0,0.0,0.0,,,,,,,,,,,
USC00043491,1957,2,26,,,221.0,0.0,0.0,,,,,,,,,,,
USC00043491,1957,2,27,,,0.0,0.0,0.0,,,,,,,,,,,
USC00043491,1957,2,28,,,0.0,0.0,0.0,,,,,,,,,,,
USC00043491,1957,2,29,,,-9999.0,-9999.0,-9999.0,,,,,,,,,,,
USC00043491,1957,2,3,,,0.0,0.0,0.0,,,,,,,,,,,
USC00043491,1957,2,30,,,-9999.0,-9999.0,-9999.0,,,,,,,,,,,
USC00043491,1957,2,31,,,-9999.0,-9999.0,-9999.0,,,,,,,,,,,
USC00043491,1957,2,4,,,0.0,0.0,0.0,,,,,,,,,,,
USC00043491,1957,2,5,,,0.0,0.0,0.0,,,,,,,,,,,
USC00043491,1957,2,6,,,0.0,0.0,0.0,,,,,,,,,,,
USC00043491,1957,2,7,,,79.0,0.0,0.0,,,,,,,,,,,
USC00043491,1957,2,8,,,404.0,0.0,0.0,,,,,,,,,,,
USC00043491,1957,2,9,,,0.0,0.0,0.0,,,,,,,,,,,
USC00043491,1957,3,1,,,23.0,0.0,0.0,,,,,,,,,,,
USC00043491,1957,3,10,,,0.0,0.0,0.0,,,,,,,,,,,
USC00043491,1957,3,11,,,13.0,0.0,0.0,,,,,,,,,,,
USC00043491,1957,3,12,,,257.0,0.0,0.0,,,,,,,,,,,
USC00043491,1957,3,13,,,97.0,0.0,0.0,,,,,,,,,,,
USC00043491,1957,3,14,,,0.0,0.0,0.0,,,,,,,,,,,
USC00043491,1957,3,15,,,292.0,0.0,0.0,,,,,,,,,,,
USC00043491,1957,3,16,,,56.0,0.0,0.0,,,,,,,,,,,
USC00043491,1957,3,17,,,0.0,0.0,0.0,,,,,,,,,,,
USC00043491,1957,3,18,,,0.0,0.0,0.0,,,,,,,,,,,
USC00043491,1957,3,19,,,0.0,0.0,0.0,,,,,,,,,,,
USC00043491,1957,3,2,,,15.0,0.0,0.0,,,,,,,,,,,
USC00043491,1957,3,20,,,0.0,0.0,0.0,,,,,,,,,,,
USC00043491,1957,3,21,,,71.0,0.0,0.0,,,,,,,,,,,
USC00043491,1957,3,22,,,0.0,0.0,0.0,,,,,,,,,,,
USC00043491,1957,3,23,,,0.0,0.0,0.0,,,,,,,,,,,
USC00043491,1957,3,24,,,0.0,0.0,0.0,,,,,,,,,,,
USC00043491,1957,3,25,,,0.0,0.0,0.0,,,,,,,,,,,
USC00043491,1957,3,26,,,0.0,0.0,0.0,,,,,,,,,,,
USC00043491,1957,3,27,,,0.0,0.0,0.0,,,,,,,,,,,
USC00043491,1957,3,28,,,0.0,0.0,0.0,,,,,,,,,,,
USC00043491,1957,3,29,,,155.0,0.0,0.0,,,,,,,,,,,
USC00043491,1957,3,3,,,221.0,0.0,0.0,,,,,,,,,,,
USC00043491,1957,3,30,,,43.0,0.0,0.0,,,,,,,,,,,
USC00043491,1957,3,31,,,135.0,0.0,0.0,,,,,,,,,,,
USC00043491,1957,3,4,,,310.0,0.0,0.0,,,,,,,,,,,
USC00043491,1957,3,5,,,437.0,0.0,0.0,,,,,,,,,,,
USC00043491,1957,3,6,,,107.0,0.0,0.0,,,,,,,,,,,
USC00043491,1957,3,7,,,0.0,0.0,0.0,,,,,,,,,,,
USC00043491,1957,3,8,,,0.0,0.0,0.0,,,,,,,,,,,
USC00043491,1957,3,9,,,272.0,0.0,0.0,,,,,,,,,,,
USC00043491,1957,4,1,,,38.0,0.0,0.0,,,,,,,,,,,
USC00043491,1957,4,10,,,0.0,0.0,0.0,,,,,,,,,,,
USC00043491,1957,4,11,,,0.0,0.0,0.0,,,,,,,,,,,
USC00043491,1957,4,12,,,10.0,0.0,0.0,,,,,,,,,,,
USC00043491,1957,4,13,,,0.0,0.0,0.0,,,,,,,,,,,
USC00043491,1957,4,14,,,516.0,0.0,0.0,,,,,,,,,,,
USC00043491,1957,4,15,,,0.0,0.0,0.0,,,,,,,,,,,
USC00043491,1957,4,16,,,0.0,0.0,0.0,,,,,,,,,,,
USC00043491,1957,4,17,,,307.0,0.0,0.0,,,,,,,,,,,
USC00043491,1957,4,18,,,180.0,0.0,0.0,,,,,,,,,,,
USC00043491,1957,4,19,,,15.0,0.0,0.0,,,,,,,,,,,
USC00043491,1957,4,2,,,0.0,0.0,0.0,,,,,,,,,,,
USC00043491,1957,4,20,,,23.0,0.0,0.0,,,,,,,,,,,
USC00043491,1957,4,21,,,0.0,0.0,0.0,,,,,,,,,,,
USC00043491,1957,4,22,,,0.0,0.0,0.0,,,,,,,,,,,
USC00043491,1957,4,23,,,0.0,0.0,0.0,,,,,,,,,,,
USC00043491,1957,4,24,,,0.0,0.0,0.0,,,,,,,,,,,
USC00043491,1957,4,25,,,0.0,0.0,0.0,,,,,,,,,,,
USC00043491,1957,4,26,,,0.0,0.0,0.0,,,,,,,,,,,
USC00043491,1957,4,27,,,0.0,0.0,0.0,,,,,,,,,,,
USC00043491,1957,4,28,,,0.0,0.0,0.0,,,,,,,,,,,
USC00043491,1957,4,29,,,0.0,0.0,0.0,,,,,,,,,,,
USC00043491,1957,4,3,,,0.0,0.0,0.0,,,,,,,,,,,
USC00043491,1957,4,30,,,5.0,0.0,0.0,,,,,,,,,,,
USC00043491,1957,4,31,,,-9999.0,-9999.0,-9999.0,,,,,,,,,,,
USC00043491,1957,4,4,,,0.0,0.0,0.0,,,,,,,,,,,
USC00043491,1957,4,5,,,0.0,0.0,0.0,,,,,,,,,,,
USC00043491,1957,4,6,,,0.0,0.0,0.0,,,,,,,,,,,
USC00043491,1957,4,7,,,0.0,0.0,0.0,,,,,,,,,,,
USC00043491,1957,4,8,,,0.0,0.0,0.0,,,,,,,,,,,
USC00043491,1957,4,9,,,0.0,0.0,0.0,,,,,,,,,,,
USC00043491,1957,5,1,,,0.0,0.0,0.0,,,,,,,,,,,
USC00043491,1957,5,10,,,15.0,0.0,0.0,,,,,,,,,,,
USC00043491,1957,5,11,,,0.0,0.0,0.0,,,,,,,,,,,
USC00043491,1957,5,12,,,0.0,0.0,0.0,,,,,,,,,,,
USC00043491,1957,5,13,,,5.0,0.0,0.0,,,,,,,,,,,
USC00043491,1957,5,14,,,89.0,0.0,0.0,,,,,,,,,,,
USC00043491,1957,5,15,,,18.0,0.0,0.0,,,,,,,,,,,
USC00043491,1957,5,16,,,0.0,0.0,0.0,,,,,,,,,,,
USC00043491,1957,5,17,,,0.0,0.0,0.0,,,,,,,,,,,
USC00043491,1957,5,18,,,1095.0,0.0,0.0,,,,,,,,,,,
USC00043491,1957,5,19,,,460.0,0.0,0.0,,,,,,,,,,,
USC00043491,1957,5,2,,,0.0,0.0,-9999.0,,,,,,,,,,,
USC00043491,1957,5,20,,,305.0,0.0,0.0,,,,,,,,,,,
USC00043491,1957,5,21,,,30.0,0.0,0.0,,,,,,,,,,,
USC00043491,1957,5,22,,,0.0,0.0,0.0,,,,,,,,,,,
USC00043491,1957,5,23,,,0.0,0.0,0.0,,,,,,,,,,,
USC00043491,1957,5,24,,,0.0,0.0,0.0,,,,,,,,,,,
USC00043491,1957,5,25,,,0.0,0.0,0.0,,,,,,,,,,,
USC00043491,1957,5,26,,,0.0,0.0,0.0,,,,,,,,,,,
USC00043491,1957,5,27,,,0.0,0.0,0.0,,,,,,,,,,,
USC00043491,1957,5,28,,,0.0,0.0,0.0,,,,,,,,,,,
USC00043491,1957,5,29,,,0.0,0.0,0.0,,,,,,,,,,,
USC00043491,1957,5,3,,,0.0,0.0,0.0,,,,,,,,,,,
USC00043491,1957,5,30,,,0.0,0.0,0.0,,,,,,,,,,,
USC00043491,1957,5,31,,,0.0,0.0,0.0,,,,,,,,,,,
USC00043491,1957,5,4,,,0.0,0.0,0.0,,,,,,,,,,,
USC00043491,1957,5,5,,,0.0,0.0,0.0,,,,,,,,,,,
USC00043491,1957,5,6,,,0.0,0.0,0.0,,,,,,,,,,,
USC00043491,1957,5,7,,,0.0,0.0,0.0,,,,,,,,,,,
USC00043491,1957,5,8,,,51.0,0.0,0.0,,,,,,,,,,,
USC00043491,1957,5,9,,,229.0,0.0,0.0,,,,,,,,,,,
USC00043491,1957,6,1,,,0.0,0.0,0.0,,,,,,,,,,,
USC00043491,1957,6,10,,,0.0,0.0,0.0,,,,,,,,,,,
USC00043491,1957,6,11,,,0.0,0.0,0.0,,,,,,,,,,,
USC00043491,1957,6,12,,,0.0,0.0,0.0,,,,,,,,,,,
USC00043491,1957,6,13,,,0.0,0.0,0.0,,,,,,,,,,,
USC00043491,1957,6,14,,,0.0,0.0,0.0,,,,,,,,,,,
USC00043491,1957,6,15,,,0.0,0.0,0.0,,,,,,,,,,,
USC00043491,1957,6,16,,,0.0,0.0,0.0,,,,,,,,,,,
USC00043491,1957,6,17,,,0.0,0.0,0.0,,,,,,,,,,,
USC00043491,1957,6,18,,,0.0,0.0,0.0,,,,,,,,,,,
USC00043491,1957,6,19,,,0.0,0.0,0.0,,,,,,,,,,,
USC00043491,1957,6,2,,,0.0,0.0,0.0,,,,,,,,,,,
USC00043491,1957,6,20,,,0.0,0.0,0.0,,,,,,,,,,,
USC00043491,1957,6,21,,,0.0,0.0,0.0,,,,,,,,,,,
USC00043491,1957,6,22,,,0.0,0.0,0.0,,,,,,,,,,,
USC00043491,1957,6,23,,,0.0,0.0,0.0,,,,,,,,,,,
USC00043491,1957,6,24,,,-9999.0,-9999.0,-9999.0,,,,,,,,,,,
USC00043491,1957,6,25,,,-9999.0,-9999.0,-9999.0,,,,,,,,,,,
USC00043491,1957,6,26,,,-9999.0,-9999.0,-9999.0,,,,,,,,,,,
USC00043491,1957,6,27,,,-9999.0,-9999.0,-9999.0,,,,,,,,,,,
USC00043491,1957,6,28,,,-9999.0,-9999.0,-9999.0,,,,,,,,,,,
USC00043491,1957,6,29,,,-9999.0,-9999.0,-9999.0,,,,,,,,,,,
USC00043491,1957,6,3,,,0.0,0.0,0.0,,,,,,,,,,,
USC00043491,1957,6,30,,,-9999.0,-9999.0,-9999.0,,,,,,,,,,,
USC00043491,1957,6,31,,,-9999.0,-9999.0,-9999.0,,,,,,,,,,,
USC00043491,1957,6,4,,,0.0,0.0,0.0,,,,,,,,,,,
USC00043491,1957,6,5,,,0.0,0.0,0.0,,,,,,,,,,,
USC00043491,1957,6,6,,,0.0,0.0,0.0,,,,,,,,,,,
USC00043491,1957,6,7,,,0.0,0.0,0.0,,,,,,,,,,,
USC00043491,1957,6,8,,,0.0,0.0,0.0,,,,,,,,,,,
USC00043491,1957,6,9,,,20.0,0.0,0.0,,,,,,,,,,,
USC00043491,1957,9,1,,,-9999.0,-9999.0,-9999.0,,,,,,,,,,,
USC00043491,1957,9,10,,,0.0,0.0,0.0,,,,,,,,,,,
USC00043491,1957,9,11,,,0.0,0.0,0.0,,,,,,,,,,,
USC00043491,1957,9,12,,,0.0,0.0,0.0,,,,,,,,,,,
USC00043491,1957,9,13,,,0.0,0.0,0.0,,,,,,,,,,,
USC00043491,1957,9,14,,,0.0,0.0,0.0,,,,,,,,,,,
USC00043491,1957,9,15,,,0.0,0.0,0.0,,,,,,,,,,,
USC00043491,1957,9,16,,,0.0,0.0,0.0,,,,,,,,,,,
USC00043491,1957,9,17,,,0.0,0.0,0.0,,,,,,,,,,,
USC00043491,1957,9,18,,,0.0,0.0,0.0,,,,,,,,,,,
USC00043491,1957,9,19,,,0.0,0.0,0.0,,,,,,,,,,,
USC00043491,1957,9,2,,,-9999.0,-9999.0,-9999.0,,,,,,,,,,,
USC00043491,1957,9,20,,,0.0,0.0,0.0,,,,,,,,,,,
USC00043491,1957,9,21,,,0.0,0.0,0.0,,,,,,,,,,,
USC00043491,1957,9,22,,,0.0,0.0,0.0,,,,,,,,,,,
USC00043491,1957,9,23,,,0.0,0.0,0.0,,,,,,,,,,,
USC00043491,1957,9,24,,,-9999.0,-9999.0,-9999.0,,,,,,,,,,,
USC00043491,1957,9,25,,,-9999.0,-9999.0,-9999.0,,,,,,,,,,,
USC00043491,1957,9,26,,,-9999.0,-9999.0,-9999.0,,,,,,,,,,,
USC00043491,1957,9,27,,,-9999.0,-9999.0,-9999.0,,,,,,,,,,,
USC00043491,1957,9,28,,,-9999.0,-9999.0,-9999.0,,,,,,,,,,,
USC00043491,1957,9,29,,,-9999.0,-9999.0,-9999.0,,,,,,,,,,,
USC00043491,1957,9,3,,,-9999.0,-9999.0,-9999.0,,,,,,,,,,,
USC00043491,1957,9,30,,,-9999.0,-9999.0,-9999.0,,,,,,,,,,,
USC00043491,1957,9,31,,,-9999.0,-9999.0,-9999.0,,,,,,,,,,,
USC00043491,1957,9,4,,,0.0,0.0,0.0,,,,,,,,,,,
USC00043491,1957,9,5,,,0.0,0.0,0.0,,,,,,,,,,,
USC00043491,1957,9,6,,,0.0,0.0,0.0,,,,,,,,,,,
USC00043491,1957,9,7,,,0.0,0.0,0.0,,,,,,,,,,,
USC00043491,1957,9,8,,,0.0,0.0,0.0,,,,,,,,,,,
USC00043491,1957,9,9,,,0.0,0.0,0.0,,,,,,,,,,,
USC00043491,1957,10,1,,,-9999.0,-9999.0,-9999.0,,,,,,,,,,,
USC00043491,1957,10,10,,,0.0,0.0,0.0,,,,,,,,,,,
USC00043491,1957,10,11,,,10.0,0.0,0.0,,,,,,,,,,,
USC00043491,1957,10,12,,,15.0,0.0,0.0,,,,,,,,,,,
USC00043491,1957,10,13,,,610.0,0.0,0.0,,,,,,,,,,,
USC00043491,1957,10,14,,,13.0,0.0,0.0,,,,,,,,,,,
USC00043491,1957,10,15,,,0.0,0.0,0.0,,,,,,,,,,,
USC00043491,1957,10,16,,,0.0,0.0,0.0,,,,,,,,,,,
USC00043491,1957,10,17,,,0.0,0.0,0.0,,,,,,,,,,,
USC00043491,1957,10,18,,,0.0,0.0,0.0,,,,,,,,,,,
USC00043491,1957,10,19,,,0.0,0.0,0.0,,,,,,,,,,,
USC00043491,1957,10,2,,,-9999.0,-9999.0,-9999.0,,,,,,,,,,,
USC00043491,1957,10,20,,,5.0,0.0,0.0,,,,,,,,,,,
USC00043491,1957,10,21,,,0.0,0.0,0.0,,,,,,,,,,,
USC00043491,1957,10,22,,,0.0,0.0,0.0,,,,,,,,,,,
USC00043491,1957,10,23,,,191.0,0.0,0.0,,,,,,,,,,,
USC00043491,1957,10,24,,,20.0,0.0,0.0,,,,,,,,,,,
USC00043491,1957,10,25,,,0.0,0.0,0.0,,,,,,,,,,,
USC00043491,1957,10,26,,,0.0,0.0,0.0,,,,,,,,,,,
USC00043491,1957,10,27,,,0.0,0.0,0.0,,,,,,,,,,,
USC00043491,1957,10,28,,,0.0,0.0,0.0,,,,,,,,,,,
USC00043491,1957,10,29,,,0.0,0.0,0.0,,,,,,,,,,,
USC00043491,1957,10,3,,,-9999.0,-9999.0,-9999.0,,,,,,,,,,,
USC00043491,1957,10,30,,,0.0,0.0,0.0,,,,,,,,,,,
USC00043491,1957,10,31,,,0.0,0.0,0.0,,,,,,,,,,,
USC00043491,1957,10,4,,,20.0,0.0,0.0,,,,,,,,,,,
USC00043491,1957,10,5,,,119.0,0.0,0.0,,,,,,,,,,,
USC00043491,1957,10,6,,,0.0,0.0,0.0,,,,,,,,,,,
USC00043491,1957,10,7,,,0.0,0.0,0.0,,,,,,,,,,,
USC00043491,1957,10,8,,,0.0,0.0,0.0,,,,,,,,,,,
USC00043491,1957,10,9,,,0.0,0.0,0.0,,,,,,,,,,,
USC00043491,1957,11,1,,,0.0,0.0,0.0,,,,,,,,,,,
USC00043491,1957,11,10,,,142.0,0.0,0.0,,,,,,,,,,,
USC00043491,1957,11,11,,,0.0,0.0,0.0,,,,,,,,,,,
USC00043491,1957,11,12,,,0.0,0.0,0.0,,,,,,,,,,,
USC00043491,1957,11,13,,,254.0,0.0,0.0,,,,,,,,,,,
USC00043491,1957,11,14,,,424.0,0.0,0.0,,,,,,,,,,,
USC00043491,1957,11,15,,,0.0,0.0,0.0,,,,,,,,,,,
USC00043491,1957,11,16,,,0.0,0.0,0.0,,,,,,,,,,,
USC00043491,1957,11,17,,,0.0,0.0,0.0,,,,,,,,,,,
USC00043491,1957,11,18,,,74.0,0.0,0.0,,,,,,,,,,,
USC00043491,1957,11,19,,,8.0,0.0,0.0,,,,,,,,,,,
USC00043491,1957,11,2,,,0.0,0.0,0.0,,,,,,,,,,,
USC00043491,1957,11,20,,,0.0,0.0,0.0,,,,,,,,,,,
USC00043491,1957,11,21,,,0.0,0.0,0.0,,,,,,,,,,,
USC00043491,1957,11,22,,,0.0,0.0,0.0,,,,,,,,,,,
USC00043491,1957,11,23,,,0.0,0.0,0.0,,,,,,,,,,,
USC00043491,1957,11,24,,,0.0,0.0,0.0,,,,,,,,,,,
USC00043491,1957,11,25,,,0.0,0.0,0.0,,,,,,,,,,,
USC00043491,1957,11,26,,,0.0,0.0,0.0,,,,,,,,,,,
USC00043491,1957,11,27,,,0.0,0.0,0.0,,,,,,,,,,,
USC00043491,1957,11,28,,,0.0,0.0,0.0,,,,,,,,,,,
USC00043491,1957,11,29,,,0.0,0.0,0.0,,,,,,,,,,,
USC00043491,1957,11,3,,,0.0,0.0,0.0,,,,,,,,,,,
USC00043491,1957,11,30,,,0.0,0.0,0.0,,,,,,,,,,,
USC00043491,1957,11,31,,,-9999.0,-9999.0,-9999.0,,,,,,,,,,,
USC00043491,1957,11,4,,,0.0,0.0,0.0,,,,,,,,,,,
USC00043491,1957,11,5,,,0.0,0.0,0.0,,,,,,,,,,,
USC00043491,1957,11,6,,,0.0,0.0,0.0,,,,,,,,,,,
USC00043491,1957,11,7,,,0.0,0.0,0.0,,,,,,,,,,,
USC00043491,1957,11,8,,,0.0,0.0,0.0,,,,,,,,,,,
USC00043491,1957,11,9,,,0.0,0.0,0.0,,,,,,,,,,,
USC00043491,1957,12,1,,,0.0,0.0,0.0,,,,,,,,,,,
USC00043491,1957,12,10,,,0.0,0.0,0.0,,,,,,,,,,,
USC00043491,1957,12,11,,,0.0,0.0,0.0,,,,,,,,,,,
USC00043491,1957,12,12,,,0.0,0.0,0.0,,,,,,,,,,,
USC00043491,1957,12,13,,,0.0,0.0,0.0,,,,,,,,,,,
USC00043491,1957,12,14,,,0.0,0.0,0.0,,,,,,,,,,,
USC00043491,1957,12,15,,,434.0,0.0,0.0,,,,,,,,,,,
USC00043491,1957,12,16,,,521.0,0.0,0.0,,,,,,,,,,,
USC00043491,1957,12,17,,,351.0,0.0,0.0,,,,,,,,,,,
USC00043491,1957,12,18,,,351.0,0.0,0.0,,,,,,,,,,,
USC00043491,1957,12,19,,,13.0,0.0,0.0,,,,,,,,,,,
USC00043491,1957,12,2,,,0.0,0.0,0.0,,,,,,,,,,,
USC00043491,1957,12,20,,,0.0,0.0,0.0,,,,,,,,,,,
USC00043491,1957,12,21,,,213.0,0.0,0.0,,,,,,,,,,,
USC00043491,1957,12,22,,,69.0,0.0,0.0,,,,,,,,,,,
USC00043491,1957,12,23,,,0.0,0.0,0.0,,,,,,,,,,,
USC00043491,1957,12,24,,,18.0,0.0,0.0,,,,,,,,,,,
USC00043491,1957,12,25,,,0.0,0.0,0.0,,,,,,,,,,,
USC00043491,1957,12,26,,,38.0,0.0,0.0,,,,,,,,,,,
USC00043491,1957,12,27,,,0.0,0.0,0.0,,,,,,,,,,,
USC00043491,1957,12,28,,,157.0,0.0,0.0,,,,,,,,,,,
USC00043491,1957,12,29,,,38.0,0.0,0.0,,,,,,,,,,,
USC00043491,1957,12,3,,,0.0,0.0,0.0,,,,,,,,,,,
USC00043491,1957,12,30,,,0.0,0.0,0.0,,,,,,,,,,,
USC00043491,1957,12,31,,,0.0,0.0,0.0,,,,,,,,,,,
USC00043491,1957,12,4,,,0.0,0.0,0.0,,,,,,,,,,,
USC00043491,1957,12,5,,,79.0,0.0,0.0,,,,,,,,,,,
USC00043491,1957,12,6,,,0.0,0.0,0.0,,,,,,,,,,,
USC00043491,1957,12,7,,,0.0,0.0,0.0,,,,,,,,,,,
USC00043491,1957,12,8,,,0.0,0.0,0.0,,,,,,,,,,,
USC00043491,1957,12,9,,,0.0,0.0,0.0,,,,,,,,,,,
USC00043491,1958,1,1,,,0.0,0.0,0.0,,,,,,,,,,,
USC00043491,1958,1,10,,,439.0,0.0,0.0,,,,,,,,,,,
USC00043491,1958,1,11,,,71.0,0.0,0.0,,,,,,,,,,,
USC00043491,1958,1,12,,,15.0,0.0,0.0,,,,,,,,,,,
USC00043491,1958,1,13,,,109.0,0.0,0.0,,,,,,,,,,,
USC00043491,1958,1,14,,,0.0,0.0,0.0,,,,,,,,,,,
USC00043491,1958,1,15,,,0.0,0.0,0.0,,,,,,,,,,,
USC00043491,1958,1,16,,,0.0,0.0,0.0,,,,,,,,,,,
USC00043491,1958,1,17,,,0.0,0.0,0.0,,,,,,,,,,,
USC00043491,1958,1,18,,,0.0,0.0,0.0,,,,,,,,,,,
USC00043491,1958,1,19,,,0.0,0.0,0.0,,,,,,,,,,,
USC00043491,1958,1,2,,,257.0,0.0,0.0,,,,,,,,,,,
USC00043491,1958,1,20,,,0.0,0.0,0.0,,,,,,,,,,,
USC00043491,1958,1,21,,,0.0,0.0,0.0,,,,,,,,,,,
USC00043491,1958,1,22,,,0.0,0.0,0.0,,,,,,,,,,,
USC00043491,1958,1,23,,,0.0,0.0,0.0,,,,,,,,,,,
USC00043491,1958,1,24,,,635.0,0.0,0.0,,,,,,,,,,,
USC00043491,1958,1,25,,,97.0,0.0,0.0,,,,,,,,,,,
USC00043491,1958,1,26,,,559.0,0.0,0.0,,,,,,,,,,,
USC00043491,1958,1,27,,,8.0,0.0,0.0,,,,,,,,,,,
USC00043491,1958,1,28,,,0.0,0.0,0.0,,,,,,,,,,,
USC00043491,1958,1,29,,,381.0,0.0,0.0,,,,,,,,,,,
USC00043491,1958,1,3,,,0.0,0.0,0.0,,,,,,,,,,,
USC00043491,1958,1,30,,,239.0,0.0,0.0,,,,,,,,,,,
USC00043491,1958,1,31,,,0.0,0.0,0.0,,,,,,,,,,,
USC00043491,1958,1,4,,,0.0,0.0,0.0,,,,,,,,,,,
USC00043491,1958,1,5,,,0.0,0.0,0.0,,,,,,,,,,,
USC00043491,1958,1,6,,,0.0,0.0,0.0,,,,,,,,,,,
USC00043491,1958,1,7,,,0.0,0.0,0.0,,,,,,,,,,,
USC00043491,1958,1,8,,,0.0,0.0,0.0,,,,,,,,,,,
USC00043491,1958,1,9,,,0.0,0.0,0.0,,,,,,,,,,,
USC00043491,1958,2,1,,,0.0,0.0,0.0,,,,,,,,,,,
USC00043491,1958,2,10,,,99.0,0.0,0.0,,,,,,,,,,,
USC00043491,1958,2,11,,,10.0,0.0,0.0,,,,,,,,,,,
USC00043491,1958,2,12,,,579.0,0.0,0.0,,,,,,,,,,,
USC00043491,1958,2,13,,,64.0,0.0,0.0,,,,,,,,,,,
USC00043491,1958,2,14,,,229.0,0.0,0.0,,,,,,,,,,,
USC00043491,1958,2,15,,,165.0,0.0,0.0,,,,,,,,,,,
USC00043491,1958,2,16,,,46.0,0.0,0.0,,,,,,,,,,,
USC00043491,1958,2,17,,,157.0,0.0,0.0,,,,,,,,,,,
USC00043491,1958,2,18,,,356.0,0.0,0.0,,,,,,,,,,,
USC00043491,1958,2,19,,,0.0,0.0,0.0,,,,,,,,,,,
USC00043491,1958,2,2,,,119.0,0.0,0.0,,,,,,,,,,,
USC00043491,1958,2,20,,,0.0,0.0,0.0,,,,,,,,,,,
USC00043491,1958,2,21,,,0.0,0.0,0.0,,,,,,,,,,,
USC00043491,1958,2,22,,,0.0,0.0,0.0,,,,,,,,,,,
USC00043491,1958,2,23,,,0.0,0.0,0.0,,,,,,,,,,,
USC00043491,1958,2,24,,,726.0,0.0,0.0,,,,,,,,,,,
USC00043491,1958,2,25,,,345.0,0.0,0.0,,,,,,,,,,,
USC00043491,1958,2,26,,,5.0,0.0,0.0,,,,,,,,,,,
USC00043491,1958,2,27,,,0.0,0.0,0.0,,,,,,,,,,,
USC00043491,1958,2,28,,,0.0,0.0,0.0,,,,,,,,,,,
USC00043491,1958,2,29,,,-9999.0,-9999.0,-9999.0,,,,,,,,,,,
USC00043491,1958,2,3,,,589.0,0.0,0.0,,,,,,,,,,,
USC00043491,1958,2,30,,,-9999.0,-9999.0,-9999.0,,,,,,,,,,,
USC00043491,1958,2,31,,,-9999.0,-9999.0,-9999.0,,,,,,,,,,,
USC00043491,1958,2,4,,,198.0,0.0,0.0,,,,,,,,,,,
USC00043491,1958,2,5,,,328.0,0.0,0.0,,,,,,,,,,,
USC00043491,1958,2,6,,,0.0,0.0,0.0,,,,,,,,,,,
USC00043491,1958,2,7,,,152.0,0.0,0.0,,,,,,,,,,,
USC00043491,1958,2,8,,,259.0,0.0,0.0,,,,,,,,,,,
USC00043491,1958,2,9,,,127.0,0.0,0.0,,,,,,,,,,,
USC00043491,1958,3,1,,,0.0,0.0,0.0,,,,,,,,,,,
USC00043491,1958,3,10,,,13.0,-9999.0,-9999.0,,,,,,,,,,,
USC00043491,1958,3,11,,,0.0,-9999.0,-9999.0,,,,,,,,,,,
USC00043491,1958,3,12,,,112.0,-9999.0,-9999.0,,,,,,,,,,,
USC00043491,1958,3,13,,,201.0,-9999.0,-9999.0,,,,,,,,,,,
USC00043491,1958,3,14,,,384.0,-9999.0,-9999.0,,,,,,,,,,,
USC00043491,1958,3,15,,,38.0,-9999.0,-9999.0,,,,,,,,,,,
USC00043491,1958,3,16,,,267.0,-9999.0,-9999.0,,,,,,,,,,,
USC00043491,1958,3,17,,,0.0,-9999.0,-9999.0,,,,,,,,,,,
USC00043491,1958,3,18,,,0.0,-9999.0,-9999.0,,,,,,,,,,,
USC00043491,1958,3,19,,,0.0,-9999.0,-9999.0,,,,,,,,,,,
USC00043491,1958,3,2,,,0.0,0.0,0.0,,,,,,,,,,,
USC00043491,1958,3,20,,,269.0,-9999.0,-9999.0,,,,,,,,,,,
USC00043491,1958,3,21,,,356.0,-9999.0,-9999.0,,,,,,,,,,,
USC00043491,1958,3,22,,,249.0,-9999.0,-9999.0,,,,,,,,,,,
USC00043491,1958,3,23,,,338.0,-9999.0,-9999.0,,,,,,,,,,,
USC00043491,1958,3,24,,,300.0,-9999.0,-9999.0,,,,,,,,,,,
USC00043491,1958,3,25,,,127.0,-9999.0,-9999.0,,,,,,,,,,,
USC00043491,1958,3,26,,,0.0,-9999.0,-9999.0,,,,,,,,,,,
USC00043491,1958,3,27,,,33.0,-9999.0,-9999.0,,,,,,,,,,,
USC00043491,1958,3,28,,,104.0,-9999.0,-9999.0,,,,,,,,,,,
USC00043491,1958,3,29,,,89.0,-9999.0,-9999.0,,,,,,,,,,,
USC00043491,1958,3,3,,,0.0,0.0,0.0,,,,,,,,,,,
USC00043491,1958,3,30,,,757.0,-9999.0,-9999.0,,,,,,,,,,,
USC00043491,1958,3,31,,,28.0,-9999.0,-9999.0,,,,,,,,,,,
USC00043491,1958,3,4,,,0.0,0.0,0.0,,,,,,,,,,,
USC00043491,1958,3,5,,,0.0,0.0,0.0,,,,,,,,,,,
USC00043491,1958,3,6,,,69.0,-9999.0,-9999.0,,,,,,,,,,,
USC00043491,1958,3,7,,,0.0,-9999.0,-9999.0,,,,,,,,,,,
USC00043491,1958,3,8,,,147.0,-9999.0,-9999.0,,,,,,,,,,,
USC00043491,1958,3,9,,,0.0,-9999.0,-9999.0,,,,,,,,,,,
USC00043491,1958,4,1,,,678.0,-9999.0,,,,,,,,,,,,
USC00043491,1958,4,10,,,0.0,0.0,,,,,,,,,,,,
USC00043491,1958,4,11,,,0.0,0.0,,,,,,,,,,,,
USC00043491,1958,4,12,,,0.0,0.0,,,,,,,,,,,,
USC00043491,1958,4,13,,,0.0,0.0,,,,,,,,,,,,
USC00043491,1958,4,14,,,0.0,0.0,,,,,,,,,,,,
USC00043491,1958,4,15,,,0.0,0.0,,,,,,,,,,,,
USC00043491,1958,4,16,,,0.0,0.0,,,,,,,,,,,,
USC00043491,1958,4,17,,,0.0,0.0,,,,,,,,,,,,
USC00043491,1958,4,18,,,0.0,0.0,,,,,,,,,,,,
USC00043491,1958,4,19,,,0.0,0.0,,,,,,,,,,,,
USC00043491,1958,4,2,,,551.0,-9999.0,,,,,,,,,,,,
USC00043491,1958,4,20,,,0.0,0.0,,,,,,,,,,,,
USC00043491,1958,4,21,,,0.0,0.0,,,,,,,,,,,,
USC00043491,1958,4,22,,,0.0,0.0,,,,,,,,,,,,
USC00043491,1958,4,23,,,0.0,0.0,,,,,,,,,,,,
USC00043491,1958,4,24,,,0.0,0.0,,,,,,,,,,,,
USC00043491,1958,4,25,,,0.0,0.0,,,,,,,,,,,,
USC00043491,1958,4,26,,,0.0,0.0,,,,,,,,,,,,
USC00043491,1958,4,27,,,0.0,0.0,,,,,,,,,,,,
USC00043491,1958,4,28,,,0.0,0.0,,,,,,,,,,,,
USC00043491,1958,4,29,,,10.0,0.0,,,,,,,,,,,,
USC00043491,1958,4,3,,,561.0,-9999.0,,,,,,,,,,,,
USC00043491,1958,4,30,,,0.0,0.0,,,,,,,,,,,,
USC00043491,1958,4,31,,,-9999.0,-9999.0,,,,,,,,,,,,
USC00043491,1958,4,4,,,257.0,-9999.0,,,,,,,,,,,,
USC00043491,1958,4,5,,,33.0,-9999.0,,,,,,,,,,,,
USC00043491,1958,4,6,,,239.0,-9999.0,,,,,,,,,,,,
USC00043491,1958,4,7,,,15.0,-9999.0,,,,,,,,,,,,
USC00043491,1958,4,8,,,0.0,0.0,,,,,,,,,,,,
USC00043491,1958,4,9,,,0.0,0.0,,,,,,,,,,,,
USC00043491,1958,5,1,,,0.0,0.0,0.0,,,,,,,,,,,
USC00043491,1958,5,10,,,0.0,0.0,0.0,,,,,,,,,,,
USC00043491,1958,5,11,,,102.0,0.0,0.0,,,,,,,,,,,
USC00043491,1958,5,12,,,163.0,0.0,0.0,,,,,,,,,,,
USC00043491,1958,5,13,,,0.0,0.0,0.0,,,,,,,,,,,
USC00043491,1958,5,14,,,0.0,0.0,0.0,,,,,,,,,,,
USC00043491,1958,5,15,,,0.0,0.0,0.0,,,,,,,,,,,
USC00043491,1958,5,16,,,0.0,0.0,0.0,,,,,,,,,,,
USC00043491,1958,5,17,,,0.0,0.0,0.0,,,,,,,,,,,
USC00043491,1958,5,18,,,0.0,0.0,0.0,,,,,,,,,,,
USC00043491,1958,5,19,,,0.0,0.0,0.0,,,,,,,,,,,
USC00043491,1958,5,2,,,0.0,0.0,0.0,,,,,,,,,,,
USC00043491,1958,5,20,,,0.0,0.0,0.0,,,,,,,,,,,
USC00043491,1958,5,21,,,0.0,0.0,0.0,,,,,,,,,,,
USC00043491,1958,5,22,,,102.0,0.0,0.0,,,,,,,,,,,
USC00043491,1958,5,23,,,61.0,0.0,0.0,,,,,,,,,,,
USC00043491,1958,5,24,,,18.0,0.0,0.0,,,,,,,,,,,
USC00043491,1958,5,25,,,0.0,0.0,0.0,,,,,,,,,,,
USC00043491,1958,5,26,,,0.0,0.0,0.0,,,,,,,,,,,
USC00043491,1958,5,27,,,0.0,0.0,0.0,,,,,,,,,,,
USC00043491,1958,5,28,,,0.0,0.0,0.0,,,,,,,,,,,
USC00043491,1958,5,29,,,0.0,0.0,0.0,,,,,,,,,,,
USC00043491,1958,5,3,,,0.0,0.0,0.0,,,,,,,,,,,
USC00043491,1958,5,30,,,0.0,0.0,0.0,,,,,,,,,,,
USC00043491,1958,5,31,,,0.0,0.0,0.0,,,,,,,,,,,
USC00043491,1958,5,4,,,0.0,0.0,0.0,,,,,,,,,,,
USC00043491,1958,5,5,,,0.0,0.0,0.0,,,,,,,,,,,
USC00043491,1958,5,6,,,0.0,0.0,0.0,,,,,,,,,,,
USC00043491,1958,5,7,,,0.0,0.0,0.0,,,,,,,,,,,
USC00043491,1958,5,8,,,0.0,0.0,0.0,,,,,,,,,,,
USC00043491,1958,5,9,,,0.0,0.0,0.0,,,,,,,,,,,
USC00043491,1958,6,1,,,0.0,0.0,0.0,,,,,,,,,,,
USC00043491,1958,6,10,,,0.0,0.0,0.0,,,,,,,,,,,
USC00043491,1958,6,11,,,124.0,0.0,0.0,,,,,,,,,,,
USC00043491,1958,6,12,,,109.0,0.0,0.0,,,,,,,,,,,
USC00043491,1958,6,13,,,0.0,0.0,0.0,,,,,,,,,,,
USC00043491,1958,6,14,,,0.0,0.0,0.0,,,,,,,,,,,
USC00043491,1958,6,15,,,0.0,0.0,0.0,,,,,,,,,,,
USC00043491,1958,6,16,,,0.0,0.0,0.0,,,,,,,,,,,
USC00043491,1958,6,17,,,0.0,0.0,0.0,,,,,,,,,,,
USC00043491,1958,6,18,,,0.0,0.0,0.0,,,,,,,,,,,
USC00043491,1958,6,19,,,0.0,0.0,0.0,,,,,,,,,,,
USC00043491,1958,6,2,,,102.0,0.0,0.0,,,,,,,,,,,
USC00043491,1958,6,20,,,0.0,0.0,0.0,,,,,,,,,,,
USC00043491,1958,6,21,,,0.0,0.0,0.0,,,,,,,,,,,
USC00043491,1958,6,22,,,0.0,0.0,0.0,,,,,,,,,,,
USC00043491,1958,6,23,,,0.0,0.0,0.0,,,,,,,,,,,
USC00043491,1958,6,24,,,0.0,0.0,0.0,,,,,,,,,,,
USC00043491,1958,6,25,,,0.0,0.0,0.0,,,,,,,,,,,
USC00043491,1958,6,26,,,0.0,0.0,0.0,,,,,,,,,,,
USC00043491,1958,6,27,,,0.0,0.0,0.0,,,,,,,,,,,
USC00043491,1958,6,28,,,0.0,0.0,0.0,,,,,,,,,,,
USC00043491,1958,6,29,,,0.0,0.0,0.0,,,,,,,,,,,
USC00043491,1958,6,3,,,104.0,0.0,0.0,,,,,,,,,,,
USC00043491,1958,6,30,,,0.0,0.0,0.0,,,,,,,,,,,
USC00043491,1958,6,31,,,-9999.0,-9999.0,-9999.0,,,,,,,,,,,
USC00043491,1958,6,4,,,0.0,0.0,0.0,,,,,,,,,,,
USC00043491,1958,6,5,,,0.0,0.0,0.0,,,,,,,,,,,
USC00043491,1958,6,6,,,0.0,0.0,0.0,,,,,,,,,,,
USC00043491,1958,6,7,,,0.0,0.0,0.0,,,,,,,,,,,
USC00043491,1958,6,8,,,0.0,0.0,0.0,,,,,,,,,,,
USC00043491,1958,6,9,,,30.0,0.0,0.0,,,,,,,,,,,
USC00043491,1958,7,1,,,0.0,0.0,0.0,,,,,,,,,,,
USC00043491,1958,7,10,,,0.0,0.0,0.0,,,,,,,,,,,
USC00043491,1958,7,11,,,0.0,0.0,0.0,,,,,,,,,,,
USC00043491,1958,7,12,,,0.0,0.0,0.0,,,,,,,,,,,
USC00043491,1958,7,13,,,0.0,0.0,0.0,,,,,,,,,,,
USC00043491,1958,7,14,,,0.0,0.0,0.0,,,,,,,,,,,
USC00043491,1958,7,15,,,0.0,0.0,0.0,,,,,,,,,,,
USC00043491,1958,7,16,,,0.0,0.0,0.0,,,,,,,,,,,
USC00043491,1958,7,17,,,0.0,0.0,0.0,,,,,,,,,,,
USC00043491,1958,7,18,,,0.0,0.0,0.0,,,,,,,,,,,
USC00043491,1958,7,19,,,0.0,0.0,0.0,,,,,,,,,,,
USC00043491,1958,7,2,,,0.0,0.0,0.0,,,,,,,,,,,
USC00043491,1958,7,20,,,0.0,0.0,0.0,,,,,,,,,,,
USC00043491,1958,7,21,,,0.0,0.0,0.0,,,,,,,,,,,
USC00043491,1958,7,22,,,0.0,0.0,0.0,,,,,,,,,,,
USC00043491,1958,7,23,,,0.0,0.0,0.0,,,,,,,,,,,
USC00043491,1958,7,24,,,0.0,0.0,0.0,,,,,,,,,,,
USC00043491,1958,7,25,,,0.0,0.0,0.0,,,,,,,,,,,
USC00043491,1958,7,26,,,0.0,0.0,0.0,,,,,,,,,,,
USC00043491,1958,7,27,,,0.0,0.0,0.0,,,,,,,,,,,
USC00043491,1958,7,28,,,5.0,0.0,0.0,,,,,,,,,,,
USC00043491,1958,7,29,,,0.0,0.0,0.0,,,,,,,,,,,
USC00043491,1958,7,3,,,0.0,0.0,0.0,,,,,,,,,,,
USC00043491,1958,7,30,,,0.0,0.0,0.0,,,,,,,,,,,
USC00043491,1958,7,31,,,0.0,0.0,0.0,,,,,,,,,,,
USC00043491,1958,7,4,,,0.0,0.0,0.0,,,,,,,,,,,
USC00043491,1958,7,5,,,0.0,0.0,0.0,,,,,,,,,,,
USC00043491,1958,7,6,,,0.0,0.0,0.0,,,,,,,,,,,
USC00043491,1958,7,7,,,0.0,0.0,0.0,,,,,,,,,,,
USC00043491,1958,7,8,,,0.0,0.0,0.0,,,,,,,,,,,
USC00043491,1958,7,9,,,0.0,0.0,0.0,,,,,,,,,,,
USC00043491,1958,8,1,,,0.0,0.0,0.0,,,,,,,,,,,
USC00043491,1958,8,10,,,0.0,0.0,0.0,,,,,,,,,,,
USC00043491,1958,8,11,,,0.0,0.0,0.0,,,,,,,,,,,
USC00043491,1958,8,12,,,0.0,0.0,0.0,,,,,,,,,,,
USC00043491,1958,8,13,,,0.0,0.0,0.0,,,,,,,,,,,
USC00043491,1958,8,14,,,0.0,0.0,0.0,,,,,,,,,,,
USC00043491,1958,8,15,,,0.0,0.0,0.0,,,,,,,,,,,
USC00043491,1958,8,16,,,0.0,0.0,0.0,,,,,,,,,,,
USC00043491,1958,8,17,,,8.0,0.0,0.0,,,,,,,,,,,
USC00043491,1958,8,18,,,0.0,0.0,0.0,,,,,,,,,,,
USC00043491,1958,8,19,,,0.0,0.0,0.0,,,,,,,,,,,
USC00043491,1958,8,2,,,0.0,0.0,0.0,,,,,,,,,,,
USC00043491,1958,8,20,,,0.0,0.0,0.0,,,,,,,,,,,
USC00043491,1958,8,21,,,0.0,0.0,0.0,,,,,,,,,,,
USC00043491,1958,8,22,,,0.0,0.0,0.0,,,,,,,,,,,
USC00043491,1958,8,23,,,0.0,0.0,0.0,,,,,,,,,,,
USC00043491,1958,8,24,,,0.0,0.0,0.0,,,,,,,,,,,
USC00043491,1958,8,25,,,0.0,0.0,0.0,,,,,,,,,,,
USC00043491,1958,8,26,,,0.0,0.0,0.0,,,,,,,,,,,
USC00043491,1958,8,27,,,0.0,0.0,0.0,,,,,,,,,,,
USC00043491,1958,8,28,,,0.0,0.0,0.0,,,,,,,,,,,
USC00043491,1958,8,29,,,0.0,0.0,0.0,,,,,,,,,,,
USC00043491,1958,8,3,,,0.0,0.0,0.0,,,,,,,,,,,
USC00043491,1958,8,30,,,0.0,0.0,0.0,,,,,,,,,,,
USC00043491,1958,8,31,,,0.0,0.0,0.0,,,,,,,,,,,
USC00043491,1958,8,4,,,0.0,0.0,0.0,,,,,,,,,,,
USC00043491,1958,8,5,,,0.0,0.0,0.0,,,,,,,,,,,
USC00043491,1958,8,6,,,0.0,0.0,0.0,,,,,,,,,,,
USC00043491,1958,8,7,,,0.0,0.0,0.0,,,,,,,,,,,
USC00043491,1958,8,8,,,0.0,0.0,0.0,,,,,,,,,,,
USC00043491,1958,8,9,,,0.0,0.0,0.0,,,,,,,,,,,
USC00043491,1958,9,1,,,0.0,0.0,0.0,,,,,,,,,,,
USC00043491,1958,9,10,,,0.0,0.0,0.0,,,,,,,,,,,
USC00043491,1958,9,11,,,0.0,0.0,0.0,,,,,,,,,,,
USC00043491,1958,9,12,,,0.0,0.0,0.0,,,,,,,,,,,
USC00043491,1958,9,13,,,0.0,0.0,0.0,,,,,,,,,,,
USC00043491,1958,9,14,,,0.0,0.0,0.0,,,,,,,,,,,
USC00043491,1958,9,15,,,0.0,0.0,0.0,,,,,,,,,,,
USC00043491,1958,9,16,,,0.0,0.0,0.0,,,,,,,,,,,
USC00043491,1958,9,17,,,0.0,0.0,0.0,,,,,,,,,,,
USC00043491,1958,9,18,,,0.0,0.0,0.0,,,,,,,,,,,
USC00043491,1958,9,19,,,0.0,0.0,0.0,,,,,,,,,,,
USC00043491,1958,9,2,,,0.0,0.0,0.0,,,,,,,,,,,
USC00043491,1958,9,20,,,0.0,0.0,0.0,,,,,,,,,,,
USC00043491,1958,9,21,,,0.0,0.0,0.0,,,,,,,,,,,
USC00043491,1958,9,22,,,0.0,0.0,0.0,,,,,,,,,,,
USC00043491,1958,9,23,,,389.0,0.0,0.0,,,,,,,,,,,
USC00043491,1958,9,24,,,0.0,0.0,0.0,,,,,,,,,,,
USC00043491,1958,9,25,,,0.0,0.0,0.0,,,,,,,,,,,
USC00043491,1958,9,26,,,0.0,0.0,0.0,,,,,,,,,,,
USC00043491,1958,9,27,,,0.0,0.0,0.0,,,,,,,,,,,
USC00043491,1958,9,28,,,0.0,0.0,0.0,,,,,,,,,,,
USC00043491,1958,9,29,,,0.0,0.0,0.0,,,,,,,,,,,
USC00043491,1958,9,3,,,0.0,0.0,0.0,,,,,,,,,,,
USC00043491,1958,9,30,,,0.0,0.0,0.0,,,,,,,,,,,
USC00043491,1958,9,31,,,-9999.0,-9999.0,-9999.0,,,,,,,,,,,
USC00043491,1958,9,4,,,0.0,0.0,0.0,,,,,,,,,,,
USC00043491,1958,9,5,,,0.0,0.0,0.0,,,,,,,,,,,
USC00043491,1958,9,6,,,0.0,0.0,0.0,,,,,,,,,,,
USC00043491,1958,9,7,,,0.0,0.0,0.0,,,,,,,,,,,
USC00043491,1958,9,8,,,0.0,0.0,0.0,,,,,,,,,,,
USC00043491,1958,9,9,,,0.0,0.0,0.0,,,,,,,,,,,
USC00043491,1958,10,1,,,0.0,0.0,0.0,,,,,,,,,,,
USC00043491,1958,10,10,,,0.0,0.0,0.0,,,,,,,,,,,
USC00043491,1958,10,11,,,0.0,0.0,0.0,,,,,,,,,,,
USC00043491,1958,10,12,,,0.0,0.0,0.0,,,,,,,,,,,
USC00043491,1958,10,13,,,0.0,0.0,0.0,,,,,,,,,,,
USC00043491,1958,10,14,,,0.0,0.0,0.0,,,,,,,,,,,
USC00043491,1958,10,15,,,0.0,0.0,0.0,,,,,,,,,,,
USC00043491,1958,10,16,,,0.0,0.0,0.0,,,,,,,,,,,
USC00043491,1958,10,17,,,0.0,0.0,0.0,,,,,,,,,,,
USC00043491,1958,10,18,,,109.0,0.0,0.0,,,,,,,,,,,
USC00043491,1958,10,19,,,15.0,0.0,0.0,,,,,,,,,,,
USC00043491,1958,10,2,,,0.0,0.0,0.0,,,,,,,,,,,
USC00043491,1958,10,20,,,0.0,0.0,0.0,,,,,,,,,,,
USC00043491,1958,10,21,,,0.0,0.0,0.0,,,,,,,,,,,
USC00043491,1958,10,22,,,0.0,0.0,0.0,,,,,,,,,,,
USC00043491,1958,10,23,,,0.0,0.0,0.0,,,,,,,,,,,
USC00043491,1958,10,24,,,0.0,0.0,0.0,,,,,,,,,,,
USC00043491,1958,10,25,,,0.0,0.0,0.0,,,,,,,,,,,
USC00043491,1958,10,26,,,0.0,0.0,0.0,,,,,,,,,,,
USC00043491,1958,10,27,,,0.0,0.0,0.0,,,,,,,,,,,
USC00043491,1958,10,28,,,0.0,0.0,0.0,,,,,,,,,,,
USC00043491,1958,10,29,,,0.0,0.0,0.0,,,,,,,,,,,
USC00043491,1958,10,3,,,0.0,0.0,0.0,,,,,,,,,,,
USC00043491,1958,10,30,,,0.0,0.0,0.0,,,,,,,,,,,
USC00043491,1958,10,31,,,0.0,0.0,0.0,,,,,,,,,,,
USC00043491,1958,10,4,,,0.0,0.0,0.0,,,,,,,,,,,
USC00043491,1958,10,5,,,0.0,0.0,0.0,,,,,,,,,,,
USC00043491,1958,10,6,,,0.0,0.0,0.0,,,,,,,,,,,
USC00043491,1958,10,7,,,0.0,0.0,0.0,,,,,,,,,,,
USC00043491,1958,10,8,,,0.0,0.0,0.0,,,,,,,,,,,
USC00043491,1958,10,9,,,0.0,0.0,0.0,,,,,,,,,,,
USC00043491,1958,11,1,,,0.0,0.0,0.0,,,,,,,,,,,
USC00043491,1958,11,10,,,262.0,0.0,0.0,,,,,,,,,,,
USC00043491,1958,11,11,,,0.0,0.0,0.0,,,,,,,,,,,
USC00043491,1958,11,12,,,0.0,0.0,0.0,,,,,,,,,,,
USC00043491,1958,11,13,,,0.0,0.0,0.0,,,,,,,,,,,
USC00043491,1958,11,14,,,244.0,0.0,0.0,,,,,,,,,,,
USC00043491,1958,11,15,,,0.0,0.0,0.0,,,,,,,,,,,
USC00043491,1958,11,16,,,0.0,0.0,0.0,,,,,,,,,,,
USC00043491,1958,11,17,,,0.0,0.0,0.0,,,,,,,,,,,
USC00043491,1958,11,18,,,20.0,0.0,0.0,,,,,,,,,,,
USC00043491,1958,11,19,,,76.0,0.0,0.0,,,,,,,,,,,
USC00043491,1958,11,2,,,0.0,0.0,0.0,,,,,,,,,,,
USC00043491,1958,11,20,,,0.0,0.0,0.0,,,,,,,,,,,
USC00043491,1958,11,21,,,0.0,0.0,0.0,,,,,,,,,,,
USC00043491,1958,11,22,,,0.0,0.0,0.0,,,,,,,,,,,
USC00043491,1958,11,23,,,0.0,0.0,0.0,,,,,,,,,,,
USC00043491,1958,11,24,,,0.0,0.0,0.0,,,,,,,,,,,
USC00043491,1958,11,25,,,0.0,0.0,0.0,,,,,,,,,,,
USC00043491,1958,11,26,,,0.0,0.0,0.0,,,,,,,,,,,
USC00043491,1958,11,27,,,0.0,0.0,0.0,,,,,,,,,,,
USC00043491,1958,11,28,,,0.0,0.0,0.0,,,,,,,,,,,
USC00043491,1958,11,29,,,0.0,0.0,0.0,,,,,,,,,,,
USC00043491,1958,11,3,,,0.0,0.0,0.0,,,,,,,,,,,
USC00043491,1958,11,30,,,0.0,0.0,0.0,,,,,,,,,,,
USC00043491,1958,11,31,,,-9999.0,-9999.0,-9999.0,,,,,,,,,,,
USC00043491,1958,11,4,,,0.0,0.0,0.0,,,,,,,,,,,
USC00043491,1958,11,5,,,0.0,0.0,0.0,,,,,,,,,,,
USC00043491,1958,11,6,,,0.0,0.0,0.0,,,,,,,,,,,
USC00043491,1958,11,7,,,0.0,0.0,0.0,,,,,,,,,,,
USC00043491,1958,11,8,,,0.0,0.0,0.0,,,,,,,,,,,
USC00043491,1958,11,9,,,0.0,0.0,0.0,,,,,,,,,,,
USC00043491,1958,12,1,,,0.0,0.0,0.0,,,,,,,,,,,
USC00043491,1958,12,10,,,0.0,0.0,0.0,,,,,,,,,,,
USC00043491,1958,12,11,,,0.0,0.0,0.0,,,,,,,,,,,
USC00043491,1958,12,12,,,0.0,0.0,0.0,,,,,,,,,,,
USC00043491,1958,12,13,,,0.0,0.0,0.0,,,,,,,,,,,
USC00043491,1958,12,14,,,0.0,0.0,0.0,,,,,,,,,,,
USC00043491,1958,12,15,,,0.0,0.0,0.0,,,,,,,,,,,
USC00043491,1958,12,16,,,0.0,0.0,0.0,,,,,,,,,,,
USC00043491,1958,12,17,,,0.0,0.0,0.0,,,,,,,,,,,
USC00043491,1958,12,18,,,0.0,0.0,0.0,,,,,,,,,,,
USC00043491,1958,12,19,,,0.0,0.0,0.0,,,,,,,,,,,
USC00043491,1958,12,2,,,0.0,0.0,0.0,,,,,,,,,,,
USC00043491,1958,12,20,,,0.0,0.0,0.0,,,,,,,,,,,
USC00043491,1958,12,21,,,30.0,0.0,0.0,,,,,,,,,,,
USC00043491,1958,12,22,,,5.0,0.0,0.0,,,,,,,,,,,
USC00043491,1958,12,23,,,0.0,0.0,0.0,,,,,,,,,,,
USC00043491,1958,12,24,,,0.0,0.0,0.0,,,,,,,,,,,
USC00043491,1958,12,25,,,152.0,0.0,0.0,,,,,,,,,,,
USC00043491,1958,12,26,,,10.0,0.0,0.0,,,,,,,,,,,
USC00043491,1958,12,27,,,305.0,0.0,0.0,,,,,,,,,,,
USC00043491,1958,12,28,,,28.0,0.0,0.0,,,,,,,,,,,
USC00043491,1958,12,29,,,0.0,0.0,0.0,,,,,,,,,,,
USC00043491,1958,12,3,,,0.0,0.0,0.0,,,,,,,,,,,
USC00043491,1958,12,30,,,0.0,0.0,0.0,,,,,,,,,,,
USC00043491,1958,12,31,,,0.0,0.0,0.0,,,,,,,,,,,
USC00043491,1958,12,4,,,0.0,0.0,0.0,,,,,,,,,,,
USC00043491,1958,12,5,,,0.0,0.0,0.0,,,,,,,,,,,
USC00043491,1958,12,6,,,0.0,0.0,0.0,,,,,,,,,,,
USC00043491,1958,12,7,,,0.0,0.0,0.0,,,,,,,,,,,
USC00043491,1958,12,8,,,0.0,0.0,0.0,,,,,,,,,,,
USC00043491,1958,12,9,,,0.0,0.0,0.0,,,,,,,,,,,
USC00043491,1959,1,1,,,0.0,0.0,0.0,,,,,,,,,,,
USC00043491,1959,1,10,,,488.0,0.0,0.0,,,,,,,,,,,
USC00043491,1959,1,11,,,5.0,0.0,0.0,,,,,,,,,,,
USC00043491,1959,1,12,,,437.0,0.0,0.0,,,,,,,,,,,
USC00043491,1959,1,13,,,15.0,0.0,0.0,,,,,,,,,,,
USC00043491,1959,1,14,,,0.0,0.0,0.0,,,,,,,,,,,
USC00043491,1959,1,15,,,0.0,0.0,0.0,,,,,,,,,,,
USC00043491,1959,1,16,,,0.0,0.0,0.0,,,,,,,,,,,
USC00043491,1959,1,17,,,0.0,0.0,0.0,,,,,,,,,,,
USC00043491,1959,1,18,,,0.0,0.0,0.0,,,,,,,,,,,
USC00043491,1959,1,19,,,0.0,0.0,0.0,,,,,,,,,,,
USC00043491,1959,1,2,,,0.0,0.0,0.0,,,,,,,,,,,
USC00043491,1959,1,20,,,0.0,0.0,0.0,,,,,,,,,,,
USC00043491,1959,1,21,,,0.0,0.0,0.0,,,,,,,,,,,
USC00043491,1959,1,22,,,0.0,0.0,0.0,,,,,,,,,,,
USC00043491,1959,1,23,,,0.0,0.0,0.0,,,,,,,,,,,
USC00043491,1959,1,24,,,173.0,0.0,0.0,,,,,,,,,,,
USC00043491,1959,1,25,,,259.0,0.0,0.0,,,,,,,,,,,
USC00043491,1959,1,26,,,69.0,0.0,0.0,,,,,,,,,,,
USC00043491,1959,1,27,,,99.0,0.0,0.0,,,,,,,,,,,
USC00043491,1959,1,28,,,48.0,0.0,0.0,,,,,,,,,,,
USC00043491,1959,1,29,,,30.0,0.0,0.0,,,,,,,,,,,
USC00043491,1959,1,3,,,0.0,0.0,0.0,,,,,,,,,,,
USC00043491,1959,1,30,,,0.0,0.0,0.0,,,,,,,,,,,
USC00043491,1959,1,31,,,0.0,0.0,0.0,,,,,,,,,,,
USC00043491,1959,1,4,,,0.0,0.0,0.0,,,,,,,,,,,
USC00043491,1959,1,5,,,262.0,0.0,0.0,,,,,,,,,,,
USC00043491,1959,1,6,,,455.0,0.0,0.0,,,,,,,,,,,
USC00043491,1959,1,7,,,5.0,0.0,0.0,,,,,,,,,,,
USC00043491,1959,1,8,,,53.0,0.0,0.0,,,,,,,,,,,
USC00043491,1959,1,9,,,772.0,0.0,0.0,,,,,,,,,,,
USC00043491,1959,2,1,,,0.0,0.0,0.0,,,,,,,,,,,
USC00043491,1959,2,10,,,699.0,-9999.0,-9999.0,,,,,,,,,,,
USC00043491,1959,2,11,,,264.0,-9999.0,-9999.0,,,,,,,,,,,
USC00043491,1959,2,12,,,165.0,-9999.0,-9999.0,,,,,,,,,,,
USC00043491,1959,2,13,,,0.0,-9999.0,-9999.0,,,,,,,,,,,
USC00043491,1959,2,14,,,5.0,-9999.0,-9999.0,,,,,,,,,,,
USC00043491,1959,2,15,,,43.0,-9999.0,-9999.0,,,,,,,,,,,
USC00043491,1959,2,16,,,630.0,-9999.0,-9999.0,,,,,,,,,,,
USC00043491,1959,2,17,,,183.0,-9999.0,-9999.0,,,,,,,,,,,
USC00043491,1959,2,18,,,396.0,-9999.0,-9999.0,,,,,,,,,,,
USC00043491,1959,2,19,,,135.0,-9999.0,-9999.0,,,,,,,,,,,
USC00043491,1959,2,2,,,0.0,0.0,0.0,,,,,,,,,,,
USC00043491,1959,2,20,,,61.0,-9999.0,-9999.0,,,,,,,,,,,
USC00043491,1959,2,21,,,5.0,-9999.0,-9999.0,,,,,,,,,,,
USC00043491,1959,2,22,,,36.0,-9999.0,-9999.0,,,,,,,,,,,
USC00043491,1959,2,23,,,43.0,-9999.0,-9999.0,,,,,,,,,,,
USC00043491,1959,2,24,,,0.0,0.0,0.0,,,,,,,,,,,
USC00043491,1959,2,25,,,0.0,0.0,0.0,,,,,,,,,,,
USC00043491,1959,2,26,,,0.0,0.0,0.0,,,,,,,,,,,
USC00043491,1959,2,27,,,0.0,0.0,0.0,,,,,,,,,,,
USC00043491,1959,2,28,,,0.0,0.0,0.0,,,,,,,,,,,
USC00043491,1959,2,29,,,-9999.0,-9999.0,-9999.0,,,,,,,,,,,
USC00043491,1959,2,3,,,0.0,0.0,0.0,,,,,,,,,,,
USC00043491,1959,2,30,,,-9999.0,-9999.0,-9999.0,,,,,,,,,,,
USC00043491,1959,2,31,,,-9999.0,-9999.0,-9999.0,,,,,,,,,,,
USC00043491,1959,2,4,,,0.0,0.0,0.0,,,,,,,,,,,
USC00043491,1959,2,5,,,0.0,0.0,0.0,,,,,,,,,,,
USC00043491,1959,2,6,,,0.0,0.0,0.0,,,,,,,,,,,
USC00043491,1959,2,7,,,0.0,-9999.0,-9999.0,,,,,,,,,,,
USC00043491,1959,2,8,,,30.0,-9999.0,-9999.0,,,,,,,,,,,
USC00043491,1959,2,9,,,81.0,-9999.0,-9999.0,,,,,,,,,,,
USC00043491,1959,3,1,,,0.0,0.0,0.0,,,,,,,,,,,
USC00043491,1959,3,10,,,0.0,0.0,0.0,,,,,,,,,,,
USC00043491,1959,3,11,,,0.0,0.0,0.0,,,,,,,,,,,
USC00043491,1959,3,12,,,0.0,0.0,0.0,,,,,,,,,,,
USC00043491,1959,3,13,,,0.0,0.0,0.0,,,,,,,,,,,
USC00043491,1959,3,14,,,0.0,0.0,0.0,,,,,,,,,,,
USC00043491,1959,3,15,,,0.0,0.0,0.0,,,,,,,,,,,
USC00043491,1959,3,16,,,0.0,0.0,0.0,,,,,,,,,,,
USC00043491,1959,3,17,,,0.0,0.0,0.0,,,,,,,,,,,
USC00043491,1959,3,18,,,0.0,0.0,0.0,,,,,,,,,,,
USC00043491,1959,3,19,,,0.0,0.0,0.0,,,,,,,,,,,
USC00043491,1959,3,2,,,0.0,0.0,0.0,,,,,,,,,,,
USC00043491,1959,3,20,,,0.0,0.0,0.0,,,,,,,,,,,
USC00043491,1959,3,21,,,0.0,0.0,0.0,,,,,,,,,,,
USC00043491,1959,3,22,,,5.0,0.0,0.0,,,,,,,,,,,
USC00043491,1959,3,23,,,282.0,0.0,0.0,,,,,,,,,,,
USC00043491,1959,3,24,,,23.0,0.0,0.0,,,,,,,,,,,
USC00043491,1959,3,25,,,0.0,0.0,0.0,,,,,,,,,,,
USC00043491,1959,3,26,,,155.0,0.0,0.0,,,,,,,,,,,
USC00043491,1959,3,27,,,0.0,0.0,0.0,,,,,,,,,,,
USC00043491,1959,3,28,,,0.0,0.0,0.0,,,,,,,,,,,
USC00043491,1959,3,29,,,0.0,0.0,0.0,,,,,,,,,,,
USC00043491,1959,3,3,,,0.0,0.0,0.0,,,,,,,,,,,
USC00043491,1959,3,30,,,315.0,0.0,0.0,,,,,,,,,,,
USC00043491,1959,3,31,,,3.0,0.0,0.0,,,,,,,,,,,
USC00043491,1959,3,4,,,0.0,0.0,0.0,,,,,,,,,,,
USC00043491,1959,3,5,,,0.0,0.0,0.0,,,,,,,,,,,
USC00043491,1959,3,6,,,0.0,0.0,0.0,,,,,,,,,,,
USC00043491,1959,3,7,,,0.0,0.0,0.0,,,,,,,,,,,
USC00043491,1959,3,8,,,0.0,0.0,0.0,,,,,,,,,,,
USC00043491,1959,3,9,,,0.0,0.0,0.0,,,,,,,,,,,
USC00043491,1959,4,1,,,0.0,0.0,0.0,,,,,,,,,,,
USC00043491,1959,4,10,,,0.0,0.0,0.0,,,,,,,,,,,
USC00043491,1959,4,11,,,0.0,0.0,0.0,,,,,,,,,,,
USC00043491,1959,4,12,,,0.0,0.0,0.0,,,,,,,,,,,
USC00043491,1959,4,13,,,0.0,0.0,0.0,,,,,,,,,,,
USC00043491,1959,4,14,,,0.0,0.0,0.0,,,,,,,,,,,
USC00043491,1959,4,15,,,0.0,0.0,0.0,,,,,,,,,,,
USC00043491,1959,4,16,,,0.0,0.0,0.0,,,,,,,,,,,
USC00043491,1959,4,17,,,0.0,0.0,0.0,,,,,,,,,,,
USC00043491,1959,4,18,,,0.0,0.0,0.0,,,,,,,,,,,
USC00043491,1959,4,19,,,0.0,0.0,0.0,,,,,,,,,,,
USC00043491,1959,4,2,,,0.0,0.0,0.0,,,,,,,,,,,
USC00043491,1959,4,20,,,0.0,0.0,0.0,,,,,,,,,,,
USC00043491,1959,4,21,,,0.0,0.0,0.0,,,,,,,,,,,
USC00043491,1959,4,22,,,0.0,0.0,0.0,,,,,,,,,,,
USC00043491,1959,4,23,,,0.0,0.0,0.0,,,,,,,,,,,
USC00043491,1959,4,24,,,0.0,0.0,0.0,,,,,,,,,,,
USC00043491,1959,4,25,,,269.0,0.0,0.0,,,,,,,,,,,
USC00043491,1959,4,26,,,460.0,0.0,0.0,,,,,,,,,,,
USC00043491,1959,4,27,,,0.0,0.0,0.0,,,,,,,,,,,
USC00043491,1959,4,28,,,0.0,0.0,0.0,,,,,,,,,,,
USC00043491,1959,4,29,,,0.0,0.0,0.0,,,,,,,,,,,
USC00043491,1959,4,3,,,0.0,0.0,0.0,,,,,,,,,,,
USC00043491,1959,4,30,,,0.0,0.0,0.0,,,,,,,,,,,
USC00043491,1959,4,31,,,-9999.0,-9999.0,-9999.0,,,,,,,,,,,
USC00043491,1959,4,4,,,0.0,0.0,0.0,,,,,,,,,,,
USC00043491,1959,4,5,,,0.0,0.0,0.0,,,,,,,,,,,
USC00043491,1959,4,6,,,0.0,0.0,0.0,,,,,,,,,,,
USC00043491,1959,4,7,,,0.0,0.0,0.0,,,,,,,,,,,
USC00043491,1959,4,8,,,0.0,0.0,0.0,,,,,,,,,,,
USC00043491,1959,4,9,,,0.0,0.0,0.0,,,,,,,,,,,
USC00043491,1959,5,1,,,56.0,0.0,0.0,,,,,,,,,,,
USC00043491,1959,5,10,,,0.0,0.0,0.0,,,,,,,,,,,
USC00043491,1959,5,11,,,0.0,0.0,0.0,,,,,,,,,,,
USC00043491,1959,5,12,,,0.0,0.0,0.0,,,,,,,,,,,
USC00043491,1959,5,13,,,0.0,0.0,0.0,,,,,,,,,,,
USC00043491,1959,5,14,,,0.0,0.0,0.0,,,,,,,,,,,
USC00043491,1959,5,15,,,0.0,0.0,0.0,,,,,,,,,,,
USC00043491,1959,5,16,,,0.0,0.0,0.0,,,,,,,,,,,
USC00043491,1959,5,17,,,0.0,0.0,0.0,,,,,,,,,,,
USC00043491,1959,5,18,,,0.0,0.0,0.0,,,,,,,,,,,
USC00043491,1959,5,19,,,0.0,0.0,0.0,,,,,,,,,,,
USC00043491,1959,5,2,,,18.0,0.0,0.0,,,,,,,,,,,
USC00043491,1959,5,20,,,0.0,0.0,0.0,,,,,,,,,,,
USC00043491,1959,5,21,,,0.0,0.0,0.0,,,,,,,,,,,
USC00043491,1959,5,22,,,8.0,0.0,0.0,,,,,,,,,,,
USC00043491,1959,5,23,,,127.0,0.0,0.0,,,,,,,,,,,
USC00043491,1959,5,24,,,0.0,0.0,0.0,,,,,,,,,,,
USC00043491,1959,5,25,,,0.0,0.0,0.0,,,,,,,,,,,
USC00043491,1959,5,26,,,0.0,0.0,0.0,,,,,,,,,,,
USC00043491,1959,5,27,,,23.0,0.0,0.0,,,,,,,,,,,
USC00043491,1959,5,28,,,0.0,0.0,0.0,,,,,,,,,,,
USC00043491,1959,5,29,,,0.0,0.0,0.0,,,,,,,,,,,
USC00043491,1959,5,3,,,5.0,0.0,0.0,,,,,,,,,,,
USC00043491,1959,5,30,,,0.0,0.0,0.0,,,,,,,,,,,
USC00043491,1959,5,31,,,0.0,0.0,0.0,,,,,,,,,,,
USC00043491,1959,5,4,,,0.0,0.0,0.0,,,,,,,,,,,
USC00043491,1959,5,5,,,0.0,0.0,0.0,,,,,,,,,,,
USC00043491,1959,5,6,,,0.0,0.0,0.0,,,,,,,,,,,
USC00043491,1959,5,7,,,0.0,0.0,0.0,,,,,,,,,,,
USC00043491,1959,5,8,,,0.0,0.0,0.0,,,,,,,,,,,
USC00043491,1959,5,9,,,0.0,0.0,0.0,,,,,,,,,,,
USC00043491,1959,6,1,,,0.0,0.0,0.0,,,,,,,,,,,
USC00043491,1959,6,10,,,0.0,0.0,0.0,,,,,,,,,,,
USC00043491,1959,6,11,,,0.0,0.0,0.0,,,,,,,,,,,
USC00043491,1959,6,12,,,0.0,0.0,0.0,,,,,,,,,,,
USC00043491,1959,6,13,,,0.0,0.0,0.0,,,,,,,,,,,
USC00043491,1959,6,14,,,0.0,0.0,0.0,,,,,,,,,,,
USC00043491,1959,6,15,,,0.0,0.0,0.0,,,,,,,,,,,
USC00043491,1959,6,16,,,0.0,0.0,0.0,,,,,,,,,,,
USC00043491,1959,6,17,,,0.0,0.0,0.0,,,,,,,,,,,
USC00043491,1959,6,18,,,0.0,0.0,0.0,,,,,,,,,,,
USC00043491,1959,6,19,,,0.0,0.0,0.0,,,,,,,,,,,
USC00043491,1959,6,2,,,0.0,0.0,0.0,,,,,,,,,,,
USC00043491,1959,6,20,,,0.0,0.0,0.0,,,,,,,,,,,
USC00043491,1959,6,21,,,0.0,0.0,0.0,,,,,,,,,,,
USC00043491,1959,6,22,,,0.0,0.0,0.0,,,,,,,,,,,
USC00043491,1959,6,23,,,0.0,0.0,0.0,,,,,,,,,,,
USC00043491,1959,6,24,,,0.0,0.0,0.0,,,,,,,,,,,
USC00043491,1959,6,25,,,0.0,0.0,0.0,,,,,,,,,,,
USC00043491,1959,6,26,,,0.0,0.0,0.0,,,,,,,,,,,
USC00043491,1959,6,27,,,0.0,0.0,0.0,,,,,,,,,,,
USC00043491,1959,6,28,,,0.0,0.0,0.0,,,,,,,,,,,
USC00043491,1959,6,29,,,0.0,0.0,0.0,,,,,,,,,,,
USC00043491,1959,6,3,,,0.0,0.0,0.0,,,,,,,,,,,
USC00043491,1959,6,30,,,0.0,0.0,0.0,,,,,,,,,,,
USC00043491,1959,6,31,,,-9999.0,-9999.0,-9999.0,,,,,,,,,,,
USC00043491,1959,6,4,,,0.0,0.0,0.0,,,,,,,,,,,
USC00043491,1959,6,5,,,0.0,0.0,0.0,,,,,,,,,,,
USC00043491,1959,6,6,,,0.0,0.0,0.0,,,,,,,,,,,
USC00043491,1959,6,7,,,0.0,0.0,0.0,,,,,,,,,,,
USC00043491,1959,6,8,,,0.0,0.0,0.0,,,,,,,,,,,
USC00043491,1959,6,9,,,0.0,0.0,0.0,,,,,,,,,,,
USC00043491,1959,7,1,,,0.0,0.0,0.0,,,,,,,,,,,
USC00043491,1959,7,10,,,0.0,0.0,0.0,,,,,,,,,,,
USC00043491,1959,7,11,,,0.0,0.0,0.0,,,,,,,,,,,
USC00043491,1959,7,12,,,0.0,0.0,0.0,,,,,,,,,,,
USC00043491,1959,7,13,,,0.0,0.0,0.0,,,,,,,,,,,
USC00043491,1959,7,14,,,0.0,0.0,0.0,,,,,,,,,,,
USC00043491,1959,7,15,,,0.0,0.0,0.0,,,,,,,,,,,
USC00043491,1959,7,16,,,0.0,0.0,0.0,,,,,,,,,,,
USC00043491,1959,7,17,,,0.0,0.0,0.0,,,,,,,,,,,
USC00043491,1959,7,18,,,0.0,0.0,0.0,,,,,,,,,,,
USC00043491,1959,7,19,,,0.0,0.0,0.0,,,,,,,,,,,
USC00043491,1959,7,2,,,0.0,0.0,0.0,,,,,,,,,,,
USC00043491,1959,7,20,,,0.0,0.0,0.0,,,,,,,,,,,
USC00043491,1959,7,21,,,0.0,0.0,0.0,,,,,,,,,,,
USC00043491,1959,7,22,,,0.0,0.0,0.0,,,,,,,,,,,
USC00043491,1959,7,23,,,0.0,0.0,0.0,,,,,,,,,,,
USC00043491,1959,7,24,,,0.0,0.0,0.0,,,,,,,,,,,
USC00043491,1959,7,25,,,0.0,0.0,0.0,,,,,,,,,,,
USC00043491,1959,7,26,,,0.0,0.0,0.0,,,,,,,,,,,
USC00043491,1959,7,27,,,0.0,0.0,0.0,,,,,,,,,,,
USC00043491,1959,7,28,,,0.0,0.0,0.0,,,,,,,,,,,
USC00043491,1959,7,29,,,0.0,0.0,0.0,,,,,,,,,,,
USC00043491,1959,7,3,,,0.0,0.0,0.0,,,,,,,,,,,
USC00043491,1959,7,30,,,0.0,0.0,0.0,,,,,,,,,,,
USC00043491,1959,7,31,,,0.0,0.0,0.0,,,,,,,,,,,
USC00043491,1959,7,4,,,0.0,0.0,0.0,,,,,,,,,,,
USC00043491,1959,7,5,,,0.0,0.0,0.0,,,,,,,,,,,
USC00043491,1959,7,6,,,0.0,0.0,0.0,,,,,,,,,,,
USC00043491,1959,7,7,,,0.0,0.0,0.0,,,,,,,,,,,
USC00043491,1959,7,8,,,0.0,0.0,0.0,,,,,,,,,,,
USC00043491,1959,7,9,,,0.0,0.0,0.0,,,,,,,,,,,
USC00043491,1959,8,1,,,0.0,0.0,0.0,,,,,,,,,,,
USC00043491,1959,8,10,,,0.0,0.0,0.0,,,,,,,,,,,
USC00043491,1959,8,11,,,0.0,0.0,0.0,,,,,,,,,,,
USC00043491,1959,8,12,,,0.0,0.0,0.0,,,,,,,,,,,
USC00043491,1959,8,13,,,0.0,0.0,0.0,,,,,,,,,,,
USC00043491,1959,8,14,,,0.0,0.0,0.0,,,,,,,,,,,
USC00043491,1959,8,15,,,0.0,0.0,0.0,,,,,,,,,,,
USC00043491,1959,8,16,,,0.0,0.0,0.0,,,,,,,,,,,
USC00043491,1959,8,17,,,0.0,0.0,0.0,,,,,,,,,,,
USC00043491,1959,8,18,,,0.0,0.0,0.0,,,,,,,,,,,
USC00043491,1959,8,19,,,0.0,0.0,0.0,,,,,,,,,,,
USC00043491,1959,8,2,,,0.0,0.0,0.0,,,,,,,,,,,
USC00043491,1959,8,20,,,25.0,0.0,0.0,,,,,,,,,,,
USC00043491,1959,8,21,,,0.0,0.0,0.0,,,,,,,,,,,
USC00043491,1959,8,22,,,0.0,0.0,0.0,,,,,,,,,,,
USC00043491,1959,8,23,,,0.0,0.0,0.0,,,,,,,,,,,
USC00043491,1959,8,24,,,0.0,0.0,0.0,,,,,,,,,,,
USC00043491,1959,8,25,,,0.0,0.0,0.0,,,,,,,,,,,
USC00043491,1959,8,26,,,0.0,0.0,0.0,,,,,,,,,,,
USC00043491,1959,8,27,,,0.0,0.0,0.0,,,,,,,,,,,
USC00043491,1959,8,28,,,0.0,0.0,0.0,,,,,,,,,,,
USC00043491,1959,8,29,,,0.0,0.0,0.0,,,,,,,,,,,
USC00043491,1959,8,3,,,0.0,0.0,0.0,,,,,,,,,,,
USC00043491,1959,8,30,,,0.0,0.0,0.0,,,,,,,,,,,
USC00043491,1959,8,31,,,0.0,0.0,0.0,,,,,,,,,,,
USC00043491,1959,8,4,,,0.0,0.0,0.0,,,,,,,,,,,
USC00043491,1959,8,5,,,0.0,0.0,0.0,,,,,,,,,,,
USC00043491,1959,8,6,,,0.0,0.0,0.0,,,,,,,,,,,
USC00043491,1959,8,7,,,0.0,0.0,0.0,,,,,,,,,,,
USC00043491,1959,8,8,,,0.0,0.0,0.0,,,,,,,,,,,
USC00043491,1959,8,9,,,0.0,0.0,0.0,,,,,,,,,,,
USC00043491,1959,9,1,,,0.0,0.0,0.0,,,,,,,,,,,
USC00043491,1959,9,10,,,0.0,0.0,0.0,,,,,,,,,,,
USC00043491,1959,9,11,,,0.0,0.0,0.0,,,,,,,,,,,
USC00043491,1959,9,12,,,0.0,0.0,0.0,,,,,,,,,,,
USC00043491,1959,9,13,,,0.0,0.0,0.0,,,,,,,,,,,
USC00043491,1959,9,14,,,30.0,0.0,0.0,,,,,,,,,,,
USC00043491,1959,9,15,,,0.0,0.0,0.0,,,,,,,,,,,
USC00043491,1959,9,16,,,0.0,0.0,0.0,,,,,,,,,,,
USC00043491,1959,9,17,,,0.0,0.0,0.0,,,,,,,,,,,
USC00043491,1959,9,18,,,630.0,0.0,0.0,,,,,,,,,,,
USC00043491,1959,9,19,,,284.0,0.0,0.0,,,,,,,,,,,
USC00043491,1959,9,2,,,0.0,0.0,0.0,,,,,,,,,,,
USC00043491,1959,9,20,,,0.0,0.0,0.0,,,,,,,,,,,
USC00043491,1959,9,21,,,0.0,0.0,0.0,,,,,,,,,,,
USC00043491,1959,9,22,,,0.0,0.0,0.0,,,,,,,,,,,
USC00043491,1959,9,23,,,0.0,0.0,0.0,,,,,,,,,,,
USC00043491,1959,9,24,,,0.0,0.0,0.0,,,,,,,,,,,
USC00043491,1959,9,25,,,0.0,0.0,0.0,,,,,,,,,,,
USC00043491,1959,9,26,,,0.0,0.0,0.0,,,,,,,,,,,
USC00043491,1959,9,27,,,0.0,0.0,0.0,,,,,,,,,,,
USC00043491,1959,9,28,,,0.0,0.0,0.0,,,,,,,,,,,
USC00043491,1959,9,29,,,0.0,0.0,0.0,,,,,,,,,,,
USC00043491,1959,9,3,,,0.0,0.0,0.0,,,,,,,,,,,
USC00043491,1959,9,30,,,0.0,0.0,0.0,,,,,,,,,,,
USC00043491,1959,9,31,,,-9999.0,-9999.0,-9999.0,,,,,,,,,,,
USC00043491,1959,9,4,,,0.0,0.0,0.0,,,,,,,,,,,
USC00043491,1959,9,5,,,0.0,0.0,0.0,,,,,,,,,,,
USC00043491,1959,9,6,,,0.0,0.0,0.0,,,,,,,,,,,
USC00043491,1959,9,7,,,0.0,0.0,0.0,,,,,,,,,,,
USC00043491,1959,9,8,,,0.0,0.0,0.0,,,,,,,,,,,
USC00043491,1959,9,9,,,0.0,0.0,0.0,,,,,,,,,,,
USC00043491,1959,10,1,,,0.0,0.0,0.0,,,,,,,,,,,
USC00043491,1959,10,10,,,0.0,0.0,0.0,,,,,,,,,,,
USC00043491,1959,10,11,,,0.0,0.0,0.0,,,,,,,,,,,
USC00043491,1959,10,12,,,0.0,0.0,0.0,,,,,,,,,,,
USC00043491,1959,10,13,,,0.0,0.0,0.0,,,,,,,,,,,
USC00043491,1959,10,14,,,0.0,0.0,0.0,,,,,,,,,,,
USC00043491,1959,10,15,,,0.0,0.0,0.0,,,,,,,,,,,
USC00043491,1959,10,16,,,0.0,0.0,0.0,,,,,,,,,,,
USC00043491,1959,10,17,,,0.0,0.0,0.0,,,,,,,,,,,
USC00043491,1959,10,18,,,0.0,0.0,0.0,,,,,,,,,,,
USC00043491,1959,10,19,,,0.0,0.0,0.0,,,,,,,,,,,
USC00043491,1959,10,2,,,0.0,0.0,0.0,,,,,,,,,,,
USC00043491,1959,10,20,,,0.0,0.0,0.0,,,,,,,,,,,
USC00043491,1959,10,21,,,0.0,0.0,0.0,,,,,,,,,,,
USC00043491,1959,10,22,,,0.0,0.0,0.0,,,,,,,,,,,
USC00043491,1959,10,23,,,0.0,0.0,0.0,,,,,,,,,,,
USC00043491,1959,10,24,,,0.0,0.0,0.0,,,,,,,,,,,
USC00043491,1959,10,25,,,0.0,0.0,0.0,,,,,,,,,,,
USC00043491,1959,10,26,,,0.0,0.0,0.0,,,,,,,,,,,
USC00043491,1959,10,27,,,0.0,0.0,0.0,,,,,,,,,,,
USC00043491,1959,10,28,,,0.0,0.0,0.0,,,,,,,,,,,
USC00043491,1959,10,29,,,0.0,0.0,0.0,,,,,,,,,,,
USC00043491,1959,10,3,,,0.0,0.0,0.0,,,,,,,,,,,
USC00043491,1959,10,30,,,0.0,0.0,0.0,,,,,,,,,,,
USC00043491,1959,10,31,,,0.0,0.0,0.0,,,,,,,,,,,
USC00043491,1959,10,4,,,0.0,0.0,0.0,,,,,,,,,,,
USC00043491,1959,10,5,,,0.0,0.0,0.0,,,,,,,,,,,
USC00043491,1959,10,6,,,0.0,0.0,0.0,,,,,,,,,,,
USC00043491,1959,10,7,,,0.0,0.0,0.0,,,,,,,,,,,
USC00043491,1959,10,8,,,0.0,0.0,0.0,,,,,,,,,,,
USC00043491,1959,10,9,,,0.0,0.0,0.0,,,,,,,,,,,
USC00043491,1959,11,1,,,0.0,0.0,0.0,,,,,,,,,,,
USC00043491,1959,11,10,,,0.0,0.0,0.0,,,,,,,,,,,
USC00043491,1959,11,11,,,0.0,0.0,0.0,,,,,,,,,,,
USC00043491,1959,11,12,,,0.0,0.0,0.0,,,,,,,,,,,
USC00043491,1959,11,13,,,0.0,0.0,0.0,,,,,,,,,,,
USC00043491,1959,11,14,,,0.0,0.0,0.0,,,,,,,,,,,
USC00043491,1959,11,15,,,0.0,0.0,0.0,,,,,,,,,,,
USC00043491,1959,11,16,,,0.0,0.0,0.0,,,,,,,,,,,
USC00043491,1959,11,17,,,0.0,0.0,0.0,,,,,,,,,,,
USC00043491,1959,11,18,,,0.0,0.0,0.0,,,,,,,,,,,
USC00043491,1959,11,19,,,0.0,0.0,0.0,,,,,,,,,,,
USC00043491,1959,11,2,,,0.0,0.0,0.0,,,,,,,,,,,
USC00043491,1959,11,20,,,0.0,0.0,0.0,,,,,,,,,,,
USC00043491,1959,11,21,,,0.0,0.0,0.0,,,,,,,,,,,
USC00043491,1959,11,22,,,0.0,0.0,0.0,,,,,,,,,,,
USC00043491,1959,11,23,,,0.0,0.0,0.0,,,,,,,,,,,
USC00043491,1959,11,24,,,0.0,0.0,0.0,,,,,,,,,,,
USC00043491,1959,11,25,,,0.0,0.0,0.0,,,,,,,,,,,
USC00043491,1959,11,26,,,0.0,0.0,0.0,,,,,,,,,,,
USC00043491,1959,11,27,,,0.0,0.0,0.0,,,,,,,,,,,
USC00043491,1959,11,28,,,0.0,0.0,0.0,,,,,,,,,,,
USC00043491,1959,11,29,,,0.0,0.0,0.0,,,,,,,,,,,
USC00043491,1959,11,3,,,0.0,0.0,0.0,,,,,,,,,,,
USC00043491,1959,11,30,,,0.0,0.0,0.0,,,,,,,,,,,
USC00043491,1959,11,31,,,-9999.0,-9999.0,-9999.0,,,,,,,,,,,
USC00043491,1959,11,4,,,0.0,0.0,0.0,,,,,,,,,,,
USC00043491,1959,11,5,,,0.0,0.0,0.0,,,,,,,,,,,
USC00043491,1959,11,6,,,0.0,0.0,0.0,,,,,,,,,,,
USC00043491,1959,11,7,,,0.0,0.0,0.0,,,,,,,,,,,
USC00043491,1959,11,8,,,0.0,0.0,0.0,,,,,,,,,,,
USC00043491,1959,11,9,,,0.0,0.0,0.0,,,,,,,,,,,
USC00043491,1959,12,1,,,0.0,0.0,0.0,,,,,,,,,,,
USC00043491,1959,12,10,,,0.0,0.0,0.0,,,,,,,,,,,
USC00043491,1959,12,11,,,0.0,0.0,0.0,,,,,,,,,,,
USC00043491,1959,12,12,,,79.0,0.0,0.0,,,,,,,,,,,
USC00043491,1959,12,13,,,33.0,0.0,0.0,,,,,,,,,,,
USC00043491,1959,12,14,,,0.0,0.0,0.0,,,,,,,,,,,
USC00043491,1959,12,15,,,0.0,0.0,0.0,,,,,,,,,,,
USC00043491,1959,12,16,,,0.0,0.0,0.0,,,,,,,,,,,
USC00043491,1959,12,17,,,0.0,0.0,0.0,,,,,,,,,,,
USC00043491,1959,12,18,,,0.0,0.0,0.0,,,,,,,,,,,
USC00043491,1959,12,19,,,0.0,0.0,0.0,,,,,,,,,,,
USC00043491,1959,12,2,,,0.0,0.0,0.0,,,,,,,,,,,
USC00043491,1959,12,20,,,0.0,0.0,0.0,,,,,,,,,,,
USC00043491,1959,12,21,,,0.0,0.0,0.0,,,,,,,,,,,
USC00043491,1959,12,22,,,0.0,0.0,0.0,,,,,,,,,,,
USC00043491,1959,12,23,,,53.0,0.0,0.0,,,,,,,,,,,
USC00043491,1959,12,24,,,460.0,0.0,0.0,,,,,,,,,,,
USC00043491,1959,12,25,,,191.0,0.0,0.0,,,,,,,,,,,
USC00043491,1959,12,26,,,0.0,0.0,0.0,,,,,,,,,,,
USC00043491,1959,12,27,,,0.0,0.0,0.0,,,,,,,,,,,
USC00043491,1959,12,28,,,0.0,0.0,0.0,,,,,,,,,,,
USC00043491,1959,12,29,,,0.0,0.0,0.0,,,,,,,,,,,
USC00043491,1959,12,3,,,0.0,0.0,0.0,,,,,,,,,,,
USC00043491,1959,12,30,,,0.0,0.0,0.0,,,,,,,,,,,
USC00043491,1959,12,31,,,10.0,0.0,0.0,,,,,,,,,,,
USC00043491,1959,12,4,,,0.0,0.0,0.0,,,,,,,,,,,
USC00043491,1959,12,5,,,0.0,0.0,0.0,,,,,,,,,,,
USC00043491,1959,12,6,,,0.0,0.0,0.0,,,,,,,,,,,
USC00043491,1959,12,7,,,0.0,0.0,0.0,,,,,,,,,,,
USC00043491,1959,12,8,,,0.0,0.0,0.0,,,,,,,,,,,
USC00043491,1959,12,9,,,0.0,0.0,0.0,,,,,,,,,,,
USC00043491,1960,1,1,,,0.0,0.0,0.0,,,,,,,,,,,
USC00043491,1960,1,10,,,114.0,0.0,0.0,,,,,,,,,,,
USC00043491,1960,1,11,,,384.0,0.0,0.0,,,,,,,,,,,
USC00043491,1960,1,12,,,165.0,0.0,0.0,,,,,,,,,,,
USC00043491,1960,1,13,,,0.0,0.0,0.0,,,,,,,,,,,
USC00043491,1960,1,14,,,94.0,0.0,0.0,,,,,,,,,,,
USC00043491,1960,1,15,,,8.0,0.0,0.0,,,,,,,,,,,
USC00043491,1960,1,16,,,0.0,0.0,0.0,,,,,,,,,,,
USC00043491,1960,1,17,,,0.0,0.0,0.0,,,,,,,,,,,
USC00043491,1960,1,18,,,0.0,0.0,0.0,,,,,,,,,,,
USC00043491,1960,1,19,,,0.0,0.0,0.0,,,,,,,,,,,
USC00043491,1960,1,2,,,0.0,0.0,0.0,,,,,,,,,,,
USC00043491,1960,1,20,,,0.0,0.0,0.0,,,,,,,,,,,
USC00043491,1960,1,21,,,76.0,0.0,0.0,,,,,,,,,,,
USC00043491,1960,1,22,,,114.0,0.0,0.0,,,,,,,,,,,
USC00043491,1960,1,23,,,0.0,0.0,0.0,,,,,,,,,,,
USC00043491,1960,1,24,,,127.0,0.0,0.0,,,,,,,,,,,
USC00043491,1960,1,25,,,404.0,0.0,0.0,,,,,,,,,,,
USC00043491,1960,1,26,,,546.0,0.0,0.0,,,,,,,,,,,
USC00043491,1960,1,27,,,122.0,0.0,0.0,,,,,,,,,,,
USC00043491,1960,1,28,,,3.0,0.0,0.0,,,,,,,,,,,
USC00043491,1960,1,29,,,0.0,0.0,0.0,,,,,,,,,,,
USC00043491,1960,1,3,,,0.0,0.0,0.0,,,,,,,,,,,
USC00043491,1960,1,30,,,38.0,0.0,0.0,,,,,,,,,,,
USC00043491,1960,1,31,,,0.0,0.0,0.0,,,,,,,,,,,
USC00043491,1960,1,4,,,0.0,0.0,0.0,,,,,,,,,,,
USC00043491,1960,1,5,,,0.0,0.0,0.0,,,,,,,,,,,
USC00043491,1960,1,6,,,0.0,0.0,0.0,,,,,,,,,,,
USC00043491,1960,1,7,,,64.0,0.0,0.0,,,,,,,,,,,
USC00043491,1960,1,8,,,538.0,0.0,0.0,,,,,,,,,,,
USC00043491,1960,1,9,,,170.0,0.0,0.0,,,,,,,,,,,
USC00043491,1960,2,1,,,432.0,0.0,0.0,,,,,,,,,,,
USC00043491,1960,2,10,,,213.0,0.0,0.0,,,,,,,,,,,
USC00043491,1960,2,11,,,0.0,0.0,0.0,,,,,,,,,,,
USC00043491,1960,2,12,,,0.0,0.0,0.0,,,,,,,,,,,
USC00043491,1960,2,13,,,13.0,0.0,0.0,,,,,,,,,,,
USC00043491,1960,2,14,,,0.0,0.0,0.0,,,,,,,,,,,
USC00043491,1960,2,15,,,0.0,0.0,0.0,,,,,,,,,,,
USC00043491,1960,2,16,,,0.0,0.0,0.0,,,,,,,,,,,
USC00043491,1960,2,17,,,0.0,0.0,0.0,,,,,,,,,,,
USC00043491,1960,2,18,,,124.0,0.0,0.0,,,,,,,,,,,
USC00043491,1960,2,19,,,13.0,0.0,0.0,,,,,,,,,,,
USC00043491,1960,2,2,,,46.0,0.0,0.0,,,,,,,,,,,
USC00043491,1960,2,20,,,0.0,0.0,0.0,,,,,,,,,,,
USC00043491,1960,2,21,,,0.0,0.0,0.0,,,,,,,,,,,
USC00043491,1960,2,22,,,0.0,0.0,0.0,,,,,,,,,,,
USC00043491,1960,2,23,,,0.0,0.0,0.0,,,,,,,,,,,
USC00043491,1960,2,24,,,0.0,0.0,0.0,,,,,,,,,,,
USC00043491,1960,2,25,,,0.0,0.0,0.0,,,,,,,,,,,
USC00043491,1960,2,26,,,0.0,0.0,0.0,,,,,,,,,,,
USC00043491,1960,2,27,,,0.0,0.0,0.0,,,,,,,,,,,
USC00043491,1960,2,28,,,0.0,0.0,0.0,,,,,,,,,,,
USC00043491,1960,2,29,,,0.0,0.0,0.0,,,,,,,,,,,
USC00043491,1960,2,3,,,102.0,0.0,0.0,,,,,,,,,,,
USC00043491,1960,2,30,,,-9999.0,-9999.0,-9999.0,,,,,,,,,,,
USC00043491,1960,2,31,,,-9999.0,-9999.0,-9999.0,,,,,,,,,,,
USC00043491,1960,2,4,,,23.0,0.0,0.0,,,,,,,,,,,
USC00043491,1960,2,5,,,117.0,0.0,0.0,,,,,,,,,,,
USC00043491,1960,2,6,,,30.0,0.0,0.0,,,,,,,,,,,
USC00043491,1960,2,7,,,445.0,0.0,0.0,,,,,,,,,,,
USC00043491,1960,2,8,,,1674.0,0.0,0.0,,,,,,,,,,,
USC00043491,1960,2,9,,,284.0,0.0,0.0,,,,,,,,,,,
USC00043491,1960,3,1,,,0.0,0.0,0.0,,,,,,,,,,,
USC00043491,1960,3,10,,,0.0,0.0,0.0,,,,,,,,,,,
USC00043491,1960,3,11,,,10.0,0.0,0.0,,,,,,,,,,,
USC00043491,1960,3,12,,,246.0,0.0,0.0,,,,,,,,,,,
USC00043491,1960,3,13,,,203.0,0.0,0.0,,,,,,,,,,,
USC00043491,1960,3,14,,,0.0,0.0,0.0,,,,,,,,,,,
USC00043491,1960,3,15,,,0.0,0.0,0.0,,,,,,,,,,,
USC00043491,1960,3,16,,,0.0,0.0,0.0,,,,,,,,,,,
USC00043491,1960,3,17,,,0.0,0.0,0.0,,,,,,,,,,,
USC00043491,1960,3,18,,,0.0,0.0,0.0,,,,,,,,,,,
USC00043491,1960,3,19,,,0.0,0.0,0.0,,,,,,,,,,,
USC00043491,1960,3,2,,,0.0,0.0,0.0,,,,,,,,,,,
USC00043491,1960,3,20,,,0.0,0.0,0.0,,,,,,,,,,,
USC00043491,1960,3,21,,,0.0,0.0,0.0,,,,,,,,,,,
USC00043491,1960,3,22,,,0.0,0.0,0.0,,,,,,,,,,,
USC00043491,1960,3,23,,,0.0,0.0,0.0,,,,,,,,,,,
USC00043491,1960,3,24,,,0.0,0.0,0.0,,,,,,,,,,,
USC00043491,1960,3,25,,,0.0,0.0,0.0,,,,,,,,,,,
USC00043491,1960,3,26,,,3.0,0.0,0.0,,,,,,,,,,,
USC00043491,1960,3,27,,,272.0,0.0,0.0,,,,,,,,,,,
USC00043491,1960,3,28,,,132.0,0.0,0.0,,,,,,,,,,,
USC00043491,1960,3,29,,,0.0,0.0,0.0,,,,,,,,,,,
USC00043491,1960,3,3,,,5.0,0.0,0.0,,,,,,,,,,,
USC00043491,1960,3,30,,,315.0,0.0,0.0,,,,,,,,,,,
USC00043491,1960,3,31,,,0.0,0.0,0.0,,,,,,,,,,,
USC00043491,1960,3,4,,,203.0,0.0,0.0,,,,,,,,,,,
USC00043491,1960,3,5,,,483.0,0.0,0.0,,,,,,,,,,,
USC00043491,1960,3,6,,,102.0,0.0,0.0,,,,,,,,,,,
USC00043491,1960,3,7,,,381.0,0.0,0.0,,,,,,,,,,,
USC00043491,1960,3,8,,,5.0,0.0,0.0,,,,,,,,,,,
USC00043491,1960,3,9,,,0.0,0.0,0.0,,,,,,,,,,,
USC00043491,1960,4,1,,,0.0,0.0,0.0,,,,,,,,,,,
USC00043491,1960,4,10,,,0.0,0.0,0.0,,,,,,,,,,,
USC00043491,1960,4,11,,,58.0,0.0,0.0,,,,,,,,,,,
USC00043491,1960,4,12,,,0.0,0.0,0.0,,,,,,,,,,,
USC00043491,1960,4,13,,,0.0,0.0,0.0,,,,,,,,,,,
USC00043491,1960,4,14,,,23.0,0.0,0.0,,,,,,,,,,,
USC00043491,1960,4,15,,,0.0,0.0,0.0,,,,,,,,,,,
USC00043491,1960,4,16,,,0.0,0.0,0.0,,,,,,,,,,,
USC00043491,1960,4,17,,,0.0,0.0,0.0,,,,,,,,,,,
USC00043491,1960,4,18,,,0.0,0.0,0.0,,,,,,,,,,,
USC00043491,1960,4,19,,,18.0,0.0,0.0,,,,,,,,,,,
USC00043491,1960,4,2,,,0.0,0.0,0.0,,,,,,,,,,,
USC00043491,1960,4,20,,,0.0,0.0,0.0,,,,,,,,,,,
USC00043491,1960,4,21,,,0.0,0.0,0.0,,,,,,,,,,,
USC00043491,1960,4,22,,,20.0,0.0,0.0,,,,,,,,,,,
USC00043491,1960,4,23,,,130.0,0.0,0.0,,,,,,,,,,,
USC00043491,1960,4,24,,,203.0,0.0,0.0,,,,,,,,,,,
USC00043491,1960,4,25,,,0.0,0.0,0.0,,,,,,,,,,,
USC00043491,1960,4,26,,,3.0,0.0,0.0,,,,,,,,,,,
USC00043491,1960,4,27,,,368.0,0.0,0.0,,,,,,,,,,,
USC00043491,1960,4,28,,,0.0,0.0,0.0,,,,,,,,,,,
USC00043491,1960,4,29,,,0.0,0.0,0.0,,,,,,,,,,,
USC00043491,1960,4,3,,,0.0,0.0,0.0,,,,,,,,,,,
USC00043491,1960,4,30,,,38.0,0.0,0.0,,,,,,,,,,,
USC00043491,1960,4,31,,,-9999.0,-9999.0,-9999.0,,,,,,,,,,,
USC00043491,1960,4,4,,,0.0,0.0,0.0,,,,,,,,,,,
USC00043491,1960,4,5,,,0.0,0.0,0.0,,,,,,,,,,,
USC00043491,1960,4,6,,,0.0,0.0,0.0,,,,,,,,,,,
USC00043491,1960,4,7,,,102.0,0.0,0.0,,,,,,,,,,,
USC00043491,1960,4,8,,,0.0,0.0,0.0,,,,,,,,,,,
USC00043491,1960,4,9,,,0.0,0.0,0.0,,,,,,,,,,,
USC00043491,1960,5,1,,,0.0,0.0,0.0,,,,,,,,,,,
USC00043491,1960,5,10,,,0.0,0.0,0.0,,,,,,,,,,,
USC00043491,1960,5,11,,,0.0,0.0,0.0,,,,,,,,,,,
USC00043491,1960,5,12,,,36.0,0.0,0.0,,,,,,,,,,,
USC00043491,1960,5,13,,,0.0,0.0,0.0,,,,,,,,,,,
USC00043491,1960,5,14,,,0.0,0.0,0.0,,,,,,,,,,,
USC00043491,1960,5,15,,,0.0,0.0,0.0,,,,,,,,,,,
USC00043491,1960,5,16,,,0.0,0.0,0.0,,,,,,,,,,,
USC00043491,1960,5,17,,,0.0,0.0,0.0,,,,,,,,,,,
USC00043491,1960,5,18,,,0.0,0.0,0.0,,,,,,,,,,,
USC00043491,1960,5,19,,,0.0,0.0,0.0,,,,,,,,,,,
USC00043491,1960,5,2,,,66.0,0.0,0.0,,,,,,,,,,,
USC00043491,1960,5,20,,,0.0,0.0,0.0,,,,,,,,,,,
USC00043491,1960,5,21,,,5.0,0.0,0.0,,,,,,,,,,,
USC00043491,1960,5,22,,,0.0,0.0,0.0,,,,,,,,,,,
USC00043491,1960,5,23,,,127.0,0.0,0.0,,,,,,,,,,,
USC00043491,1960,5,24,,,277.0,0.0,0.0,,,,,,,,,,,
USC00043491,1960,5,25,,,15.0,0.0,0.0,,,,,,,,,,,
USC00043491,1960,5,26,,,0.0,0.0,0.0,,,,,,,,,,,
USC00043491,1960,5,27,,,0.0,0.0,0.0,,,,,,,,,,,
USC00043491,1960,5,28,,,0.0,0.0,0.0,,,,,,,,,,,
USC00043491,1960,5,29,,,0.0,0.0,0.0,,,,,,,,,,,
USC00043491,1960,5,3,,,0.0,0.0,0.0,,,,,,,,,,,
USC00043491,1960,5,30,,,0.0,0.0,0.0,,,,,,,,,,,
USC00043491,1960,5,31,,,0.0,0.0,0.0,,,,,,,,,,,
USC00043491,1960,5,4,,,69.0,0.0,0.0,,,,,,,,,,,
USC00043491,1960,5,5,,,0.0,0.0,0.0,,,,,,,,,,,
USC00043491,1960,5,6,,,0.0,0.0,0.0,,,,,,,,,,,
USC00043491,1960,5,7,,,0.0,0.0,0.0,,,,,,,,,,,
USC00043491,1960,5,8,,,0.0,0.0,0.0,,,,,,,,,,,
USC00043491,1960,5,9,,,0.0,0.0,0.0,,,,,,,,,,,
USC00043491,1960,6,1,,,0.0,0.0,0.0,,,,,,,,,,,
USC00043491,1960,6,10,,,0.0,0.0,0.0,,,,,,,,,,,
USC00043491,1960,6,11,,,0.0,0.0,0.0,,,,,,,,,,,
USC00043491,1960,6,12,,,0.0,0.0,0.0,,,,,,,,,,,
USC00043491,1960,6,13,,,0.0,0.0,0.0,,,,,,,,,,,
USC00043491,1960,6,14,,,0.0,0.0,0.0,,,,,,,,,,,
USC00043491,1960,6,15,,,0.0,0.0,0.0,,,,,,,,,,,
USC00043491,1960,6,16,,,0.0,0.0,0.0,,,,,,,,,,,
USC00043491,1960,6,17,,,0.0,0.0,0.0,,,,,,,,,,,
USC00043491,1960,6,18,,,0.0,0.0,0.0,,,,,,,,,,,
USC00043491,1960,6,19,,,0.0,0.0,0.0,,,,,,,,,,,
USC00043491,1960,6,2,,,0.0,0.0,0.0,,,,,,,,,,,
USC00043491,1960,6,20,,,0.0,0.0,0.0,,,,,,,,,,,
USC00043491,1960,6,21,,,0.0,0.0,0.0,,,,,,,,,,,
USC00043491,1960,6,22,,,0.0,0.0,0.0,,,,,,,,,,,
USC00043491,1960,6,23,,,0.0,0.0,0.0,,,,,,,,,,,
USC00043491,1960,6,24,,,0.0,0.0,0.0,,,,,,,,,,,
USC00043491,1960,6,25,,,0.0,0.0,0.0,,,,,,,,,,,
USC00043491,1960,6,26,,,0.0,0.0,0.0,,,,,,,,,,,
USC00043491,1960,6,27,,,0.0,0.0,0.0,,,,,,,,,,,
USC00043491,1960,6,28,,,0.0,0.0,0.0,,,,,,,,,,,
USC00043491,1960,6,29,,,0.0,0.0,0.0,,,,,,,,,,,
USC00043491,1960,6,3,,,0.0,0.0,0.0,,,,,,,,,,,
USC00043491,1960,6,30,,,0.0,0.0,0.0,,,,,,,,,,,
USC00043491,1960,6,31,,,-9999.0,-9999.0,-9999.0,,,,,,,,,,,
USC00043491,1960,6,4,,,0.0,0.0,0.0,,,,,,,,,,,
USC00043491,1960,6,5,,,0.0,0.0,0.0,,,,,,,,,,,
USC00043491,1960,6,6,,,0.0,0.0,0.0,,,,,,,,,,,
USC00043491,1960,6,7,,,0.0,0.0,0.0,,,,,,,,,,,
USC00043491,1960,6,8,,,0.0,0.0,0.0,,,,,,,,,,,
USC00043491,1960,6,9,,,0.0,0.0,0.0,,,,,,,,,,,
USC00043491,1960,7,1,,,0.0,0.0,0.0,,,,,,,,,,,
USC00043491,1960,7,10,,,0.0,0.0,0.0,,,,,,,,,,,
USC00043491,1960,7,11,,,0.0,0.0,0.0,,,,,,,,,,,
USC00043491,1960,7,12,,,0.0,0.0,0.0,,,,,,,,,,,
USC00043491,1960,7,13,,,0.0,0.0,0.0,,,,,,,,,,,
USC00043491,1960,7,14,,,0.0,0.0,0.0,,,,,,,,,,,
USC00043491,1960,7,15,,,0.0,0.0,0.0,,,,,,,,,,,
USC00043491,1960,7,16,,,0.0,0.0,0.0,,,,,,,,,,,
USC00043491,1960,7,17,,,0.0,0.0,0.0,,,,,,,,,,,
USC00043491,1960,7,18,,,0.0,0.0,0.0,,,,,,,,,,,
USC00043491,1960,7,19,,,0.0,0.0,0.0,,,,,,,,,,,
USC00043491,1960,7,2,,,0.0,0.0,0.0,,,,,,,,,,,
USC00043491,1960,7,20,,,0.0,0.0,0.0,,,,,,,,,,,
USC00043491,1960,7,21,,,0.0,0.0,0.0,,,,,,,,,,,
USC00043491,1960,7,22,,,0.0,0.0,0.0,,,,,,,,,,,
USC00043491,1960,7,23,,,0.0,0.0,0.0,,,,,,,,,,,
USC00043491,1960,7,24,,,0.0,0.0,0.0,,,,,,,,,,,
USC00043491,1960,7,25,,,0.0,0.0,0.0,,,,,,,,,,,
USC00043491,1960,7,26,,,0.0,0.0,0.0,,,,,,,,,,,
USC00043491,1960,7,27,,,0.0,0.0,0.0,,,,,,,,,,,
USC00043491,1960,7,28,,,0.0,0.0,0.0,,,,,,,,,,,
USC00043491,1960,7,29,,,0.0,0.0,0.0,,,,,,,,,,,
USC00043491,1960,7,3,,,0.0,0.0,0.0,,,,,,,,,,,
USC00043491,1960,7,30,,,0.0,0.0,0.0,,,,,,,,,,,
USC00043491,1960,7,31,,,0.0,0.0,0.0,,,,,,,,,,,
USC00043491,1960,7,4,,,0.0,0.0,0.0,,,,,,,,,,,
USC00043491,1960,7,5,,,18.0,0.0,0.0,,,,,,,,,,,
USC00043491,1960,7,6,,,0.0,0.0,0.0,,,,,,,,,,,
USC00043491,1960,7,7,,,0.0,0.0,0.0,,,,,,,,,,,
USC00043491,1960,7,8,,,0.0,0.0,0.0,,,,,,,,,,,
USC00043491,1960,7,9,,,0.0,0.0,0.0,,,,,,,,,,,
USC00043491,1960,8,1,,,0.0,0.0,0.0,,,,,,,,,,,
USC00043491,1960,8,10,,,0.0,0.0,0.0,,,,,,,,,,,
USC00043491,1960,8,11,,,0.0,0.0,0.0,,,,,,,,,,,
USC00043491,1960,8,12,,,0.0,0.0,0.0,,,,,,,,,,,
USC00043491,1960,8,13,,,0.0,0.0,0.0,,,,,,,,,,,
USC00043491,1960,8,14,,,0.0,0.0,0.0,,,,,,,,,,,
USC00043491,1960,8,15,,,0.0,0.0,0.0,,,,,,,,,,,
USC00043491,1960,8,16,,,0.0,0.0,0.0,,,,,,,,,,,
USC00043491,1960,8,17,,,0.0,0.0,0.0,,,,,,,,,,,
USC00043491,1960,8,18,,,0.0,0.0,0.0,,,,,,,,,,,
USC00043491,1960,8,19,,,0.0,0.0,0.0,,,,,,,,,,,
USC00043491,1960,8,2,,,0.0,0.0,0.0,,,,,,,,,,,
USC00043491,1960,8,20,,,0.0,0.0,0.0,,,,,,,,,,,
USC00043491,1960,8,21,,,0.0,0.0,0.0,,,,,,,,,,,
USC00043491,1960,8,22,,,0.0,0.0,0.0,,,,,,,,,,,
USC00043491,1960,8,23,,,0.0,0.0,0.0,,,,,,,,,,,
USC00043491,1960,8,24,,,0.0,0.0,0.0,,,,,,,,,,,
USC00043491,1960,8,25,,,0.0,0.0,0.0,,,,,,,,,,,
USC00043491,1960,8,26,,,0.0,0.0,0.0,,,,,,,,,,,
USC00043491,1960,8,27,,,0.0,0.0,0.0,,,,,,,,,,,
USC00043491,1960,8,28,,,0.0,0.0,0.0,,,,,,,,,,,
USC00043491,1960,8,29,,,0.0,0.0,0.0,,,,,,,,,,,
USC00043491,1960,8,3,,,0.0,0.0,0.0,,,,,,,,,,,
USC00043491,1960,8,30,,,0.0,0.0,0.0,,,,,,,,,,,
USC00043491,1960,8,31,,,0.0,0.0,0.0,,,,,,,,,,,
USC00043491,1960,8,4,,,0.0,0.0,0.0,,,,,,,,,,,
USC00043491,1960,8,5,,,0.0,0.0,0.0,,,,,,,,,,,
USC00043491,1960,8,6,,,0.0,0.0,0.0,,,,,,,,,,,
USC00043491,1960,8,7,,,0.0,0.0,0.0,,,,,,,,,,,
USC00043491,1960,8,8,,,0.0,0.0,0.0,,,,,,,,,,,
USC00043491,1960,8,9,,,0.0,0.0,0.0,,,,,,,,,,,
USC00043491,1960,9,1,,,0.0,0.0,0.0,,,,,,,,,,,
USC00043491,1960,9,10,,,0.0,0.0,0.0,,,,,,,,,,,
USC00043491,1960,9,11,,,0.0,0.0,0.0,,,,,,,,,,,
USC00043491,1960,9,12,,,0.0,0.0,0.0,,,,,,,,,,,
USC00043491,1960,9,13,,,0.0,0.0,0.0,,,,,,,,,,,
USC00043491,1960,9,14,,,0.0,0.0,0.0,,,,,,,,,,,
USC00043491,1960,9,15,,,0.0,0.0,0.0,,,,,,,,,,,
USC00043491,1960,9,16,,,0.0,0.0,0.0,,,,,,,,,,,
USC00043491,1960,9,17,,,0.0,0.0,0.0,,,,,,,,,,,
USC00043491,1960,9,18,,,0.0,0.0,0.0,,,,,,,,,,,
USC00043491,1960,9,19,,,0.0,0.0,0.0,,,,,,,,,,,
USC00043491,1960,9,2,,,0.0,0.0,0.0,,,,,,,,,,,
USC00043491,1960,9,20,,,0.0,0.0,0.0,,,,,,,,,,,
USC00043491,1960,9,21,,,0.0,0.0,0.0,,,,,,,,,,,
USC00043491,1960,9,22,,,0.0,0.0,0.0,,,,,,,,,,,
USC00043491,1960,9,23,,,0.0,0.0,0.0,,,,,,,,,,,
USC00043491,1960,9,24,,,0.0,0.0,0.0,,,,,,,,,,,
USC00043491,1960,9,25,,,0.0,0.0,0.0,,,,,,,,,,,
USC00043491,1960,9,26,,,0.0,0.0,0.0,,,,,,,,,,,
USC00043491,1960,9,27,,,0.0,0.0,0.0,,,,,,,,,,,
USC00043491,1960,9,28,,,0.0,0.0,0.0,,,,,,,,,,,
USC00043491,1960,9,29,,,0.0,0.0,0.0,,,,,,,,,,,
USC00043491,1960,9,3,,,10.0,0.0,0.0,,,,,,,,,,,
USC00043491,1960,9,30,,,0.0,0.0,0.0,,,,,,,,,,,
USC00043491,1960,9,31,,,-9999.0,-9999.0,-9999.0,,,,,,,,,,,
USC00043491,1960,9,4,,,0.0,0.0,0.0,,,,,,,,,,,
USC00043491,1960,9,5,,,0.0,0.0,0.0,,,,,,,,,,,
USC00043491,1960,9,6,,,0.0,0.0,0.0,,,,,,,,,,,
USC00043491,1960,9,7,,,0.0,0.0,0.0,,,,,,,,,,,
USC00043491,1960,9,8,,,0.0,0.0,0.0,,,,,,,,,,,
USC00043491,1960,9,9,,,0.0,0.0,0.0,,,,,,,,,,,
USC00043491,1960,10,1,,,0.0,0.0,0.0,,,,,,,,,,,
USC00043491,1960,10,10,,,8.0,0.0,0.0,,,,,,,,,,,
USC00043491,1960,10,11,,,0.0,0.0,0.0,,,,,,,,,,,
USC00043491,1960,10,12,,,0.0,0.0,0.0,,,,,,,,,,,
USC00043491,1960,10,13,,,0.0,0.0,0.0,,,,,,,,,,,
USC00043491,1960,10,14,,,0.0,0.0,0.0,,,,,,,,,,,
USC00043491,1960,10,15,,,0.0,0.0,0.0,,,,,,,,,,,
USC00043491,1960,10,16,,,0.0,0.0,0.0,,,,,,,,,,,
USC00043491,1960,10,17,,,0.0,0.0,0.0,,,,,,,,,,,
USC00043491,1960,10,18,,,0.0,0.0,0.0,,,,,,,,,,,
USC00043491,1960,10,19,,,0.0,0.0,0.0,,,,,,,,,,,
USC00043491,1960,10,2,,,0.0,0.0,0.0,,,,,,,,,,,
USC00043491,1960,10,20,,,0.0,0.0,0.0,,,,,,,,,,,
USC00043491,1960,10,21,,,0.0,0.0,0.0,,,,,,,,,,,
USC00043491,1960,10,22,,,0.0,0.0,0.0,,,,,,,,,,,
USC00043491,1960,10,23,,,0.0,0.0,0.0,,,,,,,,,,,
USC00043491,1960,10,24,,,0.0,0.0,0.0,,,,,,,,,,,
USC00043491,1960,10,25,,,0.0,0.0,0.0,,,,,,,,,,,
USC00043491,1960,10,26,,,46.0,0.0,0.0,,,,,,,,,,,
USC00043491,1960,10,27,,,0.0,0.0,0.0,,,,,,,,,,,
USC00043491,1960,10,28,,,0.0,0.0,0.0,,,,,,,,,,,
USC00043491,1960,10,29,,,0.0,0.0,0.0,,,,,,,,,,,
USC00043491,1960,10,3,,,0.0,0.0,0.0,,,,,,,,,,,
USC00043491,1960,10,30,,,0.0,0.0,0.0,,,,,,,,,,,
USC00043491,1960,10,31,,,0.0,0.0,0.0,,,,,,,,,,,
USC00043491,1960,10,4,,,0.0,0.0,0.0,,,,,,,,,,,
USC00043491,1960,10,5,,,0.0,0.0,0.0,,,,,,,,,,,
USC00043491,1960,10,6,,,33.0,0.0,0.0,,,,,,,,,,,
USC00043491,1960,10,7,,,0.0,0.0,0.0,,,,,,,,,,,
USC00043491,1960,10,8,,,0.0,0.0,0.0,,,,,,,,,,,
USC00043491,1960,10,9,,,0.0,0.0,0.0,,,,,,,,,,,
USC00043491,1960,11,1,-9999.0,-9999.0,0.0,0.0,0.0,,,,,,,,,,,
USC00043491,1960,11,10,-9999.0,-9999.0,0.0,0.0,0.0,,,,,,,,,,,
USC00043491,1960,11,11,-9999.0,-9999.0,257.0,0.0,0.0,,,,,,,,,,,
USC00043491,1960,11,12,-9999.0,-9999.0,305.0,0.0,0.0,,,,,,,,,,,
USC00043491,1960,11,13,-9999.0,-9999.0,348.0,0.0,0.0,,,,,,,,,,,
USC00043491,1960,11,14,-9999.0,-9999.0,323.0,0.0,0.0,,,,,,,,,,,
USC00043491,1960,11,15,-9999.0,-9999.0,8.0,0.0,0.0,,,,,,,,,,,
USC00043491,1960,11,16,-9999.0,-9999.0,0.0,0.0,0.0,,,,,,,,,,,
USC00043491,1960,11,17,-9999.0,-9999.0,0.0,0.0,0.0,,,,,,,,,,,
USC00043491,1960,11,18,-9999.0,-9999.0,378.0,0.0,0.0,,,,,,,,,,,
USC00043491,1960,11,19,-9999.0,-9999.0,0.0,0.0,0.0,,,,,,,,,,,
USC00043491,1960,11,2,-9999.0,-9999.0,0.0,0.0,0.0,,,,,,,,,,,
USC00043491,1960,11,20,-9999.0,-9999.0,0.0,0.0,0.0,,,,,,,,,,,
USC00043491,1960,11,21,-9999.0,-9999.0,36.0,0.0,0.0,,,,,,,,,,,
USC00043491,1960,11,22,-9999.0,-9999.0,0.0,0.0,0.0,,,,,,,,,,,
USC00043491,1960,11,23,-9999.0,-9999.0,0.0,0.0,0.0,,,,,,,,,,,
USC00043491,1960,11,24,-9999.0,-9999.0,0.0,0.0,0.0,,,,,,,,,,,
USC00043491,1960,11,25,-9999.0,-9999.0,0.0,0.0,0.0,,,,,,,,,,,
USC00043491,1960,11,26,-9999.0,-9999.0,668.0,0.0,0.0,,,,,,,,,,,
USC00043491,1960,11,27,-9999.0,-9999.0,13.0,0.0,0.0,,,,,,,,,,,
USC00043491,1960,11,28,-9999.0,-9999.0,0.0,0.0,0.0,,,,,,,,,,,
USC00043491,1960,11,29,-9999.0,-9999.0,0.0,0.0,0.0,,,,,,,,,,,
USC00043491,1960,11,3,-9999.0,-9999.0,132.0,0.0,0.0,,,,,,,,,,,
USC00043491,1960,11,30,-9999.0,-9999.0,13.0,0.0,0.0,,,,,,,,,,,
USC00043491,1960,11,31,-9999.0,-9999.0,-9999.0,-9999.0,-9999.0,,,,,,,,,,,
USC00043491,1960,11,4,-9999.0,-9999.0,3.0,0.0,0.0,,,,,,,,,,,
USC00043491,1960,11,5,-9999.0,-9999.0,-9999.0,0.0,0.0,,,,,,,,,,,
USC00043491,1960,11,6,2.0,160.0,-9999.0,0.0,0.0,,,,,,,,,,,
USC00043491,1960,11,7,-9999.0,-9999.0,76.0,0.0,0.0,,,,,,,,,,,
USC00043491,1960,11,8,-9999.0,-9999.0,0.0,0.0,0.0,,,,,,,,,,,
USC00043491,1960,11,9,-9999.0,-9999.0,0.0,0.0,0.0,,,,,,,,,,,
USC00043491,1960,12,1,,,389.0,0.0,0.0,,,,,,,,,,,
USC00043491,1960,12,10,,,53.0,0.0,0.0,,,,,,,,,,,
USC00043491,1960,12,11,,,0.0,0.0,0.0,,,,,,,,,,,
USC00043491,1960,12,12,,,0.0,0.0,0.0,,,,,,,,,,,
USC00043491,1960,12,13,,,0.0,0.0,0.0,,,,,,,,,,,
USC00043491,1960,12,14,,,0.0,0.0,0.0,,,,,,,,,,,
USC00043491,1960,12,15,,,51.0,0.0,0.0,,,,,,,,,,,
USC00043491,1960,12,16,,,43.0,0.0,0.0,,,,,,,,,,,
USC00043491,1960,12,17,,,206.0,0.0,0.0,,,,,,,,,,,
USC00043491,1960,12,18,,,18.0,0.0,0.0,,,,,,,,,,,
USC00043491,1960,12,19,,,0.0,0.0,0.0,,,,,,,,,,,
USC00043491,1960,12,2,,,307.0,0.0,0.0,,,,,,,,,,,
USC00043491,1960,12,20,,,0.0,0.0,0.0,,,,,,,,,,,
USC00043491,1960,12,21,,,0.0,0.0,0.0,,,,,,,,,,,
USC00043491,1960,12,22,,,0.0,0.0,0.0,,,,,,,,,,,
USC00043491,1960,12,23,,,0.0,0.0,0.0,,,,,,,,,,,
USC00043491,1960,12,24,,,0.0,0.0,0.0,,,,,,,,,,,
USC00043491,1960,12,25,,,0.0,0.0,0.0,,,,,,,,,,,
USC00043491,1960,12,26,,,0.0,0.0,0.0,,,,,,,,,,,
USC00043491,1960,12,27,,,0.0,0.0,0.0,,,,,,,,,,,
USC00043491,1960,12,28,,,0.0,0.0,0.0,,,,,,,,,,,
USC00043491,1960,12,29,,,0.0,0.0,0.0,,,,,,,,,,,
USC00043491,1960,12,3,,,0.0,0.0,0.0,,,,,,,,,,,
USC00043491,1960,12,30,,,0.0,0.0,0.0,,,,,,,,,,,
USC00043491,1960,12,31,,,0.0,0.0,0.0,,,,,,,,,,,
USC00043491,1960,12,4,,,0.0,0.0,0.0,,,,,,,,,,,
USC00043491,1960,12,5,,,0.0,0.0,0.0,,,,,,,,,,,
USC00043491,1960,12,6,,,0.0,0.0,0.0,,,,,,,,,,,
USC00043491,1960,12,7,,,0.0,0.0,0.0,,,,,,,,,,,
USC00043491,1960,12,8,,,0.0,0.0,0.0,,,,,,,,,,,
USC00043491,1960,12,9,,,0.0,0.0,0.0,,,,,,,,,,,
USC00043491,1961,1,1,,,0.0,0.0,0.0,,,,,,,,,,,
USC00043491,1961,1,10,,,0.0,0.0,0.0,,,,,,,,,,,
USC00043491,1961,1,11,,,0.0,0.0,0.0,,,,,,,,,,,
USC00043491,1961,1,12,,,0.0,0.0,0.0,,,,,,,,,,,
USC00043491,1961,1,13,,,0.0,0.0,0.0,,,,,,,,,,,
USC00043491,1961,1,14,,,0.0,0.0,0.0,,,,,,,,,,,
USC00043491,1961,1,15,,,0.0,0.0,0.0,,,,,,,,,,,
USC00043491,1961,1,16,,,0.0,0.0,0.0,,,,,,,,,,,
USC00043491,1961,1,17,,,0.0,0.0,0.0,,,,,,,,,,,
USC00043491,1961,1,18,,,0.0,0.0,0.0,,,,,,,,,,,
USC00043491,1961,1,19,,,0.0,0.0,0.0,,,,,,,,,,,
USC00043491,1961,1,2,,,0.0,0.0,0.0,,,,,,,,,,,
USC00043491,1961,1,20,,,0.0,0.0,0.0,,,,,,,,,,,
USC00043491,1961,1,21,,,0.0,0.0,0.0,,,,,,,,,,,
USC00043491,1961,1,22,,,0.0,0.0,0.0,,,,,,,,,,,
USC00043491,1961,1,23,,,0.0,0.0,0.0,,,,,,,,,,,
USC00043491,1961,1,24,,,0.0,0.0,0.0,,,,,,,,,,,
USC00043491,1961,1,25,,,0.0,0.0,0.0,,,,,,,,,,,
USC00043491,1961,1,26,,,165.0,0.0,0.0,,,,,,,,,,,
USC00043491,1961,1,27,,,23.0,0.0,0.0,,,,,,,,,,,
USC00043491,1961,1,28,,,0.0,0.0,0.0,,,,,,,,,,,
USC00043491,1961,1,29,,,114.0,0.0,0.0,,,,,,,,,,,
USC00043491,1961,1,3,,,0.0,0.0,0.0,,,,,,,,,,,
USC00043491,1961,1,30,,,99.0,0.0,0.0,,,,,,,,,,,
USC00043491,1961,1,31,,,427.0,0.0,0.0,,,,,,,,,,,
USC00043491,1961,1,4,,,0.0,0.0,0.0,,,,,,,,,,,
USC00043491,1961,1,5,,,0.0,0.0,0.0,,,,,,,,,,,
USC00043491,1961,1,6,,,0.0,0.0,0.0,,,,,,,,,,,
USC00043491,1961,1,7,,,0.0,0.0,0.0,,,,,,,,,,,
USC00043491,1961,1,8,,,0.0,0.0,0.0,,,,,,,,,,,
USC00043491,1961,1,9,,,0.0,0.0,0.0,,,,,,,,,,,
USC00043491,1961,2,1,,,13.0,0.0,0.0,,,,,,,,,,,
USC00043491,1961,2,10,,,13.0,0.0,0.0,,,,,,,,,,,
USC00043491,1961,2,11,,,338.0,0.0,0.0,,,,,,,,,,,
USC00043491,1961,2,12,,,0.0,0.0,0.0,,,,,,,,,,,
USC00043491,1961,2,13,,,18.0,0.0,0.0,,,,,,,,,,,
USC00043491,1961,2,14,,,0.0,0.0,0.0,,,,,,,,,,,
USC00043491,1961,2,15,,,152.0,0.0,0.0,,,,,,,,,,,
USC00043491,1961,2,16,,,0.0,0.0,0.0,,,,,,,,,,,
USC00043491,1961,2,17,,,0.0,0.0,0.0,,,,,,,,,,,
USC00043491,1961,2,18,,,0.0,0.0,0.0,,,,,,,,,,,
USC00043491,1961,2,19,,,0.0,0.0,0.0,,,,,,,,,,,
USC00043491,1961,2,2,,,191.0,0.0,0.0,,,,,,,,,,,
USC00043491,1961,2,20,,,0.0,0.0,0.0,,,,,,,,,,,
USC00043491,1961,2,21,,,0.0,0.0,0.0,,,,,,,,,,,
USC00043491,1961,2,22,,,0.0,0.0,0.0,,,,,,,,,,,
USC00043491,1961,2,23,,,0.0,0.0,0.0,,,,,,,,,,,
USC00043491,1961,2,24,,,0.0,0.0,0.0,,,,,,,,,,,
USC00043491,1961,2,25,,,0.0,0.0,0.0,,,,,,,,,,,
USC00043491,1961,2,26,,,0.0,0.0,0.0,,,,,,,,,,,
USC00043491,1961,2,27,,,0.0,0.0,0.0,,,,,,,,,,,
USC00043491,1961,2,28,,,0.0,0.0,0.0,,,,,,,,,,,
USC00043491,1961,2,29,,,-9999.0,-9999.0,-9999.0,,,,,,,,,,,
USC00043491,1961,2,3,,,25.0,0.0,0.0,,,,,,,,,,,
USC00043491,1961,2,30,,,-9999.0,-9999.0,-9999.0,,,,,,,,,,,
USC00043491,1961,2,31,,,-9999.0,-9999.0,-9999.0,,,,,,,,,,,
USC00043491,1961,2,4,,,0.0,0.0,0.0,,,,,,,,,,,
USC00043491,1961,2,5,,,0.0,0.0,0.0,,,,,,,,,,,
USC00043491,1961,2,6,,,20.0,0.0,0.0,,,,,,,,,,,
USC00043491,1961,2,7,,,0.0,0.0,0.0,,,,,,,,,,,
USC00043491,1961,2,8,,,23.0,0.0,0.0,,,,,,,,,,,
USC00043491,1961,2,9,,,533.0,0.0,0.0,,,,,,,,,,,
USC00043491,1961,3,1,,,0.0,0.0,0.0,,,,,,,,,,,
USC00043491,1961,3,10,,,0.0,0.0,0.0,,,,,,,,,,,
USC00043491,1961,3,11,,,79.0,0.0,0.0,,,,,,,,,,,
USC00043491,1961,3,12,,,0.0,0.0,0.0,,,,,,,,,,,
USC00043491,1961,3,13,,,0.0,0.0,0.0,,,,,,,,,,,
USC00043491,1961,3,14,,,0.0,0.0,0.0,,,,,,,,,,,
USC00043491,1961,3,15,,,427.0,0.0,0.0,,,,,,,,,,,
USC00043491,1961,3,16,,,28.0,0.0,0.0,,,,,,,,,,,
USC00043491,1961,3,17,,,185.0,0.0,0.0,,,,,,,,,,,
USC00043491,1961,3,18,,,0.0,0.0,0.0,,,,,,,,,,,
USC00043491,1961,3,19,,,13.0,0.0,0.0,,,,,,,,,,,
USC00043491,1961,3,2,,,15.0,0.0,0.0,,,,,,,,,,,
USC00043491,1961,3,20,,,127.0,0.0,0.0,,,,,,,,,,,
USC00043491,1961,3,21,,,0.0,0.0,0.0,,,,,,,,,,,
USC00043491,1961,3,22,,,0.0,0.0,0.0,,,,,,,,,,,
USC00043491,1961,3,23,,,236.0,0.0,0.0,,,,,,,,,,,
USC00043491,1961,3,24,,,244.0,0.0,0.0,,,,,,,,,,,
USC00043491,1961,3,25,,,74.0,0.0,0.0,,,,,,,,,,,
USC00043491,1961,3,26,,,142.0,0.0,0.0,,,,,,,,,,,
USC00043491,1961,3,27,,,130.0,0.0,0.0,,,,,,,,,,,
USC00043491,1961,3,28,,,18.0,0.0,0.0,,,,,,,,,,,
USC00043491,1961,3,29,,,0.0,0.0,0.0,,,,,,,,,,,
USC00043491,1961,3,3,,,91.0,0.0,0.0,,,,,,,,,,,
USC00043491,1961,3,30,,,0.0,0.0,0.0,,,,,,,,,,,
USC00043491,1961,3,31,,,0.0,0.0,0.0,,,,,,,,,,,
USC00043491,1961,3,4,,,0.0,0.0,0.0,,,,,,,,,,,
USC00043491,1961,3,5,,,178.0,0.0,0.0,,,,,,,,,,,
USC00043491,1961,3,6,,,76.0,0.0,0.0,,,,,,,,,,,
USC00043491,1961,3,7,,,5.0,0.0,0.0,,,,,,,,,,,
USC00043491,1961,3,8,,,0.0,0.0,0.0,,,,,,,,,,,
USC00043491,1961,3,9,,,160.0,0.0,0.0,,,,,,,,,,,
USC00043491,1961,4,1,,,0.0,0.0,0.0,,,,,,,,,,,
USC00043491,1961,4,10,,,0.0,0.0,0.0,,,,,,,,,,,
USC00043491,1961,4,11,,,0.0,0.0,0.0,,,,,,,,,,,
USC00043491,1961,4,12,,,150.0,0.0,0.0,,,,,,,,,,,
USC00043491,1961,4,13,,,0.0,0.0,0.0,,,,,,,,,,,
USC00043491,1961,4,14,,,0.0,0.0,0.0,,,,,,,,,,,
USC00043491,1961,4,15,,,0.0,0.0,0.0,,,,,,,,,,,
USC00043491,1961,4,16,,,0.0,0.0,0.0,,,,,,,,,,,
USC00043491,1961,4,17,,,0.0,0.0,0.0,,,,,,,,,,,
USC00043491,1961,4,18,,,5.0,0.0,0.0,,,,,,,,,,,
USC00043491,1961,4,19,,,0.0,0.0,0.0,,,,,,,,,,,
USC00043491,1961,4,2,,,0.0,0.0,0.0,,,,,,,,,,,
USC00043491,1961,4,20,,,0.0,0.0,0.0,,,,,,,,,,,
USC00043491,1961,4,21,,,53.0,0.0,0.0,,,,,,,,,,,
USC00043491,1961,4,22,,,302.0,0.0,0.0,,,,,,,,,,,
USC00043491,1961,4,23,,,231.0,0.0,0.0,,,,,,,,,,,
USC00043491,1961,4,24,,,5.0,0.0,0.0,,,,,,,,,,,
USC00043491,1961,4,25,,,0.0,0.0,0.0,,,,,,,,,,,
USC00043491,1961,4,26,,,0.0,0.0,0.0,,,,,,,,,,,
USC00043491,1961,4,27,,,0.0,0.0,0.0,,,,,,,,,,,
USC00043491,1961,4,28,,,0.0,0.0,0.0,,,,,,,,,,,
USC00043491,1961,4,29,,,10.0,0.0,0.0,,,,,,,,,,,
USC00043491,1961,4,3,,,0.0,0.0,0.0,,,,,,,,,,,
USC00043491,1961,4,30,,,0.0,0.0,0.0,,,,,,,,,,,
USC00043491,1961,4,31,,,-9999.0,-9999.0,-9999.0,,,,,,,,,,,
USC00043491,1961,4,4,,,0.0,0.0,0.0,,,,,,,,,,,
USC00043491,1961,4,5,,,0.0,0.0,0.0,,,,,,,,,,,
USC00043491,1961,4,6,,,0.0,0.0,0.0,,,,,,,,,,,
USC00043491,1961,4,7,,,0.0,0.0,0.0,,,,,,,,,,,
USC00043491,1961,4,8,,,0.0,0.0,0.0,,,,,,,,,,,
USC00043491,1961,4,9,,,0.0,0.0,0.0,,,,,,,,,,,
USC00043491,1961,5,1,,,124.0,0.0,0.0,,,,,,,,,,,
USC00043491,1961,5,10,,,122.0,0.0,0.0,,,,,,,,,,,
USC00043491,1961,5,11,,,61.0,0.0,0.0,,,,,,,,,,,
USC00043491,1961,5,12,,,99.0,0.0,0.0,,,,,,,,,,,
USC00043491,1961,5,13,,,0.0,0.0,0.0,,,,,,,,,,,
USC00043491,1961,5,14,,,0.0,0.0,0.0,,,,,,,,,,,
USC00043491,1961,5,15,,,0.0,0.0,0.0,,,,,,,,,,,
USC00043491,1961,5,16,,,0.0,0.0,0.0,,,,,,,,,,,
USC00043491,1961,5,17,,,0.0,0.0,0.0,,,,,,,,,,,
USC00043491,1961,5,18,,,0.0,0.0,0.0,,,,,,,,,,,
USC00043491,1961,5,19,,,0.0,0.0,0.0,,,,,,,,,,,
USC00043491,1961,5,2,,,0.0,0.0,0.0,,,,,,,,,,,
USC00043491,1961,5,20,,,3.0,0.0,0.0,,,,,,,,,,,
USC00043491,1961,5,21,,,0.0,0.0,0.0,,,,,,,,,,,
USC00043491,1961,5,22,,,0.0,0.0,0.0,,,,,,,,,,,
USC00043491,1961,5,23,,,0.0,0.0,0.0,,,,,,,,,,,
USC00043491,1961,5,24,,,0.0,0.0,0.0,,,,,,,,,,,
USC00043491,1961,5,25,,,0.0,0.0,0.0,,,,,,,,,,,
USC00043491,1961,5,26,,,5.0,0.0,0.0,,,,,,,,,,,
USC00043491,1961,5,27,,,0.0,0.0,0.0,,,,,,,,,,,
USC00043491,1961,5,28,,,0.0,0.0,0.0,,,,,,,,,,,
USC00043491,1961,5,29,,,0.0,0.0,0.0,,,,,,,,,,,
USC00043491,1961,5,3,,,0.0,0.0,0.0,,,,,,,,,,,
USC00043491,1961,5,30,,,104.0,0.0,0.0,,,,,,,,,,,
USC00043491,1961,5,31,,,0.0,0.0,0.0,,,,,,,,,,,
USC00043491,1961,5,4,,,0.0,0.0,0.0,,,,,,,,,,,
USC00043491,1961,5,5,,,0.0,0.0,0.0,,,,,,,,,,,
USC00043491,1961,5,6,,,183.0,0.0,0.0,,,,,,,,,,,
USC00043491,1961,5,7,,,18.0,0.0,0.0,,,,,,,,,,,
USC00043491,1961,5,8,,,0.0,0.0,0.0,,,,,,,,,,,
USC00043491,1961,5,9,,,0.0,0.0,0.0,,,,,,,,,,,
USC00043491,1961,6,1,,,94.0,0.0,0.0,,,,,,,,,,,
USC00043491,1961,6,10,,,0.0,0.0,0.0,,,,,,,,,,,
USC00043491,1961,6,11,,,0.0,0.0,0.0,,,,,,,,,,,
USC00043491,1961,6,12,,,0.0,0.0,0.0,,,,,,,,,,,
USC00043491,1961,6,13,,,0.0,0.0,0.0,,,,,,,,,,,
USC00043491,1961,6,14,,,0.0,0.0,0.0,,,,,,,,,,,
USC00043491,1961,6,15,,,0.0,0.0,0.0,,,,,,,,,,,
USC00043491,1961,6,16,,,0.0,0.0,0.0,,,,,,,,,,,
USC00043491,1961,6,17,,,0.0,0.0,0.0,,,,,,,,,,,
USC00043491,1961,6,18,,,0.0,0.0,0.0,,,,,,,,,,,
USC00043491,1961,6,19,,,0.0,0.0,0.0,,,,,,,,,,,
USC00043491,1961,6,2,,,36.0,0.0,0.0,,,,,,,,,,,
USC00043491,1961,6,20,,,0.0,0.0,0.0,,,,,,,,,,,
USC00043491,1961,6,21,,,0.0,0.0,0.0,,,,,,,,,,,
USC00043491,1961,6,22,,,0.0,0.0,0.0,,,,,,,,,,,
USC00043491,1961,6,23,,,0.0,0.0,0.0,,,,,,,,,,,
USC00043491,1961,6,24,,,0.0,0.0,0.0,,,,,,,,,,,
USC00043491,1961,6,25,,,0.0,0.0,0.0,,,,,,,,,,,
USC00043491,1961,6,26,,,0.0,0.0,0.0,,,,,,,,,,,
USC00043491,1961,6,27,,,0.0,0.0,0.0,,,,,,,,,,,
USC00043491,1961,6,28,,,0.0,0.0,0.0,,,,,,,,,,,
USC00043491,1961,6,29,,,0.0,0.0,0.0,,,,,,,,,,,
USC00043491,1961,6,3,,,0.0,0.0,0.0,,,,,,,,,,,
USC00043491,1961,6,30,,,0.0,0.0,0.0,,,,,,,,,,,
USC00043491,1961,6,31,,,-9999.0,-9999.0,-9999.0,,,,,,,,,,,
USC00043491,1961,6,4,,,0.0,0.0,0.0,,,,,,,,,,,
USC00043491,1961,6,5,,,0.0,0.0,0.0,,,,,,,,,,,
USC00043491,1961,6,6,,,0.0,0.0,0.0,,,,,,,,,,,
USC00043491,1961,6,7,,,0.0,0.0,0.0,,,,,,,,,,,
USC00043491,1961,6,8,,,0.0,0.0,0.0,,,,,,,,,,,
USC00043491,1961,6,9,,,0.0,0.0,0.0,,,,,,,,,,,
USC00043491,1961,7,1,,,0.0,0.0,0.0,,,,,,,,,,,
USC00043491,1961,7,10,,,0.0,0.0,0.0,,,,,,,,,,,
USC00043491,1961,7,11,,,0.0,0.0,0.0,,,,,,,,,,,
USC00043491,1961,7,12,,,0.0,0.0,0.0,,,,,,,,,,,
USC00043491,1961,7,13,,,0.0,0.0,0.0,,,,,,,,,,,
USC00043491,1961,7,14,,,0.0,0.0,0.0,,,,,,,,,,,
USC00043491,1961,7,15,,,0.0,0.0,0.0,,,,,,,,,,,
USC00043491,1961,7,16,,,0.0,0.0,0.0,,,,,,,,,,,
USC00043491,1961,7,17,,,0.0,0.0,0.0,,,,,,,,,,,
USC00043491,1961,7,18,,,0.0,0.0,0.0,,,,,,,,,,,
USC00043491,1961,7,19,,,0.0,0.0,0.0,,,,,,,,,,,
USC00043491,1961,7,2,,,0.0,0.0,0.0,,,,,,,,,,,
USC00043491,1961,7,20,,,0.0,0.0,0.0,,,,,,,,,,,
USC00043491,1961,7,21,,,0.0,0.0,0.0,,,,,,,,,,,
USC00043491,1961,7,22,,,0.0,0.0,0.0,,,,,,,,,,,
USC00043491,1961,7,23,,,0.0,0.0,0.0,,,,,,,,,,,
USC00043491,1961,7,24,,,0.0,0.0,0.0,,,,,,,,,,,
USC00043491,1961,7,25,,,0.0,0.0,0.0,,,,,,,,,,,
USC00043491,1961,7,26,,,0.0,0.0,0.0,,,,,,,,,,,
USC00043491,1961,7,27,,,0.0,0.0,0.0,,,,,,,,,,,
USC00043491,1961,7,28,,,0.0,0.0,0.0,,,,,,,,,,,
USC00043491,1961,7,29,,,0.0,0.0,0.0,,,,,,,,,,,
USC00043491,1961,7,3,,,0.0,0.0,0.0,,,,,,,,,,,
USC00043491,1961,7,30,,,0.0,0.0,0.0,,,,,,,,,,,
USC00043491,1961,7,31,,,0.0,0.0,0.0,,,,,,,,,,,
USC00043491,1961,7,4,,,0.0,0.0,0.0,,,,,,,,,,,
USC00043491,1961,7,5,,,0.0,0.0,0.0,,,,,,,,,,,
USC00043491,1961,7,6,,,0.0,0.0,0.0,,,,,,,,,,,
USC00043491,1961,7,7,,,0.0,0.0,0.0,,,,,,,,,,,
USC00043491,1961,7,8,,,0.0,0.0,0.0,,,,,,,,,,,
USC00043491,1961,7,9,,,0.0,0.0,0.0,,,,,,,,,,,
USC00043491,1961,8,1,,,0.0,0.0,0.0,,,,,,,,,,,
USC00043491,1961,8,10,,,0.0,0.0,0.0,,,,,,,,,,,
USC00043491,1961,8,11,,,5.0,0.0,0.0,,,,,,,,,,,
USC00043491,1961,8,12,,,0.0,0.0,0.0,,,,,,,,,,,
USC00043491,1961,8,13,,,0.0,0.0,0.0,,,,,,,,,,,
USC00043491,1961,8,14,,,0.0,0.0,0.0,,,,,,,,,,,
USC00043491,1961,8,15,,,0.0,0.0,0.0,,,,,,,,,,,
USC00043491,1961,8,16,,,0.0,0.0,0.0,,,,,,,,,,,
USC00043491,1961,8,17,,,0.0,0.0,0.0,,,,,,,,,,,
USC00043491,1961,8,18,,,0.0,0.0,0.0,,,,,,,,,,,
USC00043491,1961,8,19,,,3.0,0.0,0.0,,,,,,,,,,,
USC00043491,1961,8,2,,,0.0,0.0,0.0,,,,,,,,,,,
USC00043491,1961,8,20,,,0.0,0.0,0.0,,,,,,,,,,,
USC00043491,1961,8,21,,,0.0,0.0,0.0,,,,,,,,,,,
USC00043491,1961,8,22,,,0.0,0.0,0.0,,,,,,,,,,,
USC00043491,1961,8,23,,,0.0,0.0,0.0,,,,,,,,,,,
USC00043491,1961,8,24,,,0.0,0.0,0.0,,,,,,,,,,,
USC00043491,1961,8,25,,,0.0,0.0,0.0,,,,,,,,,,,
USC00043491,1961,8,26,,,0.0,0.0,0.0,,,,,,,,,,,
USC00043491,1961,8,27,,,0.0,0.0,0.0,,,,,,,,,,,
USC00043491,1961,8,28,,,0.0,0.0,0.0,,,,,,,,,,,
USC00043491,1961,8,29,,,0.0,0.0,0.0,,,,,,,,,,,
USC00043491,1961,8,3,,,0.0,0.0,0.0,,,,,,,,,,,
USC00043491,1961,8,30,,,0.0,0.0,0.0,,,,,,,,,,,
USC00043491,1961,8,31,,,0.0,0.0,0.0,,,,,,,,,,,
USC00043491,1961,8,4,,,0.0,0.0,0.0,,,,,,,,,,,
USC00043491,1961,8,5,,,0.0,0.0,0.0,,,,,,,,,,,
USC00043491,1961,8,6,,,15.0,0.0,0.0,,,,,,,,,,,
USC00043491,1961,8,7,,,0.0,0.0,0.0,,,,,,,,,,,
USC00043491,1961,8,8,,,0.0,0.0,0.0,,,,,,,,,,,
USC00043491,1961,8,9,,,0.0,0.0,0.0,,,,,,,,,,,
USC00043491,1961,9,1,,,0.0,0.0,0.0,,,,,,,,,,,
USC00043491,1961,9,10,,,0.0,0.0,0.0,,,,,,,,,,,
USC00043491,1961,9,11,,,0.0,0.0,0.0,,,,,,,,,,,
USC00043491,1961,9,12,,,0.0,0.0,0.0,,,,,,,,,,,
USC00043491,1961,9,13,,,0.0,0.0,0.0,,,,,,,,,,,
USC00043491,1961,9,14,,,0.0,0.0,0.0,,,,,,,,,,,
USC00043491,1961,9,15,,,0.0,0.0,0.0,,,,,,,,,,,
USC00043491,1961,9,16,,,8.0,0.0,0.0,,,,,,,,,,,
USC00043491,1961,9,17,,,51.0,0.0,0.0,,,,,,,,,,,
USC00043491,1961,9,18,,,0.0,0.0,0.0,,,,,,,,,,,
USC00043491,1961,9,19,,,0.0,0.0,0.0,,,,,,,,,,,
USC00043491,1961,9,2,,,0.0,0.0,0.0,,,,,,,,,,,
USC00043491,1961,9,20,,,0.0,0.0,0.0,,,,,,,,,,,
USC00043491,1961,9,21,,,0.0,0.0,0.0,,,,,,,,,,,
USC00043491,1961,9,22,,,0.0,0.0,0.0,,,,,,,,,,,
USC00043491,1961,9,23,,,0.0,0.0,0.0,,,,,,,,,,,
USC00043491,1961,9,24,,,0.0,0.0,0.0,,,,,,,,,,,
USC00043491,1961,9,25,,,0.0,0.0,0.0,,,,,,,,,,,
USC00043491,1961,9,26,,,0.0,0.0,0.0,,,,,,,,,,,
USC00043491,1961,9,27,,,0.0,0.0,0.0,,,,,,,,,,,
USC00043491,1961,9,28,,,0.0,0.0,0.0,,,,,,,,,,,
USC00043491,1961,9,29,,,0.0,0.0,0.0,,,,,,,,,,,
USC00043491,1961,9,3,,,0.0,0.0,0.0,,,,,,,,,,,
USC00043491,1961,9,30,,,0.0,0.0,0.0,,,,,,,,,,,
USC00043491,1961,9,31,,,-9999.0,-9999.0,-9999.0,,,,,,,,,,,
USC00043491,1961,9,4,,,0.0,0.0,0.0,,,,,,,,,,,
USC00043491,1961,9,5,,,0.0,0.0,0.0,,,,,,,,,,,
USC00043491,1961,9,6,,,0.0,0.0,0.0,,,,,,,,,,,
USC00043491,1961,9,7,,,0.0,0.0,0.0,,,,,,,,,,,
USC00043491,1961,9,8,,,0.0,0.0,0.0,,,,,,,,,,,
USC00043491,1961,9,9,,,0.0,0.0,0.0,,,,,,,,,,,
USC00043491,1961,10,1,,,0.0,0.0,0.0,,,,,,,,,,,
USC00043491,1961,10,10,,,0.0,0.0,0.0,,,,,,,,,,,
USC00043491,1961,10,11,,,132.0,0.0,0.0,,,,,,,,,,,
USC00043491,1961,10,12,,,8.0,0.0,0.0,,,,,,,,,,,
USC00043491,1961,10,13,,,0.0,0.0,0.0,,,,,,,,,,,
USC00043491,1961,10,14,,,0.0,0.0,0.0,,,,,,,,,,,
USC00043491,1961,10,15,,,0.0,0.0,0.0,,,,,,,,,,,
USC00043491,1961,10,16,,,0.0,0.0,0.0,,,,,,,,,,,
USC00043491,1961,10,17,,,0.0,0.0,0.0,,,,,,,,,,,
USC00043491,1961,10,18,,,0.0,0.0,0.0,,,,,,,,,,,
USC00043491,1961,10,19,,,0.0,0.0,0.0,,,,,,,,,,,
USC00043491,1961,10,2,,,0.0,0.0,0.0,,,,,,,,,,,
USC00043491,1961,10,20,,,69.0,0.0,0.0,,,,,,,,,,,
USC00043491,1961,10,21,,,8.0,0.0,0.0,,,,,,,,,,,
USC00043491,1961,10,22,,,0.0,0.0,0.0,,,,,,,,,,,
USC00043491,1961,10,23,,,0.0,0.0,0.0,,,,,,,,,,,
USC00043491,1961,10,24,,,0.0,0.0,0.0,,,,,,,,,,,
USC00043491,1961,10,25,,,0.0,0.0,0.0,,,,,,,,,,,
USC00043491,1961,10,26,,,91.0,0.0,0.0,,,,,,,,,,,
USC00043491,1961,10,27,,,109.0,0.0,0.0,,,,,,,,,,,
USC00043491,1961,10,28,,,94.0,0.0,0.0,,,,,,,,,,,
USC00043491,1961,10,29,,,0.0,0.0,0.0,,,,,,,,,,,
USC00043491,1961,10,3,,,0.0,0.0,0.0,,,,,,,,,,,
USC00043491,1961,10,30,,,0.0,0.0,0.0,,,,,,,,,,,
USC00043491,1961,10,31,,,0.0,0.0,0.0,,,,,,,,,,,
USC00043491,1961,10,4,,,0.0,0.0,0.0,,,,,,,,,,,
USC00043491,1961,10,5,,,0.0,0.0,0.0,,,,,,,,,,,
USC00043491,1961,10,6,,,0.0,0.0,0.0,,,,,,,,,,,
USC00043491,1961,10,7,,,0.0,0.0,0.0,,,,,,,,,,,
USC00043491,1961,10,8,,,0.0,0.0,0.0,,,,,,,,,,,
USC00043491,1961,10,9,,,0.0,0.0,0.0,,,,,,,,,,,
USC00043491,1961,11,1,,,0.0,0.0,0.0,,,,,,,,,,,
USC00043491,1961,11,10,,,0.0,0.0,0.0,,,,,,,,,,,
USC00043491,1961,11,11,,,3.0,0.0,0.0,,,,,,,,,,,
USC00043491,1961,11,12,,,0.0,0.0,0.0,,,,,,,,,,,
USC00043491,1961,11,13,,,0.0,0.0,0.0,,,,,,,,,,,
USC00043491,1961,11,14,,,0.0,0.0,0.0,,,,,,,,,,,
USC00043491,1961,11,15,,,0.0,0.0,0.0,,,,,,,,,,,
USC00043491,1961,11,16,,,0.0,0.0,0.0,,,,,,,,,,,
USC00043491,1961,11,17,,,0.0,0.0,0.0,,,,,,,,,,,
USC00043491,1961,11,18,,,0.0,0.0,0.0,,,,,,,,,,,
USC00043491,1961,11,19,,,0.0,0.0,0.0,,,,,,,,,,,
USC00043491,1961,11,2,,,0.0,0.0,0.0,,,,,,,,,,,
USC00043491,1961,11,20,,,218.0,0.0,0.0,,,,,,,,,,,
USC00043491,1961,11,21,,,23.0,0.0,0.0,,,,,,,,,,,
USC00043491,1961,11,22,,,89.0,0.0,0.0,,,,,,,,,,,
USC00043491,1961,11,23,,,13.0,0.0,0.0,,,,,,,,,,,
USC00043491,1961,11,24,,,0.0,0.0,0.0,,,,,,,,,,,
USC00043491,1961,11,25,,,53.0,0.0,0.0,,,,,,,,,,,
USC00043491,1961,11,26,,,140.0,0.0,0.0,,,,,,,,,,,
USC00043491,1961,11,27,,,5.0,0.0,0.0,,,,,,,,,,,
USC00043491,1961,11,28,,,0.0,0.0,0.0,,,,,,,,,,,
USC00043491,1961,11,29,,,323.0,0.0,0.0,,,,,,,,,,,
USC00043491,1961,11,3,,,0.0,0.0,0.0,,,,,,,,,,,
USC00043491,1961,11,30,,,518.0,0.0,0.0,,,,,,,,,,,
USC00043491,1961,11,31,,,-9999.0,-9999.0,-9999.0,,,,,,,,,,,
USC00043491,1961,11,4,,,0.0,0.0,0.0,,,,,,,,,,,
USC00043491,1961,11,5,,,0.0,0.0,0.0,,,,,,,,,,,
USC00043491,1961,11,6,,,0.0,0.0,0.0,,,,,,,,,,,
USC00043491,1961,11,7,,,0.0,0.0,0.0,,,,,,,,,,,
USC00043491,1961,11,8,,,0.0,0.0,0.0,,,,,,,,,,,
USC00043491,1961,11,9,,,0.0,0.0,0.0,,,,,,,,,,,
USC00043491,1961,12,1,,,277.0,0.0,0.0,,,,,,,,,,,
USC00043491,1961,12,10,,,8.0,0.0,0.0,,,,,,,,,,,
USC00043491,1961,12,11,,,0.0,0.0,0.0,,,,,,,,,,,
USC00043491,1961,12,12,,,0.0,0.0,0.0,,,,,,,,,,,
USC00043491,1961,12,13,,,0.0,0.0,0.0,,,,,,,,,,,
USC00043491,1961,12,14,,,0.0,0.0,0.0,,,,,,,,,,,
USC00043491,1961,12,15,,,0.0,0.0,0.0,,,,,,,,,,,
USC00043491,1961,12,16,,,0.0,0.0,0.0,,,,,,,,,,,
USC00043491,1961,12,17,,,216.0,0.0,0.0,,,,,,,,,,,
USC00043491,1961,12,18,,,66.0,0.0,0.0,,,,,,,,,,,
USC00043491,1961,12,19,,,117.0,0.0,0.0,,,,,,,,,,,
USC00043491,1961,12,2,,,300.0,0.0,0.0,,,,,,,,,,,
USC00043491,1961,12,20,,,196.0,0.0,0.0,,,,,,,,,,,
USC00043491,1961,12,21,,,61.0,0.0,0.0,,,,,,,,,,,
USC00043491,1961,12,22,,,0.0,0.0,0.0,,,,,,,,,,,
USC00043491,1961,12,23,,,0.0,0.0,0.0,,,,,,,,,,,
USC00043491,1961,12,24,,,0.0,0.0,0.0,,,,,,,,,,,
USC00043491,1961,12,25,,,0.0,0.0,0.0,,,,,,,,,,,
USC00043491,1961,12,26,,,0.0,0.0,0.0,,,,,,,,,,,
USC00043491,1961,12,27,,,0.0,0.0,0.0,,,,,,,,,,,
USC00043491,1961,12,28,,,0.0,0.0,0.0,,,,,,,,,,,
USC00043491,1961,12,29,,,0.0,0.0,0.0,,,,,,,,,,,
USC00043491,1961,12,3,,,3.0,0.0,0.0,,,,,,,,,,,
USC00043491,1961,12,30,,,0.0,0.0,0.0,,,,,,,,,,,
USC00043491,1961,12,31,,,0.0,0.0,0.0,,,,,,,,,,,
USC00043491,1961,12,4,,,0.0,0.0,0.0,,,,,,,,,,,
USC00043491,1961,12,5,,,0.0,0.0,0.0,,,,,,,,,,,
USC00043491,1961,12,6,,,0.0,0.0,0.0,,,,,,,,,,,
USC00043491,1961,12,7,,,0.0,0.0,0.0,,,,,,,,,,,
USC00043491,1961,12,8,,,0.0,0.0,0.0,,,,,,,,,,,
USC00043491,1961,12,9,,,0.0,0.0,0.0,,,,,,,,,,,
USC00043491,1962,1,1,,,0.0,0.0,0.0,,,,,,,,,,,
USC00043491,1962,1,10,,,0.0,0.0,0.0,,,,,,,,,,,
USC00043491,1962,1,11,,,0.0,0.0,0.0,,,,,,,,,,,
USC00043491,1962,1,12,,,66.0,0.0,0.0,,,,,,,,,,,
USC00043491,1962,1,13,,,8.0,0.0,0.0,,,,,,,,,,,
USC00043491,1962,1,14,,,0.0,0.0,0.0,,,,,,,,,,,
USC00043491,1962,1,15,,,0.0,0.0,0.0,,,,,,,,,,,
USC00043491,1962,1,16,,,0.0,0.0,0.0,,,,,,,,,,,
USC00043491,1962,1,17,,,0.0,0.0,0.0,,,,,,,,,,,
USC00043491,1962,1,18,,,51.0,0.0,0.0,,,,,,,,,,,
USC00043491,1962,1,19,,,719.0,0.0,0.0,,,,,,,,,,,
USC00043491,1962,1,2,,,0.0,0.0,0.0,,,,,,,,,,,
USC00043491,1962,1,20,,,429.0,0.0,0.0,,,,,,,,,,,
USC00043491,1962,1,21,,,46.0,0.0,0.0,,,,,,,,,,,
USC00043491,1962,1,22,,,0.0,0.0,0.0,,,,,,,,,,,
USC00043491,1962,1,23,,,0.0,0.0,0.0,,,,,,,,,,,
USC00043491,1962,1,24,,,0.0,0.0,0.0,,,,,,,,,,,
USC00043491,1962,1,25,,,0.0,0.0,0.0,,,,,,,,,,,
USC00043491,1962,1,26,,,0.0,0.0,0.0,,,,,,,,,,,
USC00043491,1962,1,27,,,0.0,0.0,0.0,,,,,,,,,,,
USC00043491,1962,1,28,,,0.0,0.0,0.0,,,,,,,,,,,
USC00043491,1962,1,29,,,0.0,0.0,0.0,,,,,,,,,,,
USC00043491,1962,1,3,,,0.0,0.0,0.0,,,,,,,,,,,
USC00043491,1962,1,30,,,0.0,0.0,0.0,,,,,,,,,,,
USC00043491,1962,1,31,,,0.0,0.0,0.0,,,,,,,,,,,
USC00043491,1962,1,4,,,0.0,0.0,0.0,,,,,,,,,,,
USC00043491,1962,1,5,,,0.0,0.0,0.0,,,,,,,,,,,
USC00043491,1962,1,6,,,0.0,0.0,0.0,,,,,,,,,,,
USC00043491,1962,1,7,,,0.0,0.0,0.0,,,,,,,,,,,
USC00043491,1962,1,8,,,0.0,0.0,0.0,,,,,,,,,,,
USC00043491,1962,1,9,,,0.0,0.0,0.0,,,,,,,,,,,
USC00043491,1962,2,1,,,0.0,0.0,0.0,,,,,,,,,,,
USC00043491,1962,2,10,,,1115.0,0.0,0.0,,,,,,,,,,,
USC00043491,1962,2,11,,,312.0,0.0,0.0,,,,,,,,,,,
USC00043491,1962,2,12,,,66.0,0.0,0.0,,,,,,,,,,,
USC00043491,1962,2,13,,,838.0,0.0,0.0,,,,,,,,,,,
USC00043491,1962,2,14,,,300.0,0.0,0.0,,,,,,,,,,,
USC00043491,1962,2,15,,,640.0,0.0,0.0,,,,,,,,,,,
USC00043491,1962,2,16,,,241.0,0.0,0.0,,,,,,,,,,,
USC00043491,1962,2,17,,,132.0,0.0,0.0,,,,,,,,,,,
USC00043491,1962,2,18,,,33.0,0.0,0.0,,,,,,,,,,,
USC00043491,1962,2,19,,,79.0,0.0,0.0,,,,,,,,,,,
USC00043491,1962,2,2,,,0.0,0.0,0.0,,,,,,,,,,,
USC00043491,1962,2,20,,,71.0,0.0,0.0,,,,,,,,,,,
USC00043491,1962,2,21,,,10.0,0.0,0.0,,,,,,,,,,,
USC00043491,1962,2,22,,,0.0,0.0,0.0,,,,,,,,,,,
USC00043491,1962,2,23,,,8.0,0.0,0.0,,,,,,,,,,,
USC00043491,1962,2,24,,,64.0,0.0,0.0,,,,,,,,,,,
USC00043491,1962,2,25,,,69.0,0.0,0.0,,,,,,,,,,,
USC00043491,1962,2,26,,,8.0,0.0,0.0,,,,,,,,,,,
USC00043491,1962,2,27,,,0.0,0.0,0.0,,,,,,,,,,,
USC00043491,1962,2,28,,,10.0,0.0,0.0,,,,,,,,,,,
USC00043491,1962,2,29,,,-9999.0,-9999.0,-9999.0,,,,,,,,,,,
USC00043491,1962,2,3,,,0.0,0.0,0.0,,,,,,,,,,,
USC00043491,1962,2,30,,,-9999.0,-9999.0,-9999.0,,,,,,,,,,,
USC00043491,1962,2,31,,,-9999.0,-9999.0,-9999.0,,,,,,,,,,,
USC00043491,1962,2,4,,,0.0,0.0,0.0,,,,,,,,,,,
USC00043491,1962,2,5,,,0.0,0.0,0.0,,,,,,,,,,,
USC00043491,1962,2,6,,,66.0,0.0,0.0,,,,,,,,,,,
USC00043491,1962,2,7,,,305.0,0.0,0.0,,,,,,,,,,,
USC00043491,1962,2,8,,,249.0,0.0,0.0,,,,,,,,,,,
USC00043491,1962,2,9,,,765.0,0.0,0.0,,,,,,,,,,,
USC00043491,1962,3,1,,,330.0,0.0,0.0,,,,,,,,,,,
USC00043491,1962,3,10,,,3.0,0.0,0.0,,,,,,,,,,,
USC00043491,1962,3,11,,,104.0,0.0,0.0,,,,,,,,,,,
USC00043491,1962,3,12,,,3.0,0.0,0.0,,,,,,,,,,,
USC00043491,1962,3,13,,,0.0,0.0,0.0,,,,,,,,,,,
USC00043491,1962,3,14,,,0.0,0.0,0.0,,,,,,,,,,,
USC00043491,1962,3,15,,,0.0,0.0,0.0,,,,,,,,,,,
USC00043491,1962,3,16,,,23.0,0.0,0.0,,,,,,,,,,,
USC00043491,1962,3,17,,,25.0,0.0,0.0,,,,,,,,,,,
USC00043491,1962,3,18,,,0.0,0.0,0.0,,,,,,,,,,,
USC00043491,1962,3,19,,,0.0,0.0,0.0,,,,,,,,,,,
USC00043491,1962,3,2,,,450.0,0.0,0.0,,,,,,,,,,,
USC00043491,1962,3,20,,,41.0,0.0,0.0,,,,,,,,,,,
USC00043491,1962,3,21,,,8.0,0.0,0.0,,,,,,,,,,,
USC00043491,1962,3,22,,,312.0,0.0,0.0,,,,,,,,,,,
USC00043491,1962,3,23,,,114.0,0.0,0.0,,,,,,,,,,,
USC00043491,1962,3,24,,,0.0,0.0,0.0,,,,,,,,,,,
USC00043491,1962,3,25,,,0.0,0.0,0.0,,,,,,,,,,,
USC00043491,1962,3,26,,,0.0,0.0,0.0,,,,,,,,,,,
USC00043491,1962,3,27,,,0.0,0.0,0.0,,,,,,,,,,,
USC00043491,1962,3,28,,,0.0,0.0,0.0,,,,,,,,,,,
USC00043491,1962,3,29,,,0.0,0.0,0.0,,,,,,,,,,,
USC00043491,1962,3,3,,,0.0,0.0,0.0,,,,,,,,,,,
USC00043491,1962,3,30,,,0.0,0.0,0.0,,,,,,,,,,,
USC00043491,1962,3,31,,,0.0,0.0,0.0,,,,,,,,,,,
USC00043491,1962,3,4,,,0.0,0.0,0.0,,,,,,,,,,,
USC00043491,1962,3,5,,,74.0,0.0,0.0,,,,,,,,,,,
USC00043491,1962,3,6,,,566.0,0.0,0.0,,,,,,,,,,,
USC00043491,1962,3,7,,,43.0,0.0,0.0,,,,,,,,,,,
USC00043491,1962,3,8,,,5.0,0.0,0.0,,,,,,,,,,,
USC00043491,1962,3,9,,,10.0,0.0,0.0,,,,,,,,,,,
USC00043491,1962,4,1,,,0.0,0.0,0.0,,,,,,,,,,,
USC00043491,1962,4,10,,,0.0,0.0,0.0,,,,,,,,,,,
USC00043491,1962,4,11,,,0.0,0.0,0.0,,,,,,,,,,,
USC00043491,1962,4,12,,,0.0,0.0,0.0,,,,,,,,,,,
USC00043491,1962,4,13,,,0.0,0.0,0.0,,,,,,,,,,,
USC00043491,1962,4,14,,,0.0,0.0,0.0,,,,,,,,,,,
USC00043491,1962,4,15,,,0.0,0.0,0.0,,,,,,,,,,,
USC00043491,1962,4,16,,,0.0,0.0,0.0,,,,,,,,,,,
USC00043491,1962,4,17,,,0.0,0.0,0.0,,,,,,,,,,,
USC00043491,1962,4,18,,,0.0,0.0,0.0,,,,,,,,,,,
USC00043491,1962,4,19,,,191.0,0.0,0.0,,,,,,,,,,,
USC00043491,1962,4,2,,,0.0,0.0,0.0,,,,,,,,,,,
USC00043491,1962,4,20,,,43.0,0.0,0.0,,,,,,,,,,,
USC00043491,1962,4,21,,,0.0,0.0,0.0,,,,,,,,,,,
USC00043491,1962,4,22,,,0.0,0.0,0.0,,,,,,,,,,,
USC00043491,1962,4,23,,,0.0,0.0,0.0,,,,,,,,,,,
USC00043491,1962,4,24,,,0.0,0.0,0.0,,,,,,,,,,,
USC00043491,1962,4,25,,,0.0,0.0,0.0,,,,,,,,,,,
USC00043491,1962,4,26,,,178.0,0.0,0.0,,,,,,,,,,,
USC00043491,1962,4,27,,,180.0,0.0,0.0,,,,,,,,,,,
USC00043491,1962,4,28,,,0.0,0.0,0.0,,,,,,,,,,,
USC00043491,1962,4,29,,,0.0,0.0,0.0,,,,,,,,,,,
USC00043491,1962,4,3,,,0.0,0.0,0.0,,,,,,,,,,,
USC00043491,1962,4,30,,,0.0,0.0,0.0,,,,,,,,,,,
USC00043491,1962,4,31,,,-9999.0,-9999.0,-9999.0,,,,,,,,,,,
USC00043491,1962,4,4,,,0.0,0.0,0.0,,,,,,,,,,,
USC00043491,1962,4,5,,,0.0,0.0,0.0,,,,,,,,,,,
USC00043491,1962,4,6,,,0.0,0.0,0.0,,,,,,,,,,,
USC00043491,1962,4,7,,,0.0,0.0,0.0,,,,,,,,,,,
USC00043491,1962,4,8,,,0.0,0.0,0.0,,,,,,,,,,,
USC00043491,1962,4,9,,,0.0,0.0,0.0,,,,,,,,,,,
USC00043491,1962,5,1,,,0.0,0.0,0.0,,,,,,,,,,,
USC00043491,1962,5,10,,,0.0,0.0,0.0,,,,,,,,,,,
USC00043491,1962,5,11,,,0.0,0.0,0.0,,,,,,,,,,,
USC00043491,1962,5,12,,,0.0,0.0,0.0,,,,,,,,,,,
USC00043491,1962,5,13,,,8.0,0.0,0.0,,,,,,,,,,,
USC00043491,1962,5,14,,,23.0,0.0,0.0,,,,,,,,,,,
USC00043491,1962,5,15,,,13.0,0.0,0.0,,,,,,,,,,,
USC00043491,1962,5,16,,,48.0,0.0,0.0,,,,,,,,,,,
USC00043491,1962,5,17,,,0.0,0.0,0.0,,,,,,,,,,,
USC00043491,1962,5,18,,,0.0,0.0,0.0,,,,,,,,,,,
USC00043491,1962,5,19,,,0.0,0.0,0.0,,,,,,,,,,,
USC00043491,1962,5,2,,,0.0,0.0,0.0,,,,,,,,,,,
USC00043491,1962,5,20,,,0.0,0.0,0.0,,,,,,,,,,,
USC00043491,1962,5,21,,,0.0,0.0,0.0,,,,,,,,,,,
USC00043491,1962,5,22,,,0.0,0.0,0.0,,,,,,,,,,,
USC00043491,1962,5,23,,,0.0,0.0,0.0,,,,,,,,,,,
USC00043491,1962,5,24,,,0.0,0.0,0.0,,,,,,,,,,,
USC00043491,1962,5,25,,,0.0,0.0,0.0,,,,,,,,,,,
USC00043491,1962,5,26,,,0.0,0.0,0.0,,,,,,,,,,,
USC00043491,1962,5,27,,,30.0,0.0,0.0,,,,,,,,,,,
USC00043491,1962,5,28,,,5.0,0.0,0.0,,,,,,,,,,,
USC00043491,1962,5,29,,,0.0,0.0,0.0,,,,,,,,,,,
USC00043491,1962,5,3,,,0.0,0.0,0.0,,,,,,,,,,,
USC00043491,1962,5,30,,,0.0,0.0,0.0,,,,,,,,,,,
USC00043491,1962,5,31,,,0.0,0.0,0.0,,,,,,,,,,,
USC00043491,1962,5,4,,,0.0,0.0,0.0,,,,,,,,,,,
USC00043491,1962,5,5,,,0.0,0.0,0.0,,,,,,,,,,,
USC00043491,1962,5,6,,,0.0,0.0,0.0,,,,,,,,,,,
USC00043491,1962,5,7,,,0.0,0.0,0.0,,,,,,,,,,,
USC00043491,1962,5,8,,,0.0,0.0,0.0,,,,,,,,,,,
USC00043491,1962,5,9,,,0.0,0.0,0.0,,,,,,,,,,,
USC00043491,1962,6,1,,,0.0,0.0,0.0,,,,,,,,,,,
USC00043491,1962,6,10,,,0.0,0.0,0.0,,,,,,,,,,,
USC00043491,1962,6,11,,,0.0,0.0,0.0,,,,,,,,,,,
USC00043491,1962,6,12,,,0.0,0.0,0.0,,,,,,,,,,,
USC00043491,1962,6,13,,,0.0,0.0,0.0,,,,,,,,,,,
USC00043491,1962,6,14,,,0.0,0.0,0.0,,,,,,,,,,,
USC00043491,1962,6,15,,,8.0,0.0,0.0,,,,,,,,,,,
USC00043491,1962,6,16,,,0.0,0.0,0.0,,,,,,,,,,,
USC00043491,1962,6,17,,,0.0,0.0,0.0,,,,,,,,,,,
USC00043491,1962,6,18,,,0.0,0.0,0.0,,,,,,,,,,,
USC00043491,1962,6,19,,,0.0,0.0,0.0,,,,,,,,,,,
USC00043491,1962,6,2,,,0.0,0.0,0.0,,,,,,,,,,,
USC00043491,1962,6,20,,,0.0,0.0,0.0,,,,,,,,,,,
USC00043491,1962,6,21,,,0.0,0.0,0.0,,,,,,,,,,,
USC00043491,1962,6,22,,,0.0,0.0,0.0,,,,,,,,,,,
USC00043491,1962,6,23,,,0.0,0.0,0.0,,,,,,,,,,,
USC00043491,1962,6,24,,,0.0,0.0,0.0,,,,,,,,,,,
USC00043491,1962,6,25,,,0.0,0.0,0.0,,,,,,,,,,,
USC00043491,1962,6,26,,,0.0,0.0,0.0,,,,,,,,,,,
USC00043491,1962,6,27,,,0.0,0.0,0.0,,,,,,,,,,,
USC00043491,1962,6,28,,,0.0,0.0,0.0,,,,,,,,,,,
USC00043491,1962,6,29,,,0.0,0.0,0.0,,,,,,,,,,,
USC00043491,1962,6,3,,,0.0,0.0,0.0,,,,,,,,,,,
USC00043491,1962,6,30,,,0.0,0.0,0.0,,,,,,,,,,,
USC00043491,1962,6,31,,,-9999.0,-9999.0,-9999.0,,,,,,,,,,,
USC00043491,1962,6,4,,,0.0,0.0,0.0,,,,,,,,,,,
USC00043491,1962,6,5,,,0.0,0.0,0.0,,,,,,,,,,,
USC00043491,1962,6,6,,,0.0,0.0,0.0,,,,,,,,,,,
USC00043491,1962,6,7,,,0.0,0.0,0.0,,,,,,,,,,,
USC00043491,1962,6,8,,,0.0,0.0,0.0,,,,,,,,,,,
USC00043491,1962,6,9,,,0.0,0.0,0.0,,,,,,,,,,,
USC00043491,1962,7,1,,,0.0,0.0,0.0,,,,,,,,,,,
USC00043491,1962,7,10,,,0.0,0.0,0.0,,,,,,,,,,,
USC00043491,1962,7,11,,,0.0,0.0,0.0,,,,,,,,,,,
USC00043491,1962,7,12,,,30.0,0.0,0.0,,,,,,,,,,,
USC00043491,1962,7,13,,,0.0,0.0,0.0,,,,,,,,,,,
USC00043491,1962,7,14,,,0.0,0.0,0.0,,,,,,,,,,,
USC00043491,1962,7,15,,,0.0,0.0,0.0,,,,,,,,,,,
USC00043491,1962,7,16,,,0.0,0.0,0.0,,,,,,,,,,,
USC00043491,1962,7,17,,,0.0,0.0,0.0,,,,,,,,,,,
USC00043491,1962,7,18,,,0.0,0.0,0.0,,,,,,,,,,,
USC00043491,1962,7,19,,,0.0,0.0,0.0,,,,,,,,,,,
USC00043491,1962,7,2,,,0.0,0.0,0.0,,,,,,,,,,,
USC00043491,1962,7,20,,,0.0,0.0,0.0,,,,,,,,,,,
USC00043491,1962,7,21,,,0.0,0.0,0.0,,,,,,,,,,,
USC00043491,1962,7,22,,,0.0,0.0,0.0,,,,,,,,,,,
USC00043491,1962,7,23,,,0.0,0.0,0.0,,,,,,,,,,,
USC00043491,1962,7,24,,,0.0,0.0,0.0,,,,,,,,,,,
USC00043491,1962,7,25,,,0.0,0.0,0.0,,,,,,,,,,,
USC00043491,1962,7,26,,,0.0,0.0,0.0,,,,,,,,,,,
USC00043491,1962,7,27,,,0.0,0.0,0.0,,,,,,,,,,,
USC00043491,1962,7,28,,,0.0,0.0,0.0,,,,,,,,,,,
USC00043491,1962,7,29,,,0.0,0.0,0.0,,,,,,,,,,,
USC00043491,1962,7,3,,,0.0,0.0,0.0,,,,,,,,,,,
USC00043491,1962,7,30,,,0.0,0.0,0.0,,,,,,,,,,,
USC00043491,1962,7,31,,,0.0,0.0,0.0,,,,,,,,,,,
USC00043491,1962,7,4,,,0.0,0.0,0.0,,,,,,,,,,,
USC00043491,1962,7,5,,,0.0,0.0,0.0,,,,,,,,,,,
USC00043491,1962,7,6,,,0.0,0.0,0.0,,,,,,,,,,,
USC00043491,1962,7,7,,,0.0,0.0,0.0,,,,,,,,,,,
USC00043491,1962,7,8,,,0.0,0.0,0.0,,,,,,,,,,,
USC00043491,1962,7,9,,,0.0,0.0,0.0,,,,,,,,,,,
USC00043491,1962,8,1,,,0.0,0.0,0.0,,,,,,,,,,,
USC00043491,1962,8,10,,,0.0,0.0,0.0,,,,,,,,,,,
USC00043491,1962,8,11,,,0.0,0.0,0.0,,,,,,,,,,,
USC00043491,1962,8,12,,,0.0,0.0,0.0,,,,,,,,,,,
USC00043491,1962,8,13,,,0.0,0.0,0.0,,,,,,,,,,,
USC00043491,1962,8,14,,,0.0,0.0,0.0,,,,,,,,,,,
USC00043491,1962,8,15,,,0.0,0.0,0.0,,,,,,,,,,,
USC00043491,1962,8,16,,,0.0,0.0,0.0,,,,,,,,,,,
USC00043491,1962,8,17,,,0.0,0.0,0.0,,,,,,,,,,,
USC00043491,1962,8,18,,,0.0,0.0,0.0,,,,,,,,,,,
USC00043491,1962,8,19,,,0.0,0.0,0.0,,,,,,,,,,,
USC00043491,1962,8,2,,,0.0,0.0,0.0,,,,,,,,,,,
USC00043491,1962,8,20,,,0.0,0.0,0.0,,,,,,,,,,,
USC00043491,1962,8,21,,,0.0,0.0,0.0,,,,,,,,,,,
USC00043491,1962,8,22,,,0.0,0.0,0.0,,,,,,,,,,,
USC00043491,1962,8,23,,,0.0,0.0,0.0,,,,,,,,,,,
USC00043491,1962,8,24,,,0.0,0.0,0.0,,,,,,,,,,,
USC00043491,1962,8,25,,,0.0,0.0,0.0,,,,,,,,,,,
USC00043491,1962,8,26,,,0.0,0.0,0.0,,,,,,,,,,,
USC00043491,1962,8,27,,,0.0,0.0,0.0,,,,,,,,,,,
USC00043491,1962,8,28,,,0.0,0.0,0.0,,,,,,,,,,,
USC00043491,1962,8,29,,,0.0,0.0,0.0,,,,,,,,,,,
USC00043491,1962,8,3,,,0.0,0.0,0.0,,,,,,,,,,,
USC00043491,1962,8,30,,,0.0,0.0,0.0,,,,,,,,,,,
USC00043491,1962,8,31,,,0.0,0.0,0.0,,,,,,,,,,,
USC00043491,1962,8,4,,,0.0,0.0,0.0,,,,,,,,,,,
USC00043491,1962,8,5,,,0.0,0.0,0.0,,,,,,,,,,,
USC00043491,1962,8,6,,,0.0,0.0,0.0,,,,,,,,,,,
USC00043491,1962,8,7,,,0.0,0.0,0.0,,,,,,,,,,,
USC00043491,1962,8,8,,,0.0,0.0,0.0,,,,,,,,,,,
USC00043491,1962,8,9,,,99.0,0.0,0.0,,,,,,,,,,,
USC00043491,1962,9,1,,,0.0,0.0,0.0,,,,,,,,,,,
USC00043491,1962,9,10,,,0.0,0.0,0.0,,,,,,,,,,,
USC00043491,1962,9,11,,,0.0,0.0,0.0,,,,,,,,,,,
USC00043491,1962,9,12,,,0.0,0.0,0.0,,,,,,,,,,,
USC00043491,1962,9,13,,,0.0,0.0,0.0,,,,,,,,,,,
USC00043491,1962,9,14,,,0.0,0.0,0.0,,,,,,,,,,,
USC00043491,1962,9,15,,,0.0,0.0,0.0,,,,,,,,,,,
USC00043491,1962,9,16,,,0.0,0.0,0.0,,,,,,,,,,,
USC00043491,1962,9,17,,,0.0,0.0,0.0,,,,,,,,,,,
USC00043491,1962,9,18,,,0.0,0.0,0.0,,,,,,,,,,,
USC00043491,1962,9,19,,,0.0,0.0,0.0,,,,,,,,,,,
USC00043491,1962,9,2,,,0.0,0.0,0.0,,,,,,,,,,,
USC00043491,1962,9,20,,,0.0,0.0,0.0,,,,,,,,,,,
USC00043491,1962,9,21,,,0.0,0.0,0.0,,,,,,,,,,,
USC00043491,1962,9,22,,,0.0,0.0,0.0,,,,,,,,,,,
USC00043491,1962,9,23,,,0.0,0.0,0.0,,,,,,,,,,,
USC00043491,1962,9,24,,,0.0,0.0,0.0,,,,,,,,,,,
USC00043491,1962,9,25,,,0.0,0.0,0.0,,,,,,,,,,,
USC00043491,1962,9,26,,,0.0,0.0,0.0,,,,,,,,,,,
USC00043491,1962,9,27,,,25.0,0.0,0.0,,,,,,,,,,,
USC00043491,1962,9,28,,,3.0,0.0,0.0,,,,,,,,,,,
USC00043491,1962,9,29,,,3.0,0.0,0.0,,,,,,,,,,,
USC00043491,1962,9,3,,,0.0,0.0,0.0,,,,,,,,,,,
USC00043491,1962,9,30,,,0.0,0.0,0.0,,,,,,,,,,,
USC00043491,1962,9,31,,,-9999.0,-9999.0,-9999.0,,,,,,,,,,,
USC00043491,1962,9,4,,,0.0,0.0,0.0,,,,,,,,,,,
USC00043491,1962,9,5,,,0.0,0.0,0.0,,,,,,,,,,,
USC00043491,1962,9,6,,,0.0,0.0,0.0,,,,,,,,,,,
USC00043491,1962,9,7,,,0.0,0.0,0.0,,,,,,,,,,,
USC00043491,1962,9,8,,,0.0,0.0,0.0,,,,,,,,,,,
USC00043491,1962,9,9,,,0.0,0.0,0.0,,,,,,,,,,,
USC00043491,1962,10,1,,,0.0,0.0,0.0,,,,,,,,,,,
USC00043491,1962,10,10,,,483.0,0.0,0.0,,,,,,,,,,,
USC00043491,1962,10,11,,,574.0,0.0,0.0,,,,,,,,,,,
USC00043491,1962,10,12,,,1407.0,0.0,0.0,,,,,,,,,,,
USC00043491,1962,10,13,,,2012.0,0.0,0.0,,,,,,,,,,,
USC00043491,1962,10,14,,,643.0,0.0,0.0,,,,,,,,,,,
USC00043491,1962,10,15,,,0.0,0.0,0.0,,,,,,,,,,,
USC00043491,1962,10,16,,,0.0,0.0,0.0,,,,,,,,,,,
USC00043491,1962,10,17,,,0.0,0.0,0.0,,,,,,,,,,,
USC00043491,1962,10,18,,,0.0,0.0,0.0,,,,,,,,,,,
USC00043491,1962,10,19,,,0.0,0.0,0.0,,,,,,,,,,,
USC00043491,1962,10,2,,,0.0,0.0,0.0,,,,,,,,,,,
USC00043491,1962,10,20,,,0.0,0.0,0.0,,,,,,,,,,,
USC00043491,1962,10,21,,,0.0,0.0,0.0,,,,,,,,,,,
USC00043491,1962,10,22,,,0.0,0.0,0.0,,,,,,,,,,,
USC00043491,1962,10,23,,,0.0,0.0,0.0,,,,,,,,,,,
USC00043491,1962,10,24,,,0.0,0.0,0.0,,,,,,,,,,,
USC00043491,1962,10,25,,,0.0,0.0,0.0,,,,,,,,,,,
USC00043491,1962,10,26,,,0.0,0.0,0.0,,,,,,,,,,,
USC00043491,1962,10,27,,,0.0,0.0,0.0,,,,,,,,,,,
USC00043491,1962,10,28,,,0.0,0.0,0.0,,,,,,,,,,,
USC00043491,1962,10,29,,,0.0,0.0,0.0,,,,,,,,,,,
USC00043491,1962,10,3,,,0.0,0.0,0.0,,,,,,,,,,,
USC00043491,1962,10,30,,,0.0,0.0,0.0,,,,,,,,,,,
USC00043491,1962,10,31,,,0.0,0.0,0.0,,,,,,,,,,,
USC00043491,1962,10,4,,,0.0,0.0,0.0,,,,,,,,,,,
USC00043491,1962,10,5,,,0.0,0.0,0.0,,,,,,,,,,,
USC00043491,1962,10,6,,,0.0,0.0,0.0,,,,,,,,,,,
USC00043491,1962,10,7,,,0.0,0.0,0.0,,,,,,,,,,,
USC00043491,1962,10,8,,,0.0,0.0,0.0,,,,,,,,,,,
USC00043491,1962,10,9,,,0.0,0.0,0.0,,,,,,,,,,,
USC00043491,1962,11,1,,,0.0,0.0,0.0,,,,,,,,,,,
USC00043491,1962,11,10,,,94.0,0.0,0.0,,,,,,,,,,,
USC00043491,1962,11,11,,,0.0,0.0,0.0,,,,,,,,,,,
USC00043491,1962,11,12,,,0.0,0.0,0.0,,,,,,,,,,,
USC00043491,1962,11,13,,,0.0,0.0,0.0,,,,,,,,,,,
USC00043491,1962,11,14,,,3.0,0.0,0.0,,,,,,,,,,,
USC00043491,1962,11,15,,,0.0,0.0,0.0,,,,,,,,,,,
USC00043491,1962,11,16,,,3.0,0.0,0.0,,,,,,,,,,,
USC00043491,1962,11,17,,,8.0,0.0,0.0,,,,,,,,,,,
USC00043491,1962,11,18,,,0.0,0.0,0.0,,,,,,,,,,,
USC00043491,1962,11,19,,,0.0,0.0,0.0,,,,,,,,,,,
USC00043491,1962,11,2,,,0.0,0.0,0.0,,,,,,,,,,,
USC00043491,1962,11,20,,,0.0,0.0,0.0,,,,,,,,,,,
USC00043491,1962,11,21,,,0.0,0.0,0.0,,,,,,,,,,,
USC00043491,1962,11,22,,,0.0,0.0,0.0,,,,,,,,,,,
USC00043491,1962,11,23,,,0.0,0.0,0.0,,,,,,,,,,,
USC00043491,1962,11,24,,,0.0,0.0,0.0,,,,,,,,,,,
USC00043491,1962,11,25,,,0.0,0.0,0.0,,,,,,,,,,,
USC00043491,1962,11,26,,,145.0,0.0,0.0,,,,,,,,,,,
USC00043491,1962,11,27,,,445.0,0.0,0.0,,,,,,,,,,,
USC00043491,1962,11,28,,,0.0,0.0,0.0,,,,,,,,,,,
USC00043491,1962,11,29,,,0.0,0.0,0.0,,,,,,,,,,,
USC00043491,1962,11,3,,,0.0,0.0,0.0,,,,,,,,,,,
USC00043491,1962,11,30,,,0.0,0.0,0.0,,,,,,,,,,,
USC00043491,1962,11,31,,,-9999.0,-9999.0,-9999.0,,,,,,,,,,,
USC00043491,1962,11,4,,,0.0,0.0,0.0,,,,,,,,,,,
USC00043491,1962,11,5,,,5.0,0.0,0.0,,,,,,,,,,,
USC00043491,1962,11,6,,,0.0,0.0,0.0,,,,,,,,,,,
USC00043491,1962,11,7,,,0.0,0.0,0.0,,,,,,,,,,,
USC00043491,1962,11,8,,,0.0,0.0,0.0,,,,,,,,,,,
USC00043491,1962,11,9,,,180.0,0.0,0.0,,,,,,,,,,,
USC00043491,1962,12,1,,,0.0,0.0,0.0,,,,,,,,,,,
USC00043491,1962,12,10,,,0.0,0.0,0.0,,,,,,,,,,,
USC00043491,1962,12,11,,,0.0,0.0,0.0,,,,,,,,,,,
USC00043491,1962,12,12,,,0.0,0.0,0.0,,,,,,,,,,,
USC00043491,1962,12,13,,,0.0,0.0,0.0,,,,,,,,,,,
USC00043491,1962,12,14,,,0.0,0.0,0.0,,,,,,,,,,,
USC00043491,1962,12,15,,,348.0,0.0,0.0,,,,,,,,,,,
USC00043491,1962,12,16,,,589.0,0.0,0.0,,,,,,,,,,,
USC00043491,1962,12,17,,,122.0,0.0,0.0,,,,,,,,,,,
USC00043491,1962,12,18,,,53.0,0.0,0.0,,,,,,,,,,,
USC00043491,1962,12,19,,,0.0,0.0,0.0,,,,,,,,,,,
USC00043491,1962,12,2,,,340.0,0.0,0.0,,,,,,,,,,,
USC00043491,1962,12,20,,,0.0,0.0,0.0,,,,,,,,,,,
USC00043491,1962,12,21,,,0.0,0.0,0.0,,,,,,,,,,,
USC00043491,1962,12,22,,,0.0,0.0,0.0,,,,,,,,,,,
USC00043491,1962,12,23,,,0.0,0.0,0.0,,,,,,,,,,,
USC00043491,1962,12,24,,,0.0,0.0,0.0,,,,,,,,,,,
USC00043491,1962,12,25,,,0.0,0.0,0.0,,,,,,,,,,,
USC00043491,1962,12,26,,,0.0,0.0,0.0,,,,,,,,,,,
USC00043491,1962,12,27,,,0.0,0.0,0.0,,,,,,,,,,,
USC00043491,1962,12,28,,,0.0,0.0,0.0,,,,,,,,,,,
USC00043491,1962,12,29,,,0.0,0.0,0.0,,,,,,,,,,,
USC00043491,1962,12,3,,,622.0,0.0,0.0,,,,,,,,,,,
USC00043491,1962,12,30,,,0.0,0.0,0.0,,,,,,,,,,,
USC00043491,1962,12,31,,,0.0,0.0,0.0,,,,,,,,,,,
USC00043491,1962,12,4,,,0.0,0.0,0.0,,,,,,,,,,,
USC00043491,1962,12,5,,,0.0,0.0,0.0,,,,,,,,,,,
USC00043491,1962,12,6,,,0.0,0.0,0.0,,,,,,,,,,,
USC00043491,1962,12,7,,,0.0,0.0,0.0,,,,,,,,,,,
USC00043491,1962,12,8,,,0.0,0.0,0.0,,,,,,,,,,,
USC00043491,1962,12,9,,,0.0,0.0,0.0,,,,,,,,,,,
USC00043491,1963,1,1,,,0.0,0.0,0.0,,,,,,,,,,,
USC00043491,1963,1,10,,,0.0,0.0,0.0,,,,,,,,,,,
USC00043491,1963,1,11,,,0.0,0.0,0.0,,,,,,,,,,,
USC00043491,1963,1,12,,,0.0,0.0,0.0,,,,,,,,,,,
USC00043491,1963,1,13,,,0.0,0.0,0.0,,,,,,,,,,,
USC00043491,1963,1,14,,,0.0,0.0,0.0,,,,,,,,,,,
USC00043491,1963,1,15,,,0.0,0.0,0.0,,,,,,,,,,,
USC00043491,1963,1,16,,,0.0,0.0,0.0,,,,,,,,,,,
USC00043491,1963,1,17,,,0.0,0.0,0.0,,,,,,,,,,,
USC00043491,1963,1,18,,,0.0,0.0,0.0,,,,,,,,,,,
USC00043491,1963,1,19,,,0.0,0.0,0.0,,,,,,,,,,,
USC00043491,1963,1,2,,,0.0,0.0,0.0,,,,,,,,,,,
USC00043491,1963,1,20,,,0.0,0.0,0.0,,,,,,,,,,,
USC00043491,1963,1,21,,,0.0,0.0,0.0,,,,,,,,,,,
USC00043491,1963,1,22,,,0.0,0.0,0.0,,,,,,,,,,,
USC00043491,1963,1,23,,,0.0,0.0,0.0,,,,,,,,,,,
USC00043491,1963,1,24,,,0.0,0.0,0.0,,,,,,,,,,,
USC00043491,1963,1,25,,,0.0,0.0,0.0,,,,,,,,,,,
USC00043491,1963,1,26,,,0.0,0.0,0.0,,,,,,,,,,,
USC00043491,1963,1,27,,,0.0,0.0,0.0,,,,,,,,,,,
USC00043491,1963,1,28,,,0.0,0.0,0.0,,,,,,,,,,,
USC00043491,1963,1,29,,,66.0,0.0,0.0,,,,,,,,,,,
USC00043491,1963,1,3,,,0.0,0.0,0.0,,,,,,,,,,,
USC00043491,1963,1,30,,,998.0,0.0,0.0,,,,,,,,,,,
USC00043491,1963,1,31,,,1209.0,0.0,0.0,,,,,,,,,,,
USC00043491,1963,1,4,,,0.0,0.0,0.0,,,,,,,,,,,
USC00043491,1963,1,5,,,0.0,0.0,0.0,,,,,,,,,,,
USC00043491,1963,1,6,,,0.0,0.0,0.0,,,,,,,,,,,
USC00043491,1963,1,7,,,0.0,0.0,0.0,,,,,,,,,,,
USC00043491,1963,1,8,,,0.0,0.0,0.0,,,,,,,,,,,
USC00043491,1963,1,9,,,0.0,0.0,0.0,,,,,,,,,,,
USC00043491,1963,2,1,,,1080.0,0.0,0.0,,,,,,,,,,,
USC00043491,1963,2,10,,,38.0,0.0,0.0,,,,,,,,,,,
USC00043491,1963,2,11,,,0.0,0.0,0.0,,,,,,,,,,,
USC00043491,1963,2,12,,,30.0,0.0,0.0,,,,,,,,,,,
USC00043491,1963,2,13,,,658.0,0.0,0.0,,,,,,,,,,,
USC00043491,1963,2,14,,,0.0,0.0,0.0,,,,,,,,,,,
USC00043491,1963,2,15,,,0.0,0.0,0.0,,,,,,,,,,,
USC00043491,1963,2,16,,,0.0,0.0,0.0,,,,,,,,,,,
USC00043491,1963,2,17,,,13.0,0.0,0.0,,,,,,,,,,,
USC00043491,1963,2,18,,,0.0,0.0,0.0,,,,,,,,,,,
USC00043491,1963,2,19,,,0.0,0.0,0.0,,,,,,,,,,,
USC00043491,1963,2,2,,,13.0,0.0,0.0,,,,,,,,,,,
USC00043491,1963,2,20,,,0.0,0.0,0.0,,,,,,,,,,,
USC00043491,1963,2,21,,,0.0,0.0,0.0,,,,,,,,,,,
USC00043491,1963,2,22,,,0.0,0.0,0.0,,,,,,,,,,,
USC00043491,1963,2,23,,,0.0,0.0,0.0,,,,,,,,,,,
USC00043491,1963,2,24,,,0.0,0.0,0.0,,,,,,,,,,,
USC00043491,1963,2,25,,,0.0,0.0,0.0,,,,,,,,,,,
USC00043491,1963,2,26,,,0.0,0.0,0.0,,,,,,,,,,,
USC00043491,1963,2,27,,,0.0,0.0,0.0,,,,,,,,,,,
USC00043491,1963,2,28,,,0.0,0.0,0.0,,,,,,,,,,,
USC00043491,1963,2,29,,,-9999.0,-9999.0,-9999.0,,,,,,,,,,,
USC00043491,1963,2,3,,,3.0,0.0,0.0,,,,,,,,,,,
USC00043491,1963,2,30,,,-9999.0,-9999.0,-9999.0,,,,,,,,,,,
USC00043491,1963,2,31,,,-9999.0,-9999.0,-9999.0,,,,,,,,,,,
USC00043491,1963,2,4,,,38.0,0.0,0.0,,,,,,,,,,,
USC00043491,1963,2,5,,,38.0,0.0,0.0,,,,,,,,,,,
USC00043491,1963,2,6,,,0.0,0.0,0.0,,,,,,,,,,,
USC00043491,1963,2,7,,,0.0,0.0,0.0,,,,,,,,,,,
USC00043491,1963,2,8,,,0.0,0.0,0.0,,,,,,,,,,,
USC00043491,1963,2,9,,,0.0,0.0,0.0,,,,,,,,,,,
USC00043491,1963,3,1,,,0.0,,,,,,,,,,,,,
USC00043491,1963,3,10,,,0.0,,,,,,,,,,,,,
USC00043491,1963,3,11,,,0.0,,,,,,,,,,,,,
USC00043491,1963,3,12,,,0.0,,,,,,,,,,,,,
USC00043491,1963,3,13,,,0.0,,,,,,,,,,,,,
USC00043491,1963,3,14,,,145.0,,,,,,,,,,,,,
USC00043491,1963,3,15,,,51.0,,,,,,,,,,,,,
USC00043491,1963,3,16,,,287.0,,,,,,,,,,,,,
USC00043491,1963,3,17,,,30.0,,,,,,,,,,,,,
USC00043491,1963,3,18,,,0.0,,,,,,,,,,,,,
USC00043491,1963,3,19,,,0.0,,,,,,,,,,,,,
USC00043491,1963,3,2,,,0.0,,,,,,,,,,,,,
USC00043491,1963,3,20,,,0.0,,,,,,,,,,,,,
USC00043491,1963,3,21,,,0.0,,,,,,,,,,,,,
USC00043491,1963,3,22,,,0.0,,,,,,,,,,,,,
USC00043491,1963,3,23,,,414.0,,,,,,,,,,,,,
USC00043491,1963,3,24,,,38.0,,,,,,,,,,,,,
USC00043491,1963,3,25,,,0.0,,,,,,,,,,,,,
USC00043491,1963,3,26,,,0.0,,,,,,,,,,,,,
USC00043491,1963,3,27,,,368.0,,,,,,,,,,,,,
USC00043491,1963,3,28,,,592.0,,,,,,,,,,,,,
USC00043491,1963,3,29,,,53.0,,,,,,,,,,,,,
USC00043491,1963,3,3,,,0.0,,,,,,,,,,,,,
USC00043491,1963,3,30,,,25.0,,,,,,,,,,,,,
USC00043491,1963,3,31,,,165.0,,,,,,,,,,,,,
USC00043491,1963,3,4,,,0.0,,,,,,,,,,,,,
USC00043491,1963,3,5,,,0.0,,,,,,,,,,,,,
USC00043491,1963,3,6,,,0.0,,,,,,,,,,,,,
USC00043491,1963,3,7,,,0.0,,,,,,,,,,,,,
USC00043491,1963,3,8,,,0.0,,,,,,,,,,,,,
USC00043491,1963,3,9,,,18.0,,,,,,,,,,,,,
USC00043491,1963,4,1,,,109.0,0.0,0.0,,,,,,,,,,,
USC00043491,1963,4,10,,,221.0,0.0,0.0,,,,,,,,,,,
USC00043491,1963,4,11,,,30.0,0.0,0.0,,,,,,,,,,,
USC00043491,1963,4,12,,,0.0,0.0,0.0,,,,,,,,,,,
USC00043491,1963,4,13,,,0.0,0.0,0.0,,,,,,,,,,,
USC00043491,1963,4,14,,,414.0,0.0,0.0,,,,,,,,,,,
USC00043491,1963,4,15,,,279.0,0.0,0.0,,,,,,,,,,,
USC00043491,1963,4,16,,,38.0,0.0,0.0,,,,,,,,,,,
USC00043491,1963,4,17,,,0.0,0.0,0.0,,,,,,,,,,,
USC00043491,1963,4,18,,,0.0,0.0,0.0,,,,,,,,,,,
USC00043491,1963,4,19,,,373.0,0.0,0.0,,,,,,,,,,,
USC00043491,1963,4,2,,,0.0,0.0,0.0,,,,,,,,,,,
USC00043491,1963,4,20,,,33.0,0.0,0.0,,,,,,,,,,,
USC00043491,1963,4,21,,,20.0,0.0,0.0,,,,,,,,,,,
USC00043491,1963,4,22,,,10.0,0.0,0.0,,,,,,,,,,,
USC00043491,1963,4,23,,,33.0,0.0,0.0,,,,,,,,,,,
USC00043491,1963,4,24,,,0.0,0.0,0.0,,,,,,,,,,,
USC00043491,1963,4,25,,,5.0,0.0,0.0,,,,,,,,,,,
USC00043491,1963,4,26,,,84.0,0.0,0.0,,,,,,,,,,,
USC00043491,1963,4,27,,,0.0,0.0,0.0,,,,,,,,,,,
USC00043491,1963,4,28,,,0.0,0.0,0.0,,,,,,,,,,,
USC00043491,1963,4,29,,,0.0,0.0,0.0,,,,,,,,,,,
USC00043491,1963,4,3,,,8.0,0.0,0.0,,,,,,,,,,,
USC00043491,1963,4,30,,,0.0,0.0,0.0,,,,,,,,,,,
USC00043491,1963,4,31,,,-9999.0,-9999.0,-9999.0,,,,,,,,,,,
USC00043491,1963,4,4,,,0.0,0.0,0.0,,,,,,,,,,,
USC00043491,1963,4,5,,,191.0,0.0,0.0,,,,,,,,,,,
USC00043491,1963,4,6,,,676.0,0.0,0.0,,,,,,,,,,,
USC00043491,1963,4,7,,,284.0,0.0,0.0,,,,,,,,,,,
USC00043491,1963,4,8,,,20.0,0.0,0.0,,,,,,,,,,,
USC00043491,1963,4,9,,,102.0,0.0,0.0,,,,,,,,,,,
USC00043491,1963,5,1,,,0.0,0.0,0.0,,,,,,,,,,,
USC00043491,1963,5,10,,,89.0,0.0,0.0,,,,,,,,,,,
USC00043491,1963,5,11,,,168.0,0.0,0.0,,,,,,,,,,,
USC00043491,1963,5,12,,,3.0,0.0,0.0,,,,,,,,,,,
USC00043491,1963,5,13,,,0.0,0.0,0.0,,,,,,,,,,,
USC00043491,1963,5,14,,,0.0,0.0,0.0,,,,,,,,,,,
USC00043491,1963,5,15,,,0.0,0.0,0.0,,,,,,,,,,,
USC00043491,1963,5,16,,,0.0,0.0,0.0,,,,,,,,,,,
USC00043491,1963,5,17,,,0.0,0.0,0.0,,,,,,,,,,,
USC00043491,1963,5,18,,,0.0,0.0,0.0,,,,,,,,,,,
USC00043491,1963,5,19,,,0.0,0.0,0.0,,,,,,,,,,,
USC00043491,1963,5,2,,,0.0,0.0,0.0,,,,,,,,,,,
USC00043491,1963,5,20,,,0.0,0.0,0.0,,,,,,,,,,,
USC00043491,1963,5,21,,,0.0,0.0,0.0,,,,,,,,,,,
USC00043491,1963,5,22,,,0.0,0.0,0.0,,,,,,,,,,,
USC00043491,1963,5,23,,,0.0,0.0,0.0,,,,,,,,,,,
USC00043491,1963,5,24,,,0.0,0.0,0.0,,,,,,,,,,,
USC00043491,1963,5,25,,,0.0,0.0,0.0,,,,,,,,,,,
USC00043491,1963,5,26,,,0.0,0.0,0.0,,,,,,,,,,,
USC00043491,1963,5,27,,,0.0,0.0,0.0,,,,,,,,,,,
USC00043491,1963,5,28,,,51.0,0.0,0.0,,,,,,,,,,,
USC00043491,1963,5,29,,,33.0,0.0,0.0,,,,,,,,,,,
USC00043491,1963,5,3,,,3.0,0.0,0.0,,,,,,,,,,,
USC00043491,1963,5,30,,,0.0,0.0,0.0,,,,,,,,,,,
USC00043491,1963,5,31,,,0.0,0.0,0.0,,,,,,,,,,,
USC00043491,1963,5,4,,,0.0,0.0,0.0,,,,,,,,,,,
USC00043491,1963,5,5,,,0.0,0.0,0.0,,,,,,,,,,,
USC00043491,1963,5,6,,,0.0,0.0,0.0,,,,,,,,,,,
USC00043491,1963,5,7,,,3.0,0.0,0.0,,,,,,,,,,,
USC00043491,1963,5,8,,,231.0,0.0,0.0,,,,,,,,,,,
USC00043491,1963,5,9,,,130.0,0.0,0.0,,,,,,,,,,,
USC00043491,1963,6,1,,,0.0,0.0,0.0,,,,,,,,,,,
USC00043491,1963,6,10,,,20.0,0.0,0.0,,,,,,,,,,,
USC00043491,1963,6,11,,,0.0,0.0,0.0,,,,,,,,,,,
USC00043491,1963,6,12,,,0.0,0.0,0.0,,,,,,,,,,,
USC00043491,1963,6,13,,,10.0,0.0,0.0,,,,,,,,,,,
USC00043491,1963,6,14,,,0.0,0.0,0.0,,,,,,,,,,,
USC00043491,1963,6,15,,,0.0,0.0,0.0,,,,,,,,,,,
USC00043491,1963,6,16,,,0.0,0.0,0.0,,,,,,,,,,,
USC00043491,1963,6,17,,,56.0,0.0,0.0,,,,,,,,,,,
USC00043491,1963,6,18,,,0.0,0.0,0.0,,,,,,,,,,,
USC00043491,1963,6,19,,,0.0,0.0,0.0,,,,,,,,,,,
USC00043491,1963,6,2,,,0.0,0.0,0.0,,,,,,,,,,,
USC00043491,1963,6,20,,,0.0,0.0,0.0,,,,,,,,,,,
USC00043491,1963,6,21,,,0.0,0.0,0.0,,,,,,,,,,,
USC00043491,1963,6,22,,,0.0,0.0,0.0,,,,,,,,,,,
USC00043491,1963,6,23,,,10.0,0.0,0.0,,,,,,,,,,,
USC00043491,1963,6,24,,,0.0,0.0,0.0,,,,,,,,,,,
USC00043491,1963,6,25,,,0.0,0.0,0.0,,,,,,,,,,,
USC00043491,1963,6,26,,,0.0,0.0,0.0,,,,,,,,,,,
USC00043491,1963,6,27,,,0.0,0.0,0.0,,,,,,,,,,,
USC00043491,1963,6,28,,,0.0,0.0,0.0,,,,,,,,,,,
USC00043491,1963,6,29,,,38.0,0.0,0.0,,,,,,,,,,,
USC00043491,1963,6,3,,,0.0,0.0,0.0,,,,,,,,,,,
USC00043491,1963,6,30,,,0.0,0.0,0.0,,,,,,,,,,,
USC00043491,1963,6,31,,,-9999.0,-9999.0,-9999.0,,,,,,,,,,,
USC00043491,1963,6,4,,,0.0,0.0,0.0,,,,,,,,,,,
USC00043491,1963,6,5,,,18.0,0.0,0.0,,,,,,,,,,,
USC00043491,1963,6,6,,,0.0,0.0,0.0,,,,,,,,,,,
USC00043491,1963,6,7,,,0.0,0.0,0.0,,,,,,,,,,,
USC00043491,1963,6,8,,,0.0,0.0,0.0,,,,,,,,,,,
USC00043491,1963,6,9,,,0.0,0.0,0.0,,,,,,,,,,,
USC00043491,1963,7,1,,,0.0,0.0,0.0,,,,,,,,,,,
USC00043491,1963,7,10,,,0.0,0.0,0.0,,,,,,,,,,,
USC00043491,1963,7,11,,,0.0,0.0,0.0,,,,,,,,,,,
USC00043491,1963,7,12,,,0.0,0.0,0.0,,,,,,,,,,,
USC00043491,1963,7,13,,,0.0,0.0,0.0,,,,,,,,,,,
USC00043491,1963,7,14,,,0.0,0.0,0.0,,,,,,,,,,,
USC00043491,1963,7,15,,,0.0,0.0,0.0,,,,,,,,,,,
USC00043491,1963,7,16,,,0.0,0.0,0.0,,,,,,,,,,,
USC00043491,1963,7,17,,,0.0,0.0,0.0,,,,,,,,,,,
USC00043491,1963,7,18,,,0.0,0.0,0.0,,,,,,,,,,,
USC00043491,1963,7,19,,,0.0,0.0,0.0,,,,,,,,,,,
USC00043491,1963,7,2,,,0.0,0.0,0.0,,,,,,,,,,,
USC00043491,1963,7,20,,,0.0,0.0,0.0,,,,,,,,,,,
USC00043491,1963,7,21,,,0.0,0.0,0.0,,,,,,,,,,,
USC00043491,1963,7,22,,,0.0,0.0,0.0,,,,,,,,,,,
USC00043491,1963,7,23,,,0.0,0.0,0.0,,,,,,,,,,,
USC00043491,1963,7,24,,,0.0,0.0,0.0,,,,,,,,,,,
USC00043491,1963,7,25,,,0.0,0.0,0.0,,,,,,,,,,,
USC00043491,1963,7,26,,,0.0,0.0,0.0,,,,,,,,,,,
USC00043491,1963,7,27,,,0.0,0.0,0.0,,,,,,,,,,,
USC00043491,1963,7,28,,,0.0,0.0,0.0,,,,,,,,,,,
USC00043491,1963,7,29,,,0.0,0.0,0.0,,,,,,,,,,,
USC00043491,1963,7,3,,,0.0,0.0,0.0,,,,,,,,,,,
USC00043491,1963,7,30,,,0.0,0.0,0.0,,,,,,,,,,,
USC00043491,1963,7,31,,,0.0,0.0,0.0,,,,,,,,,,,
USC00043491,1963,7,4,,,0.0,0.0,0.0,,,,,,,,,,,
USC00043491,1963,7,5,,,0.0,0.0,0.0,,,,,,,,,,,
USC00043491,1963,7,6,,,0.0,0.0,0.0,,,,,,,,,,,
USC00043491,1963,7,7,,,0.0,0.0,0.0,,,,,,,,,,,
USC00043491,1963,7,8,,,0.0,0.0,0.0,,,,,,,,,,,
USC00043491,1963,7,9,,,0.0,0.0,0.0,,,,,,,,,,,
USC00043491,1963,8,1,,,0.0,0.0,0.0,,,,,,,,,,,
USC00043491,1963,8,10,,,0.0,0.0,0.0,,,,,,,,,,,
USC00043491,1963,8,11,,,0.0,0.0,0.0,,,,,,,,,,,
USC00043491,1963,8,12,,,0.0,0.0,0.0,,,,,,,,,,,
USC00043491,1963,8,13,,,0.0,0.0,0.0,,,,,,,,,,,
USC00043491,1963,8,14,,,0.0,0.0,0.0,,,,,,,,,,,
USC00043491,1963,8,15,,,0.0,0.0,0.0,,,,,,,,,,,
USC00043491,1963,8,16,,,0.0,0.0,0.0,,,,,,,,,,,
USC00043491,1963,8,17,,,0.0,0.0,0.0,,,,,,,,,,,
USC00043491,1963,8,18,,,0.0,0.0,0.0,,,,,,,,,,,
USC00043491,1963,8,19,,,0.0,0.0,0.0,,,,,,,,,,,
USC00043491,1963,8,2,,,0.0,0.0,0.0,,,,,,,,,,,
USC00043491,1963,8,20,,,0.0,0.0,0.0,,,,,,,,,,,
USC00043491,1963,8,21,,,0.0,0.0,0.0,,,,,,,,,,,
USC00043491,1963,8,22,,,0.0,0.0,0.0,,,,,,,,,,,
USC00043491,1963,8,23,,,0.0,0.0,0.0,,,,,,,,,,,
USC00043491,1963,8,24,,,0.0,0.0,0.0,,,,,,,,,,,
USC00043491,1963,8,25,,,0.0,0.0,0.0,,,,,,,,,,,
USC00043491,1963,8,26,,,0.0,0.0,0.0,,,,,,,,,,,
USC00043491,1963,8,27,,,0.0,0.0,0.0,,,,,,,,,,,
USC00043491,1963,8,28,,,0.0,0.0,0.0,,,,,,,,,,,
USC00043491,1963,8,29,,,0.0,0.0,0.0,,,,,,,,,,,
USC00043491,1963,8,3,,,0.0,0.0,0.0,,,,,,,,,,,
USC00043491,1963,8,30,,,0.0,0.0,0.0,,,,,,,,,,,
USC00043491,1963,8,31,,,0.0,0.0,0.0,,,,,,,,,,,
USC00043491,1963,8,4,,,0.0,0.0,0.0,,,,,,,,,,,
USC00043491,1963,8,5,,,0.0,0.0,0.0,,,,,,,,,,,
USC00043491,1963,8,6,,,0.0,0.0,0.0,,,,,,,,,,,
USC00043491,1963,8,7,,,0.0,0.0,0.0,,,,,,,,,,,
USC00043491,1963,8,8,,,0.0,0.0,0.0,,,,,,,,,,,
USC00043491,1963,8,9,,,5.0,0.0,0.0,,,,,,,,,,,
USC00043491,1963,9,1,,,0.0,0.0,0.0,,,,,,,,,,,
USC00043491,1963,9,10,,,0.0,0.0,0.0,,,,,,,,,,,
USC00043491,1963,9,11,,,0.0,0.0,0.0,,,,,,,,,,,
USC00043491,1963,9,12,,,84.0,0.0,0.0,,,,,,,,,,,
USC00043491,1963,9,13,,,38.0,0.0,0.0,,,,,,,,,,,
USC00043491,1963,9,14,,,0.0,0.0,0.0,,,,,,,,,,,
USC00043491,1963,9,15,,,0.0,0.0,0.0,,,,,,,,,,,
USC00043491,1963,9,16,,,0.0,0.0,0.0,,,,,,,,,,,
USC00043491,1963,9,17,,,3.0,0.0,0.0,,,,,,,,,,,
USC00043491,1963,9,18,,,3.0,0.0,0.0,,,,,,,,,,,
USC00043491,1963,9,19,,,33.0,0.0,0.0,,,,,,,,,,,
USC00043491,1963,9,2,,,0.0,0.0,0.0,,,,,,,,,,,
USC00043491,1963,9,20,,,0.0,0.0,0.0,,,,,,,,,,,
USC00043491,1963,9,21,,,0.0,0.0,0.0,,,,,,,,,,,
USC00043491,1963,9,22,,,0.0,0.0,0.0,,,,,,,,,,,
USC00043491,1963,9,23,,,0.0,0.0,0.0,,,,,,,,,,,
USC00043491,1963,9,24,,,0.0,0.0,0.0,,,,,,,,,,,
USC00043491,1963,9,25,,,0.0,0.0,0.0,,,,,,,,,,,
USC00043491,1963,9,26,,,0.0,0.0,0.0,,,,,,,,,,,
USC00043491,1963,9,27,,,0.0,0.0,0.0,,,,,,,,,,,
USC00043491,1963,9,28,,,0.0,0.0,0.0,,,,,,,,,,,
USC00043491,1963,9,29,,,0.0,0.0,0.0,,,,,,,,,,,
USC00043491,1963,9,3,,,0.0,0.0,0.0,,,,,,,,,,,
USC00043491,1963,9,30,,,0.0,0.0,0.0,,,,,,,,,,,
USC00043491,1963,9,31,,,-9999.0,-9999.0,-9999.0,,,,,,,,,,,
USC00043491,1963,9,4,,,0.0,0.0,0.0,,,,,,,,,,,
USC00043491,1963,9,5,,,5.0,0.0,0.0,,,,,,,,,,,
USC00043491,1963,9,6,,,0.0,0.0,0.0,,,,,,,,,,,
USC00043491,1963,9,7,,,0.0,0.0,0.0,,,,,,,,,,,
USC00043491,1963,9,8,,,0.0,0.0,0.0,,,,,,,,,,,
USC00043491,1963,9,9,,,0.0,0.0,0.0,,,,,,,,,,,
USC00043491,1963,10,1,,,0.0,0.0,0.0,,,,,,,,,,,
USC00043491,1963,10,10,,,0.0,0.0,0.0,,,,,,,,,,,
USC00043491,1963,10,11,,,470.0,0.0,0.0,,,,,,,,,,,
USC00043491,1963,10,12,,,0.0,0.0,0.0,,,,,,,,,,,
USC00043491,1963,10,13,,,0.0,0.0,0.0,,,,,,,,,,,
USC00043491,1963,10,14,,,0.0,0.0,0.0,,,,,,,,,,,
USC00043491,1963,10,15,,,0.0,0.0,0.0,,,,,,,,,,,
USC00043491,1963,10,16,,,0.0,0.0,0.0,,,,,,,,,,,
USC00043491,1963,10,17,,,0.0,0.0,0.0,,,,,,,,,,,
USC00043491,1963,10,18,,,0.0,0.0,0.0,,,,,,,,,,,
USC00043491,1963,10,19,,,0.0,0.0,0.0,,,,,,,,,,,
USC00043491,1963,10,2,,,0.0,0.0,0.0,,,,,,,,,,,
USC00043491,1963,10,20,,,0.0,0.0,0.0,,,,,,,,,,,
USC00043491,1963,10,21,,,0.0,0.0,0.0,,,,,,,,,,,
USC00043491,1963,10,22,,,0.0,0.0,0.0,,,,,,,,,,,
USC00043491,1963,10,23,,,175.0,0.0,0.0,,,,,,,,,,,
USC00043491,1963,10,24,,,0.0,0.0,0.0,,,,,,,,,,,
USC00043491,1963,10,25,,,0.0,0.0,0.0,,,,,,,,,,,
USC00043491,1963,10,26,,,0.0,0.0,0.0,,,,,,,,,,,
USC00043491,1963,10,27,,,0.0,0.0,0.0,,,,,,,,,,,
USC00043491,1963,10,28,,,0.0,0.0,0.0,,,,,,,,,,,
USC00043491,1963,10,29,,,15.0,0.0,0.0,,,,,,,,,,,
USC00043491,1963,10,3,,,0.0,0.0,0.0,,,,,,,,,,,
USC00043491,1963,10,30,,,0.0,0.0,0.0,,,,,,,,,,,
USC00043491,1963,10,31,,,0.0,0.0,0.0,,,,,,,,,,,
USC00043491,1963,10,4,,,0.0,0.0,0.0,,,,,,,,,,,
USC00043491,1963,10,5,,,18.0,0.0,0.0,,,,,,,,,,,
USC00043491,1963,10,6,,,0.0,0.0,0.0,,,,,,,,,,,
USC00043491,1963,10,7,,,0.0,0.0,0.0,,,,,,,,,,,
USC00043491,1963,10,8,,,0.0,0.0,0.0,,,,,,,,,,,
USC00043491,1963,10,9,,,69.0,0.0,0.0,,,,,,,,,,,
USC00043491,1963,11,1,,,0.0,0.0,0.0,,,,,,,,,,,
USC00043491,1963,11,10,,,0.0,0.0,0.0,,,,,,,,,,,
USC00043491,1963,11,11,,,0.0,0.0,0.0,,,,,,,,,,,
USC00043491,1963,11,12,,,0.0,0.0,0.0,,,,,,,,,,,
USC00043491,1963,11,13,,,0.0,0.0,0.0,,,,,,,,,,,
USC00043491,1963,11,14,,,460.0,0.0,0.0,,,,,,,,,,,
USC00043491,1963,11,15,,,305.0,0.0,0.0,,,,,,,,,,,
USC00043491,1963,11,16,,,25.0,0.0,0.0,,,,,,,,,,,
USC00043491,1963,11,17,,,0.0,0.0,0.0,,,,,,,,,,,
USC00043491,1963,11,18,,,0.0,0.0,0.0,,,,,,,,,,,
USC00043491,1963,11,19,,,157.0,0.0,0.0,,,,,,,,,,,
USC00043491,1963,11,2,,,10.0,0.0,0.0,,,,,,,,,,,
USC00043491,1963,11,20,,,284.0,0.0,0.0,,,,,,,,,,,
USC00043491,1963,11,21,,,13.0,0.0,0.0,,,,,,,,,,,
USC00043491,1963,11,22,,,0.0,0.0,0.0,,,,,,,,,,,
USC00043491,1963,11,23,,,528.0,0.0,0.0,,,,,,,,,,,
USC00043491,1963,11,24,,,94.0,0.0,0.0,,,,,,,,,,,
USC00043491,1963,11,25,,,0.0,0.0,0.0,,,,,,,,,,,
USC00043491,1963,11,26,,,0.0,0.0,0.0,,,,,,,,,,,
USC00043491,1963,11,27,,,0.0,0.0,0.0,,,,,,,,,,,
USC00043491,1963,11,28,,,0.0,0.0,0.0,,,,,,,,,,,
USC00043491,1963,11,29,,,0.0,0.0,0.0,,,,,,,,,,,
USC00043491,1963,11,3,,,10.0,0.0,0.0,,,,,,,,,,,
USC00043491,1963,11,30,,,0.0,0.0,0.0,,,,,,,,,,,
USC00043491,1963,11,31,,,-9999.0,-9999.0,-9999.0,,,,,,,,,,,
USC00043491,1963,11,4,,,391.0,0.0,0.0,,,,,,,,,,,
USC00043491,1963,11,5,,,297.0,0.0,0.0,,,,,,,,,,,
USC00043491,1963,11,6,,,470.0,0.0,0.0,,,,,,,,,,,
USC00043491,1963,11,7,,,43.0,0.0,0.0,,,,,,,,,,,
USC00043491,1963,11,8,,,130.0,0.0,0.0,,,,,,,,,,,
USC00043491,1963,11,9,,,43.0,0.0,0.0,,,,,,,,,,,
USC00043491,1963,12,1,,,0.0,0.0,0.0,,,,,,,,,,,
USC00043491,1963,12,10,,,0.0,0.0,0.0,,,,,,,,,,,
USC00043491,1963,12,11,,,0.0,0.0,0.0,,,,,,,,,,,
USC00043491,1963,12,12,,,0.0,0.0,0.0,,,,,,,,,,,
USC00043491,1963,12,13,,,0.0,0.0,0.0,,,,,,,,,,,
USC00043491,1963,12,14,,,0.0,0.0,0.0,,,,,,,,,,,
USC00043491,1963,12,15,,,0.0,0.0,0.0,,,,,,,,,,,
USC00043491,1963,12,16,,,0.0,0.0,0.0,,,,,,,,,,,
USC00043491,1963,12,17,,,0.0,0.0,0.0,,,,,,,,,,,
USC00043491,1963,12,18,,,0.0,0.0,0.0,,,,,,,,,,,
USC00043491,1963,12,19,,,15.0,0.0,0.0,,,,,,,,,,,
USC00043491,1963,12,2,,,0.0,0.0,0.0,,,,,,,,,,,
USC00043491,1963,12,20,,,104.0,0.0,0.0,,,,,,,,,,,
USC00043491,1963,12,21,,,0.0,0.0,0.0,,,,,,,,,,,
USC00043491,1963,12,22,,,0.0,0.0,0.0,,,,,,,,,,,
USC00043491,1963,12,23,,,0.0,0.0,0.0,,,,,,,,,,,
USC00043491,1963,12,24,,,0.0,0.0,0.0,,,,,,,,,,,
USC00043491,1963,12,25,,,0.0,0.0,0.0,,,,,,,,,,,
USC00043491,1963,12,26,,,0.0,0.0,0.0,,,,,,,,,,,
USC00043491,1963,12,27,,,0.0,0.0,0.0,,,,,,,,,,,
USC00043491,1963,12,28,,,0.0,0.0,0.0,,,,,,,,,,,
USC00043491,1963,12,29,,,0.0,0.0,0.0,,,,,,,,,,,
USC00043491,1963,12,3,,,0.0,0.0,0.0,,,,,,,,,,,
USC00043491,1963,12,30,,,0.0,0.0,0.0,,,,,,,,,,,
USC00043491,1963,12,31,,,0.0,0.0,0.0,,,,,,,,,,,
USC00043491,1963,12,4,,,0.0,0.0,0.0,,,,,,,,,,,
USC00043491,1963,12,5,,,0.0,0.0,0.0,,,,,,,,,,,
USC00043491,1963,12,6,,,0.0,0.0,0.0,,,,,,,,,,,
USC00043491,1963,12,7,,,0.0,0.0,0.0,,,,,,,,,,,
USC00043491,1963,12,8,,,5.0,0.0,0.0,,,,,,,,,,,
USC00043491,1963,12,9,,,145.0,0.0,0.0,,,,,,,,,,,
USC00043491,1964,1,1,,,0.0,,,,,,,,,,,,,
USC00043491,1964,1,10,,,99.0,,,,,,,,,,,,,
USC00043491,1964,1,11,,,0.0,,,,,,,,,,,,,
USC00043491,1964,1,12,,,0.0,,,,,,,,,,,,,
USC00043491,1964,1,13,,,0.0,,,,,,,,,,,,,
USC00043491,1964,1,14,,,119.0,,,,,,,,,,,,,
USC00043491,1964,1,15,,,0.0,,,,,,,,,,,,,
USC00043491,1964,1,16,,,10.0,,,,,,,,,,,,,
USC00043491,1964,1,17,,,81.0,,,,,,,,,,,,,
USC00043491,1964,1,18,,,439.0,,,,,,,,,,,,,
USC00043491,1964,1,19,,,569.0,,,,,,,,,,,,,
USC00043491,1964,1,2,,,28.0,,,,,,,,,,,,,
USC00043491,1964,1,20,,,259.0,,,,,,,,,,,,,
USC00043491,1964,1,21,,,762.0,,,,,,,,,,,,,
USC00043491,1964,1,22,,,366.0,,,,,,,,,,,,,
USC00043491,1964,1,23,,,66.0,,,,,,,,,,,,,
USC00043491,1964,1,24,,,0.0,,,,,,,,,,,,,
USC00043491,1964,1,25,,,0.0,,,,,,,,,,,,,
USC00043491,1964,1,26,,,0.0,,,,,,,,,,,,,
USC00043491,1964,1,27,,,0.0,,,,,,,,,,,,,
USC00043491,1964,1,28,,,0.0,,,,,,,,,,,,,
USC00043491,1964,1,29,,,13.0,,,,,,,,,,,,,
USC00043491,1964,1,3,,,0.0,,,,,,,,,,,,,
USC00043491,1964,1,30,,,0.0,,,,,,,,,,,,,
USC00043491,1964,1,31,,,0.0,,,,,,,,,,,,,
USC00043491,1964,1,4,,,0.0,,,,,,,,,,,,,
USC00043491,1964,1,5,,,0.0,,,,,,,,,,,,,
USC00043491,1964,1,6,,,0.0,,,,,,,,,,,,,
USC00043491,1964,1,7,,,51.0,,,,,,,,,,,,,
USC00043491,1964,1,8,,,0.0,,,,,,,,,,,,,
USC00043491,1964,1,9,,,0.0,,,,,,,,,,,,,
USC00043491,1964,2,1,,,0.0,0.0,,,,,,,,,,,,
USC00043491,1964,2,10,,,0.0,0.0,,,,,,,,,,,,
USC00043491,1964,2,11,,,0.0,0.0,,,,,,,,,,,,
USC00043491,1964,2,12,,,0.0,0.0,,,,,,,,,,,,
USC00043491,1964,2,13,,,0.0,0.0,,,,,,,,,,,,
USC00043491,1964,2,14,,,0.0,0.0,,,,,,,,,,,,
USC00043491,1964,2,15,,,112.0,-9999.0,,,,,,,,,,,,
USC00043491,1964,2,16,,,0.0,0.0,,,,,,,,,,,,
USC00043491,1964,2,17,,,0.0,0.0,,,,,,,,,,,,
USC00043491,1964,2,18,,,0.0,0.0,,,,,,,,,,,,
USC00043491,1964,2,19,,,0.0,0.0,,,,,,,,,,,,
USC00043491,1964,2,2,,,0.0,0.0,,,,,,,,,,,,
USC00043491,1964,2,20,,,0.0,0.0,,,,,,,,,,,,
USC00043491,1964,2,21,,,0.0,0.0,,,,,,,,,,,,
USC00043491,1964,2,22,,,0.0,0.0,,,,,,,,,,,,
USC00043491,1964,2,23,,,0.0,0.0,,,,,,,,,,,,
USC00043491,1964,2,24,,,0.0,0.0,,,,,,,,,,,,
USC00043491,1964,2,25,,,0.0,0.0,,,,,,,,,,,,
USC00043491,1964,2,26,,,0.0,0.0,,,,,,,,,,,,
USC00043491,1964,2,27,,,0.0,0.0,,,,,,,,,,,,
USC00043491,1964,2,28,,,0.0,0.0,,,,,,,,,,,,
USC00043491,1964,2,29,,,94.0,-9999.0,,,,,,,,,,,,
USC00043491,1964,2,3,,,0.0,0.0,,,,,,,,,,,,
USC00043491,1964,2,30,,,-9999.0,-9999.0,,,,,,,,,,,,
USC00043491,1964,2,31,,,-9999.0,-9999.0,,,,,,,,,,,,
USC00043491,1964,2,4,,,0.0,0.0,,,,,,,,,,,,
USC00043491,1964,2,5,,,0.0,0.0,,,,,,,,,,,,
USC00043491,1964,2,6,,,0.0,0.0,,,,,,,,,,,,
USC00043491,1964,2,7,,,0.0,0.0,,,,,,,,,,,,
USC00043491,1964,2,8,,,0.0,0.0,,,,,,,,,,,,
USC00043491,1964,2,9,,,0.0,0.0,,,,,,,,,,,,
USC00043491,1964,3,1,,,206.0,,,,,,,,,,,,,
USC00043491,1964,3,10,,,0.0,,,,,,,,,,,,,
USC00043491,1964,3,11,,,0.0,,,,,,,,,,,,,
USC00043491,1964,3,12,,,297.0,,,,,,,,,,,,,
USC00043491,1964,3,13,,,64.0,,,,,,,,,,,,,
USC00043491,1964,3,14,,,0.0,,,,,,,,,,,,,
USC00043491,1964,3,15,,,0.0,,,,,,,,,,,,,
USC00043491,1964,3,16,,,0.0,,,,,,,,,,,,,
USC00043491,1964,3,17,,,0.0,,,,,,,,,,,,,
USC00043491,1964,3,18,,,0.0,,,,,,,,,,,,,
USC00043491,1964,3,19,,,0.0,,,,,,,,,,,,,
USC00043491,1964,3,2,,,33.0,,,,,,,,,,,,,
USC00043491,1964,3,20,,,0.0,,,,,,,,,,,,,
USC00043491,1964,3,21,,,102.0,,,,,,,,,,,,,
USC00043491,1964,3,22,,,259.0,,,,,,,,,,,,,
USC00043491,1964,3,23,,,94.0,,,,,,,,,,,,,
USC00043491,1964,3,24,,,163.0,,,,,,,,,,,,,
USC00043491,1964,3,25,,,0.0,,,,,,,,,,,,,
USC00043491,1964,3,26,,,0.0,,,,,,,,,,,,,
USC00043491,1964,3,27,,,0.0,,,,,,,,,,,,,
USC00043491,1964,3,28,,,0.0,,,,,,,,,,,,,
USC00043491,1964,3,29,,,0.0,,,,,,,,,,,,,
USC00043491,1964,3,3,,,0.0,,,,,,,,,,,,,
USC00043491,1964,3,30,,,0.0,,,,,,,,,,,,,
USC00043491,1964,3,31,,,102.0,,,,,,,,,,,,,
USC00043491,1964,3,4,,,0.0,,,,,,,,,,,,,
USC00043491,1964,3,5,,,0.0,,,,,,,,,,,,,
USC00043491,1964,3,6,,,15.0,,,,,,,,,,,,,
USC00043491,1964,3,7,,,0.0,,,,,,,,,,,,,
USC00043491,1964,3,8,,,0.0,,,,,,,,,,,,,
USC00043491,1964,3,9,,,3.0,,,,,,,,,,,,,
USC00043491,1964,4,1,,,297.0,0.0,0.0,,,,,,,,,,,
USC00043491,1964,4,10,,,0.0,0.0,0.0,,,,,,,,,,,
USC00043491,1964,4,11,,,0.0,0.0,0.0,,,,,,,,,,,
USC00043491,1964,4,12,,,0.0,0.0,0.0,,,,,,,,,,,
USC00043491,1964,4,13,,,0.0,0.0,0.0,,,,,,,,,,,
USC00043491,1964,4,14,,,0.0,0.0,0.0,,,,,,,,,,,
USC00043491,1964,4,15,,,0.0,0.0,0.0,,,,,,,,,,,
USC00043491,1964,4,16,,,0.0,0.0,0.0,,,,,,,,,,,
USC00043491,1964,4,17,,,0.0,0.0,0.0,,,,,,,,,,,
USC00043491,1964,4,18,,,0.0,0.0,0.0,,,,,,,,,,,
USC00043491,1964,4,19,,,0.0,0.0,0.0,,,,,,,,,,,
USC00043491,1964,4,2,,,0.0,0.0,0.0,,,,,,,,,,,
USC00043491,1964,4,20,,,0.0,0.0,0.0,,,,,,,,,,,
USC00043491,1964,4,21,,,0.0,0.0,0.0,,,,,,,,,,,
USC00043491,1964,4,22,,,0.0,0.0,0.0,,,,,,,,,,,
USC00043491,1964,4,23,,,86.0,0.0,0.0,,,,,,,,,,,
USC00043491,1964,4,24,,,3.0,0.0,0.0,,,,,,,,,,,
USC00043491,1964,4,25,,,0.0,0.0,0.0,,,,,,,,,,,
USC00043491,1964,4,26,,,0.0,0.0,0.0,,,,,,,,,,,
USC00043491,1964,4,27,,,0.0,0.0,0.0,,,,,,,,,,,
USC00043491,1964,4,28,,,0.0,0.0,0.0,,,,,,,,,,,
USC00043491,1964,4,29,,,0.0,0.0,0.0,,,,,,,,,,,
USC00043491,1964,4,3,,,0.0,0.0,0.0,,,,,,,,,,,
USC00043491,1964,4,30,,,0.0,0.0,0.0,,,,,,,,,,,
USC00043491,1964,4,31,,,-9999.0,-9999.0,-9999.0,,,,,,,,,,,
USC00043491,1964,4,4,,,0.0,0.0,0.0,,,,,,,,,,,
USC00043491,1964,4,5,,,25.0,0.0,0.0,,,,,,,,,,,
USC00043491,1964,4,6,,,0.0,0.0,0.0,,,,,,,,,,,
USC00043491,1964,4,7,,,0.0,0.0,0.0,,,,,,,,,,,
USC00043491,1964,4,8,,,0.0,0.0,0.0,,,,,,,,,,,
USC00043491,1964,4,9,,,0.0,0.0,0.0,,,,,,,,,,,
USC00043491,1964,5,1,,,64.0,0.0,0.0,,,,,,,,,,,
USC00043491,1964,5,10,,,0.0,0.0,0.0,,,,,,,,,,,
USC00043491,1964,5,11,,,0.0,0.0,0.0,,,,,,,,,,,
USC00043491,1964,5,12,,,0.0,0.0,0.0,,,,,,,,,,,
USC00043491,1964,5,13,,,0.0,0.0,0.0,,,,,,,,,,,
USC00043491,1964,5,14,,,0.0,0.0,0.0,,,,,,,,,,,
USC00043491,1964,5,15,,,0.0,0.0,0.0,,,,,,,,,,,
USC00043491,1964,5,16,,,76.0,0.0,0.0,,,,,,,,,,,
USC00043491,1964,5,17,,,0.0,0.0,0.0,,,,,,,,,,,
USC00043491,1964,5,18,,,0.0,0.0,0.0,,,,,,,,,,,
USC00043491,1964,5,19,,,0.0,0.0,0.0,,,,,,,,,,,
USC00043491,1964,5,2,,,13.0,0.0,0.0,,,,,,,,,,,
USC00043491,1964,5,20,,,0.0,0.0,0.0,,,,,,,,,,,
USC00043491,1964,5,21,,,0.0,0.0,0.0,,,,,,,,,,,
USC00043491,1964,5,22,,,0.0,0.0,0.0,,,,,,,,,,,
USC00043491,1964,5,23,,,0.0,0.0,0.0,,,,,,,,,,,
USC00043491,1964,5,24,,,0.0,0.0,0.0,,,,,,,,,,,
USC00043491,1964,5,25,,,0.0,0.0,0.0,,,,,,,,,,,
USC00043491,1964,5,26,,,64.0,0.0,0.0,,,,,,,,,,,
USC00043491,1964,5,27,,,122.0,0.0,0.0,,,,,,,,,,,
USC00043491,1964,5,28,,,0.0,0.0,0.0,,,,,,,,,,,
USC00043491,1964,5,29,,,0.0,0.0,0.0,,,,,,,,,,,
USC00043491,1964,5,3,,,335.0,0.0,0.0,,,,,,,,,,,
USC00043491,1964,5,30,,,0.0,0.0,0.0,,,,,,,,,,,
USC00043491,1964,5,31,,,0.0,0.0,0.0,,,,,,,,,,,
USC00043491,1964,5,4,,,18.0,0.0,0.0,,,,,,,,,,,
USC00043491,1964,5,5,,,163.0,0.0,0.0,,,,,,,,,,,
USC00043491,1964,5,6,,,191.0,0.0,0.0,,,,,,,,,,,
USC00043491,1964,5,7,,,10.0,0.0,0.0,,,,,,,,,,,
USC00043491,1964,5,8,,,0.0,0.0,0.0,,,,,,,,,,,
USC00043491,1964,5,9,,,0.0,0.0,0.0,,,,,,,,,,,
USC00043491,1964,6,1,,,0.0,0.0,0.0,,,,,,,,,,,
USC00043491,1964,6,10,,,13.0,0.0,0.0,,,,,,,,,,,
USC00043491,1964,6,11,,,0.0,0.0,0.0,,,,,,,,,,,
USC00043491,1964,6,12,,,0.0,0.0,0.0,,,,,,,,,,,
USC00043491,1964,6,13,,,0.0,0.0,0.0,,,,,,,,,,,
USC00043491,1964,6,14,,,0.0,0.0,0.0,,,,,,,,,,,
USC00043491,1964,6,15,,,20.0,0.0,0.0,,,,,,,,,,,
USC00043491,1964,6,16,,,3.0,0.0,0.0,,,,,,,,,,,
USC00043491,1964,6,17,,,0.0,0.0,0.0,,,,,,,,,,,
USC00043491,1964,6,18,,,0.0,0.0,0.0,,,,,,,,,,,
USC00043491,1964,6,19,,,0.0,0.0,0.0,,,,,,,,,,,
USC00043491,1964,6,2,,,0.0,0.0,0.0,,,,,,,,,,,
USC00043491,1964,6,20,,,0.0,0.0,0.0,,,,,,,,,,,
USC00043491,1964,6,21,,,0.0,0.0,0.0,,,,,,,,,,,
USC00043491,1964,6,22,,,0.0,0.0,0.0,,,,,,,,,,,
USC00043491,1964,6,23,,,0.0,0.0,0.0,,,,,,,,,,,
USC00043491,1964,6,24,,,0.0,0.0,0.0,,,,,,,,,,,
USC00043491,1964,6,25,,,0.0,0.0,0.0,,,,,,,,,,,
USC00043491,1964,6,26,,,0.0,0.0,0.0,,,,,,,,,,,
USC00043491,1964,6,27,,,0.0,0.0,0.0,,,,,,,,,,,
USC00043491,1964,6,28,,,0.0,0.0,0.0,,,,,,,,,,,
USC00043491,1964,6,29,,,0.0,0.0,0.0,,,,,,,,,,,
USC00043491,1964,6,3,,,0.0,0.0,0.0,,,,,,,,,,,
USC00043491,1964,6,30,,,0.0,0.0,0.0,,,,,,,,,,,
USC00043491,1964,6,31,,,-9999.0,-9999.0,-9999.0,,,,,,,,,,,
USC00043491,1964,6,4,,,0.0,0.0,0.0,,,,,,,,,,,
USC00043491,1964,6,5,,,13.0,0.0,0.0,,,,,,,,,,,
USC00043491,1964,6,6,,,46.0,0.0,0.0,,,,,,,,,,,
USC00043491,1964,6,7,,,368.0,0.0,0.0,,,,,,,,,,,
USC00043491,1964,6,8,,,119.0,0.0,0.0,,,,,,,,,,,
USC00043491,1964,6,9,,,28.0,0.0,0.0,,,,,,,,,,,
USC00043491,1964,8,1,,,0.0,0.0,0.0,,,,,,,,,,,
USC00043491,1964,8,10,,,0.0,0.0,0.0,,,,,,,,,,,
USC00043491,1964,8,11,,,0.0,0.0,0.0,,,,,,,,,,,
USC00043491,1964,8,12,,,0.0,0.0,0.0,,,,,,,,,,,
USC00043491,1964,8,13,,,0.0,0.0,0.0,,,,,,,,,,,
USC00043491,1964,8,14,,,0.0,0.0,0.0,,,,,,,,,,,
USC00043491,1964,8,15,,,0.0,0.0,0.0,,,,,,,,,,,
USC00043491,1964,8,16,,,0.0,0.0,0.0,,,,,,,,,,,
USC00043491,1964,8,17,,,0.0,0.0,0.0,,,,,,,,,,,
USC00043491,1964,8,18,,,0.0,0.0,0.0,,,,,,,,,,,
USC00043491,1964,8,19,,,0.0,0.0,0.0,,,,,,,,,,,
USC00043491,1964,8,2,,,0.0,0.0,0.0,,,,,,,,,,,
USC00043491,1964,8,20,,,0.0,0.0,0.0,,,,,,,,,,,
USC00043491,1964,8,21,,,0.0,0.0,0.0,,,,,,,,,,,
USC00043491,1964,8,22,,,0.0,0.0,0.0,,,,,,,,,,,
USC00043491,1964,8,23,,,0.0,0.0,0.0,,,,,,,,,,,
USC00043491,1964,8,24,,,0.0,0.0,0.0,,,,,,,,,,,
USC00043491,1964,8,25,,,0.0,0.0,0.0,,,,,,,,,,,
USC00043491,1964,8,26,,,0.0,0.0,0.0,,,,,,,,,,,
USC00043491,1964,8,27,,,0.0,0.0,0.0,,,,,,,,,,,
USC00043491,1964,8,28,,,0.0,0.0,0.0,,,,,,,,,,,
USC00043491,1964,8,29,,,0.0,0.0,0.0,,,,,,,,,,,
USC00043491,1964,8,3,,,0.0,0.0,0.0,,,,,,,,,,,
USC00043491,1964,8,30,,,0.0,0.0,0.0,,,,,,,,,,,
USC00043491,1964,8,31,,,99.0,0.0,0.0,,,,,,,,,,,
USC00043491,1964,8,4,,,0.0,0.0,0.0,,,,,,,,,,,
USC00043491,1964,8,5,,,0.0,0.0,0.0,,,,,,,,,,,
USC00043491,1964,8,6,,,0.0,0.0,0.0,,,,,,,,,,,
USC00043491,1964,8,7,,,0.0,0.0,0.0,,,,,,,,,,,
USC00043491,1964,8,8,,,0.0,0.0,0.0,,,,,,,,,,,
USC00043491,1964,8,9,,,0.0,0.0,0.0,,,,,,,,,,,
USC00043491,1964,9,1,,,3.0,0.0,0.0,,,,,,,,,,,
USC00043491,1964,9,10,,,0.0,0.0,0.0,,,,,,,,,,,
USC00043491,1964,9,11,,,0.0,0.0,0.0,,,,,,,,,,,
USC00043491,1964,9,12,,,0.0,0.0,0.0,,,,,,,,,,,
USC00043491,1964,9,13,,,0.0,0.0,0.0,,,,,,,,,,,
USC00043491,1964,9,14,,,0.0,0.0,0.0,,,,,,,,,,,
USC00043491,1964,9,15,,,0.0,0.0,0.0,,,,,,,,,,,
USC00043491,1964,9,16,,,0.0,0.0,0.0,,,,,,,,,,,
USC00043491,1964,9,17,,,0.0,0.0,0.0,,,,,,,,,,,
USC00043491,1964,9,18,,,0.0,0.0,0.0,,,,,,,,,,,
USC00043491,1964,9,19,,,0.0,0.0,0.0,,,,,,,,,,,
USC00043491,1964,9,2,,,8.0,0.0,0.0,,,,,,,,,,,
USC00043491,1964,9,20,,,0.0,0.0,0.0,,,,,,,,,,,
USC00043491,1964,9,21,,,0.0,0.0,0.0,,,,,,,,,,,
USC00043491,1964,9,22,,,0.0,0.0,0.0,,,,,,,,,,,
USC00043491,1964,9,23,,,0.0,0.0,0.0,,,,,,,,,,,
USC00043491,1964,9,24,,,0.0,0.0,0.0,,,,,,,,,,,
USC00043491,1964,9,25,,,0.0,0.0,0.0,,,,,,,,,,,
USC00043491,1964,9,26,,,0.0,0.0,0.0,,,,,,,,,,,
USC00043491,1964,9,27,,,0.0,0.0,0.0,,,,,,,,,,,
USC00043491,1964,9,28,,,0.0,0.0,0.0,,,,,,,,,,,
USC00043491,1964,9,29,,,0.0,0.0,0.0,,,,,,,,,,,
USC00043491,1964,9,3,,,0.0,0.0,0.0,,,,,,,,,,,
USC00043491,1964,9,30,,,0.0,0.0,0.0,,,,,,,,,,,
USC00043491,1964,9,31,,,-9999.0,-9999.0,-9999.0,,,,,,,,,,,
USC00043491,1964,9,4,,,0.0,0.0,0.0,,,,,,,,,,,
USC00043491,1964,9,5,,,0.0,0.0,0.0,,,,,,,,,,,
USC00043491,1964,9,6,,,0.0,0.0,0.0,,,,,,,,,,,
USC00043491,1964,9,7,,,0.0,0.0,0.0,,,,,,,,,,,
USC00043491,1964,9,8,,,0.0,0.0,0.0,,,,,,,,,,,
USC00043491,1964,9,9,,,0.0,0.0,0.0,,,,,,,,,,,
USC00043491,1964,10,1,,,0.0,0.0,0.0,,,,,,,,,,,
USC00043491,1964,10,10,,,0.0,0.0,0.0,,,,,,,,,,,
USC00043491,1964,10,11,,,0.0,0.0,0.0,,,,,,,,,,,
USC00043491,1964,10,12,,,0.0,0.0,0.0,,,,,,,,,,,
USC00043491,1964,10,13,,,0.0,0.0,0.0,,,,,,,,,,,
USC00043491,1964,10,14,,,0.0,0.0,0.0,,,,,,,,,,,
USC00043491,1964,10,15,,,0.0,0.0,0.0,,,,,,,,,,,
USC00043491,1964,10,16,,,0.0,0.0,0.0,,,,,,,,,,,
USC00043491,1964,10,17,,,0.0,0.0,0.0,,,,,,,,,,,
USC00043491,1964,10,18,,,0.0,0.0,0.0,,,,,,,,,,,
USC00043491,1964,10,19,,,0.0,0.0,0.0,,,,,,,,,,,
USC00043491,1964,10,2,,,0.0,0.0,0.0,,,,,,,,,,,
USC00043491,1964,10,20,,,0.0,0.0,0.0,,,,,,,,,,,
USC00043491,1964,10,21,,,0.0,0.0,0.0,,,,,,,,,,,
USC00043491,1964,10,22,,,0.0,0.0,0.0,,,,,,,,,,,
USC00043491,1964,10,23,,,0.0,0.0,0.0,,,,,,,,,,,
USC00043491,1964,10,24,,,0.0,0.0,0.0,,,,,,,,,,,
USC00043491,1964,10,25,,,0.0,0.0,0.0,,,,,,,,,,,
USC00043491,1964,10,26,,,0.0,0.0,0.0,,,,,,,,,,,
USC00043491,1964,10,27,,,0.0,0.0,0.0,,,,,,,,,,,
USC00043491,1964,10,28,,,25.0,0.0,0.0,,,,,,,,,,,
USC00043491,1964,10,29,,,445.0,0.0,0.0,,,,,,,,,,,
USC00043491,1964,10,3,,,0.0,0.0,0.0,,,,,,,,,,,
USC00043491,1964,10,30,,,28.0,0.0,0.0,,,,,,,,,,,
USC00043491,1964,10,31,,,0.0,0.0,0.0,,,,,,,,,,,
USC00043491,1964,10,4,,,0.0,0.0,0.0,,,,,,,,,,,
USC00043491,1964,10,5,,,0.0,0.0,0.0,,,,,,,,,,,
USC00043491,1964,10,6,,,0.0,0.0,0.0,,,,,,,,,,,
USC00043491,1964,10,7,,,0.0,0.0,0.0,,,,,,,,,,,
USC00043491,1964,10,8,,,0.0,0.0,0.0,,,,,,,,,,,
USC00043491,1964,10,9,,,0.0,0.0,0.0,,,,,,,,,,,
USC00043491,1964,11,1,,,467.0,0.0,0.0,,,,,,,,,,,
USC00043491,1964,11,10,,,404.0,0.0,0.0,,,,,,,,,,,
USC00043491,1964,11,11,,,290.0,0.0,0.0,,,,,,,,,,,
USC00043491,1964,11,12,,,292.0,0.0,0.0,,,,,,,,,,,
USC00043491,1964,11,13,,,66.0,0.0,0.0,,,,,,,,,,,
USC00043491,1964,11,14,,,0.0,0.0,0.0,,,,,,,,,,,
USC00043491,1964,11,15,,,0.0,0.0,0.0,,,,,,,,,,,
USC00043491,1964,11,16,,,0.0,0.0,0.0,,,,,,,,,,,
USC00043491,1964,11,17,,,0.0,0.0,0.0,,,,,,,,,,,
USC00043491,1964,11,18,,,0.0,0.0,0.0,,,,,,,,,,,
USC00043491,1964,11,19,,,0.0,0.0,0.0,,,,,,,,,,,
USC00043491,1964,11,2,,,203.0,0.0,0.0,,,,,,,,,,,
USC00043491,1964,11,20,,,0.0,0.0,0.0,,,,,,,,,,,
USC00043491,1964,11,21,,,0.0,0.0,0.0,,,,,,,,,,,
USC00043491,1964,11,22,,,0.0,0.0,0.0,,,,,,,,,,,
USC00043491,1964,11,23,,,0.0,0.0,0.0,,,,,,,,,,,
USC00043491,1964,11,24,,,5.0,0.0,0.0,,,,,,,,,,,
USC00043491,1964,11,25,,,64.0,0.0,0.0,,,,,,,,,,,
USC00043491,1964,11,26,,,150.0,0.0,0.0,,,,,,,,,,,
USC00043491,1964,11,27,,,3.0,0.0,0.0,,,,,,,,,,,
USC00043491,1964,11,28,,,193.0,0.0,0.0,,,,,,,,,,,
USC00043491,1964,11,29,,,13.0,0.0,0.0,,,,,,,,,,,
USC00043491,1964,11,3,,,0.0,0.0,0.0,,,,,,,,,,,
USC00043491,1964,11,30,,,0.0,0.0,0.0,,,,,,,,,,,
USC00043491,1964,11,31,,,-9999.0,-9999.0,-9999.0,,,,,,,,,,,
USC00043491,1964,11,4,,,0.0,0.0,0.0,,,,,,,,,,,
USC00043491,1964,11,5,,,0.0,0.0,0.0,,,,,,,,,,,
USC00043491,1964,11,6,,,0.0,0.0,0.0,,,,,,,,,,,
USC00043491,1964,11,7,,,0.0,0.0,0.0,,,,,,,,,,,
USC00043491,1964,11,8,,,48.0,0.0,0.0,,,,,,,,,,,
USC00043491,1964,11,9,,,607.0,0.0,0.0,,,,,,,,,,,
USC00043491,1964,12,1,,,216.0,,,,,,,,,,,,,
USC00043491,1964,12,10,,,69.0,,,,,,,,,,,,,
USC00043491,1964,12,11,,,462.0,,,,,,,,,,,,,
USC00043491,1964,12,12,,,0.0,,,,,,,,,,,,,
USC00043491,1964,12,13,,,0.0,,,,,,,,,,,,,
USC00043491,1964,12,14,,,0.0,,,,,,,,,,,,,
USC00043491,1964,12,15,,,20.0,,,,,,,,,,,,,
USC00043491,1964,12,16,,,0.0,,,,,,,,,,,,,
USC00043491,1964,12,17,,,0.0,,,,,,,,,,,,,
USC00043491,1964,12,18,,,3.0,,,,,,,,,,,,,
USC00043491,1964,12,19,,,460.0,,,,,,,,,,,,,
USC00043491,1964,12,2,,,213.0,,,,,,,,,,,,,
USC00043491,1964,12,20,,,645.0,,,,,,,,,,,,,
USC00043491,1964,12,21,,,1029.0,,,,,,,,,,,,,
USC00043491,1964,12,22,,,1814.0,,,,,,,,,,,,,
USC00043491,1964,12,23,,,978.0,,,,,,,,,,,,,
USC00043491,1964,12,24,,,559.0,,,,,,,,,,,,,
USC00043491,1964,12,25,,,231.0,,,,,,,,,,,,,
USC00043491,1964,12,26,,,488.0,,,,,,,,,,,,,
USC00043491,1964,12,27,,,340.0,,,,,,,,,,,,,
USC00043491,1964,12,28,,,150.0,,,,,,,,,,,,,
USC00043491,1964,12,29,,,330.0,,,,,,,,,,,,,
USC00043491,1964,12,3,,,23.0,,,,,,,,,,,,,
USC00043491,1964,12,30,,,185.0,,,,,,,,,,,,,
USC00043491,1964,12,31,,,117.0,,,,,,,,,,,,,
USC00043491,1964,12,4,,,13.0,,,,,,,,,,,,,
USC00043491,1964,12,5,,,0.0,,,,,,,,,,,,,
USC00043491,1964,12,6,,,0.0,,,,,,,,,,,,,
USC00043491,1964,12,7,,,15.0,,,,,,,,,,,,,
USC00043491,1964,12,8,,,0.0,,,,,,,,,,,,,
USC00043491,1964,12,9,,,13.0,,,,,,,,,,,,,
USC00043491,1965,1,1,,,0.0,,,,,,,,,,,,,
USC00043491,1965,1,10,,,0.0,,,,,,,,,,,,,
USC00043491,1965,1,11,,,71.0,,,,,,,,,,,,,
USC00043491,1965,1,12,,,0.0,,,,,,,,,,,,,
USC00043491,1965,1,13,,,0.0,,,,,,,,,,,,,
USC00043491,1965,1,14,,,0.0,,,,,,,,,,,,,
USC00043491,1965,1,15,,,0.0,,,,,,,,,,,,,
USC00043491,1965,1,16,,,0.0,,,,,,,,,,,,,
USC00043491,1965,1,17,,,0.0,,,,,,,,,,,,,
USC00043491,1965,1,18,,,0.0,,,,,,,,,,,,,
USC00043491,1965,1,19,,,97.0,,,,,,,,,,,,,
USC00043491,1965,1,2,,,5.0,,,,,,,,,,,,,
USC00043491,1965,1,20,,,0.0,,,,,,,,,,,,,
USC00043491,1965,1,21,,,0.0,,,,,,,,,,,,,
USC00043491,1965,1,22,,,3.0,,,,,,,,,,,,,
USC00043491,1965,1,23,,,193.0,,,,,,,,,,,,,
USC00043491,1965,1,24,,,396.0,,,,,,,,,,,,,
USC00043491,1965,1,25,,,8.0,,,,,,,,,,,,,
USC00043491,1965,1,26,,,13.0,,,,,,,,,,,,,
USC00043491,1965,1,27,,,0.0,,,,,,,,,,,,,
USC00043491,1965,1,28,,,0.0,,,,,,,,,,,,,
USC00043491,1965,1,29,,,0.0,,,,,,,,,,,,,
USC00043491,1965,1,3,,,508.0,,,,,,,,,,,,,
USC00043491,1965,1,30,,,0.0,,,,,,,,,,,,,
USC00043491,1965,1,31,,,0.0,,,,,,,,,,,,,
USC00043491,1965,1,4,,,516.0,,,,,,,,,,,,,
USC00043491,1965,1,5,,,417.0,,,,,,,,,,,,,
USC00043491,1965,1,6,,,777.0,,,,,,,,,,,,,
USC00043491,1965,1,7,,,218.0,,,,,,,,,,,,,
USC00043491,1965,1,8,,,0.0,,,,,,,,,,,,,
USC00043491,1965,1,9,,,10.0,,,,,,,,,,,,,
USC00043491,1965,2,1,,,0.0,0.0,0.0,,,,,,,,,,,
USC00043491,1965,2,10,,,0.0,0.0,0.0,,,,,,,,,,,
USC00043491,1965,2,11,,,0.0,0.0,0.0,,,,,,,,,,,
USC00043491,1965,2,12,,,0.0,0.0,0.0,,,,,,,,,,,
USC00043491,1965,2,13,,,0.0,0.0,0.0,,,,,,,,,,,
USC00043491,1965,2,14,,,13.0,0.0,0.0,,,,,,,,,,,
USC00043491,1965,2,15,,,0.0,0.0,0.0,,,,,,,,,,,
USC00043491,1965,2,16,,,0.0,0.0,0.0,,,,,,,,,,,
USC00043491,1965,2,17,,,0.0,0.0,0.0,,,,,,,,,,,
USC00043491,1965,2,18,,,0.0,0.0,0.0,,,,,,,,,,,
USC00043491,1965,2,19,,,0.0,0.0,0.0,,,,,,,,,,,
USC00043491,1965,2,2,,,0.0,0.0,0.0,,,,,,,,,,,
USC00043491,1965,2,20,,,0.0,0.0,0.0,,,,,,,,,,,
USC00043491,1965,2,21,,,0.0,0.0,0.0,,,,,,,,,,,
USC00043491,1965,2,22,,,0.0,0.0,0.0,,,,,,,,,,,
USC00043491,1965,2,23,,,0.0,0.0,0.0,,,,,,,,,,,
USC00043491,1965,2,24,,,0.0,0.0,0.0,,,,,,,,,,,
USC00043491,1965,2,25,,,0.0,0.0,0.0,,,,,,,,,,,
USC00043491,1965,2,26,,,0.0,0.0,0.0,,,,,,,,,,,
USC00043491,1965,2,27,,,302.0,0.0,0.0,,,,,,,,,,,
USC00043491,1965,2,28,,,0.0,0.0,0.0,,,,,,,,,,,
USC00043491,1965,2,29,,,-9999.0,-9999.0,-9999.0,,,,,,,,,,,
USC00043491,1965,2,3,,,0.0,0.0,0.0,,,,,,,,,,,
USC00043491,1965,2,30,,,-9999.0,-9999.0,-9999.0,,,,,,,,,,,
USC00043491,1965,2,31,,,-9999.0,-9999.0,-9999.0,,,,,,,,,,,
USC00043491,1965,2,4,,,0.0,0.0,0.0,,,,,,,,,,,
USC00043491,1965,2,5,,,246.0,0.0,0.0,,,,,,,,,,,
USC00043491,1965,2,6,,,3.0,0.0,0.0,,,,,,,,,,,
USC00043491,1965,2,7,,,0.0,0.0,0.0,,,,,,,,,,,
USC00043491,1965,2,8,,,0.0,0.0,0.0,,,,,,,,,,,
USC00043491,1965,2,9,,,0.0,0.0,0.0,,,,,,,,,,,
USC00043491,1965,3,1,,,0.0,0.0,0.0,,,,,,,,,,,
USC00043491,1965,3,10,,,15.0,0.0,0.0,,,,,,,,,,,
USC00043491,1965,3,11,,,0.0,0.0,0.0,,,,,,,,,,,
USC00043491,1965,3,12,,,188.0,0.0,0.0,,,,,,,,,,,
USC00043491,1965,3,13,,,10.0,0.0,0.0,,,,,,,,,,,
USC00043491,1965,3,14,,,0.0,0.0,0.0,,,,,,,,,,,
USC00043491,1965,3,15,,,0.0,0.0,0.0,,,,,,,,,,,
USC00043491,1965,3,16,,,0.0,0.0,0.0,,,,,,,,,,,
USC00043491,1965,3,17,,,0.0,0.0,0.0,,,,,,,,,,,
USC00043491,1965,3,18,,,0.0,0.0,0.0,,,,,,,,,,,
USC00043491,1965,3,19,,,0.0,0.0,0.0,,,,,,,,,,,
USC00043491,1965,3,2,,,0.0,0.0,0.0,,,,,,,,,,,
USC00043491,1965,3,20,,,0.0,0.0,0.0,,,,,,,,,,,
USC00043491,1965,3,21,,,0.0,0.0,0.0,,,,,,,,,,,
USC00043491,1965,3,22,,,0.0,0.0,0.0,,,,,,,,,,,
USC00043491,1965,3,23,,,0.0,0.0,0.0,,,,,,,,,,,
USC00043491,1965,3,24,,,71.0,0.0,0.0,,,,,,,,,,,
USC00043491,1965,3,25,,,13.0,0.0,0.0,,,,,,,,,,,
USC00043491,1965,3,26,,,246.0,0.0,0.0,,,,,,,,,,,
USC00043491,1965,3,27,,,457.0,0.0,0.0,,,,,,,,,,,
USC00043491,1965,3,28,,,0.0,0.0,0.0,,,,,,,,,,,
USC00043491,1965,3,29,,,0.0,0.0,0.0,,,,,,,,,,,
USC00043491,1965,3,3,,,0.0,0.0,0.0,,,,,,,,,,,
USC00043491,1965,3,30,,,0.0,0.0,0.0,,,,,,,,,,,
USC00043491,1965,3,31,,,43.0,0.0,0.0,,,,,,,,,,,
USC00043491,1965,3,4,,,0.0,0.0,0.0,,,,,,,,,,,
USC00043491,1965,3,5,,,0.0,0.0,0.0,,,,,,,,,,,
USC00043491,1965,3,6,,,38.0,0.0,0.0,,,,,,,,,,,
USC00043491,1965,3,7,,,5.0,0.0,0.0,,,,,,,,,,,
USC00043491,1965,3,8,,,0.0,0.0,0.0,,,,,,,,,,,
USC00043491,1965,3,9,,,0.0,0.0,0.0,,,,,,,,,,,
USC00043491,1965,4,1,,,102.0,0.0,0.0,,,,,,,,,,,
USC00043491,1965,4,10,,,244.0,0.0,0.0,,,,,,,,,,,
USC00043491,1965,4,11,,,13.0,0.0,0.0,,,,,,,,,,,
USC00043491,1965,4,12,,,5.0,0.0,0.0,,,,,,,,,,,
USC00043491,1965,4,13,,,56.0,0.0,0.0,,,,,,,,,,,
USC00043491,1965,4,14,,,3.0,0.0,0.0,,,,,,,,,,,
USC00043491,1965,4,15,,,84.0,0.0,0.0,,,,,,,,,,,
USC00043491,1965,4,16,,,480.0,0.0,0.0,,,,,,,,,,,
USC00043491,1965,4,17,,,0.0,0.0,0.0,,,,,,,,,,,
USC00043491,1965,4,18,,,41.0,0.0,0.0,,,,,,,,,,,
USC00043491,1965,4,19,,,69.0,0.0,0.0,,,,,,,,,,,
USC00043491,1965,4,2,,,46.0,0.0,0.0,,,,,,,,,,,
USC00043491,1965,4,20,,,10.0,0.0,0.0,,,,,,,,,,,
USC00043491,1965,4,21,,,86.0,0.0,0.0,,,,,,,,,,,
USC00043491,1965,4,22,,,0.0,0.0,0.0,,,,,,,,,,,
USC00043491,1965,4,23,,,0.0,0.0,0.0,,,,,,,,,,,
USC00043491,1965,4,24,,,0.0,0.0,0.0,,,,,,,,,,,
USC00043491,1965,4,25,,,0.0,0.0,0.0,,,,,,,,,,,
USC00043491,1965,4,26,,,0.0,0.0,0.0,,,,,,,,,,,
USC00043491,1965,4,27,,,0.0,0.0,0.0,,,,,,,,,,,
USC00043491,1965,4,28,,,0.0,0.0,0.0,,,,,,,,,,,
USC00043491,1965,4,29,,,0.0,0.0,0.0,,,,,,,,,,,
USC00043491,1965,4,3,,,8.0,0.0,0.0,,,,,,,,,,,
USC00043491,1965,4,30,,,0.0,0.0,0.0,,,,,,,,,,,
USC00043491,1965,4,31,,,-9999.0,-9999.0,-9999.0,,,,,,,,,,,
USC00043491,1965,4,4,,,0.0,0.0,0.0,,,,,,,,,,,
USC00043491,1965,4,5,,,10.0,0.0,0.0,,,,,,,,,,,
USC00043491,1965,4,6,,,155.0,0.0,0.0,,,,,,,,,,,
USC00043491,1965,4,7,,,8.0,0.0,0.0,,,,,,,,,,,
USC00043491,1965,4,8,,,203.0,0.0,0.0,,,,,,,,,,,
USC00043491,1965,4,9,,,493.0,0.0,0.0,,,,,,,,,,,
USC00043491,1965,5,1,,,0.0,0.0,0.0,,,,,,,,,,,
USC00043491,1965,5,10,,,0.0,0.0,0.0,,,,,,,,,,,
USC00043491,1965,5,11,,,0.0,0.0,0.0,,,,,,,,,,,
USC00043491,1965,5,12,,,0.0,0.0,0.0,,,,,,,,,,,
USC00043491,1965,5,13,,,0.0,0.0,0.0,,,,,,,,,,,
USC00043491,1965,5,14,,,0.0,0.0,0.0,,,,,,,,,,,
USC00043491,1965,5,15,,,0.0,0.0,0.0,,,,,,,,,,,
USC00043491,1965,5,16,,,0.0,0.0,0.0,,,,,,,,,,,
USC00043491,1965,5,17,,,0.0,0.0,0.0,,,,,,,,,,,
USC00043491,1965,5,18,,,0.0,0.0,0.0,,,,,,,,,,,
USC00043491,1965,5,19,,,0.0,0.0,0.0,,,,,,,,,,,
USC00043491,1965,5,2,,,0.0,0.0,0.0,,,,,,,,,,,
USC00043491,1965,5,20,,,0.0,0.0,0.0,,,,,,,,,,,
USC00043491,1965,5,21,,,0.0,0.0,0.0,,,,,,,,,,,
USC00043491,1965,5,22,,,89.0,0.0,0.0,,,,,,,,,,,
USC00043491,1965,5,23,,,0.0,0.0,0.0,,,,,,,,,,,
USC00043491,1965,5,24,,,0.0,0.0,0.0,,,,,,,,,,,
USC00043491,1965,5,25,,,0.0,0.0,0.0,,,,,,,,,,,
USC00043491,1965,5,26,,,0.0,0.0,0.0,,,,,,,,,,,
USC00043491,1965,5,27,,,0.0,0.0,0.0,,,,,,,,,,,
USC00043491,1965,5,28,,,0.0,0.0,0.0,,,,,,,,,,,
USC00043491,1965,5,29,,,0.0,0.0,0.0,,,,,,,,,,,
USC00043491,1965,5,3,,,0.0,0.0,0.0,,,,,,,,,,,
USC00043491,1965,5,30,,,0.0,0.0,0.0,,,,,,,,,,,
USC00043491,1965,5,31,,,0.0,0.0,0.0,,,,,,,,,,,
USC00043491,1965,5,4,,,0.0,0.0,0.0,,,,,,,,,,,
USC00043491,1965,5,5,,,0.0,0.0,0.0,,,,,,,,,,,
USC00043491,1965,5,6,,,0.0,0.0,0.0,,,,,,,,,,,
USC00043491,1965,5,7,,,0.0,0.0,0.0,,,,,,,,,,,
USC00043491,1965,5,8,,,0.0,0.0,0.0,,,,,,,,,,,
USC00043491,1965,5,9,,,0.0,0.0,0.0,,,,,,,,,,,
USC00043491,1965,6,1,,,0.0,0.0,0.0,,,,,,,,,,,
USC00043491,1965,6,10,,,0.0,0.0,0.0,,,,,,,,,,,
USC00043491,1965,6,11,,,0.0,0.0,0.0,,,,,,,,,,,
USC00043491,1965,6,12,,,0.0,0.0,0.0,,,,,,,,,,,
USC00043491,1965,6,13,,,0.0,0.0,0.0,,,,,,,,,,,
USC00043491,1965,6,14,,,0.0,0.0,0.0,,,,,,,,,,,
USC00043491,1965,6,15,,,0.0,0.0,0.0,,,,,,,,,,,
USC00043491,1965,6,16,,,107.0,0.0,0.0,,,,,,,,,,,
USC00043491,1965,6,17,,,76.0,0.0,0.0,,,,,,,,,,,
USC00043491,1965,6,18,,,5.0,0.0,0.0,,,,,,,,,,,
USC00043491,1965,6,19,,,0.0,0.0,0.0,,,,,,,,,,,
USC00043491,1965,6,2,,,8.0,0.0,0.0,,,,,,,,,,,
USC00043491,1965,6,20,,,0.0,0.0,0.0,,,,,,,,,,,
USC00043491,1965,6,21,,,10.0,0.0,0.0,,,,,,,,,,,
USC00043491,1965,6,22,,,0.0,0.0,0.0,,,,,,,,,,,
USC00043491,1965,6,23,,,0.0,0.0,0.0,,,,,,,,,,,
USC00043491,1965,6,24,,,0.0,0.0,0.0,,,,,,,,,,,
USC00043491,1965,6,25,,,0.0,0.0,0.0,,,,,,,,,,,
USC00043491,1965,6,26,,,0.0,0.0,0.0,,,,,,,,,,,
USC00043491,1965,6,27,,,0.0,0.0,0.0,,,,,,,,,,,
USC00043491,1965,6,28,,,0.0,0.0,0.0,,,,,,,,,,,
USC00043491,1965,6,29,,,0.0,0.0,0.0,,,,,,,,,,,
USC00043491,1965,6,3,,,0.0,0.0,0.0,,,,,,,,,,,
USC00043491,1965,6,30,,,0.0,0.0,0.0,,,,,,,,,,,
USC00043491,1965,6,31,,,-9999.0,-9999.0,-9999.0,,,,,,,,,,,
USC00043491,1965,6,4,,,0.0,0.0,0.0,,,,,,,,,,,
USC00043491,1965,6,5,,,0.0,0.0,0.0,,,,,,,,,,,
USC00043491,1965,6,6,,,0.0,0.0,0.0,,,,,,,,,,,
USC00043491,1965,6,7,,,0.0,0.0,0.0,,,,,,,,,,,
USC00043491,1965,6,8,,,0.0,0.0,0.0,,,,,,,,,,,
USC00043491,1965,6,9,,,0.0,0.0,0.0,,,,,,,,,,,
USC00043491,1965,7,1,,,0.0,0.0,0.0,,,,,,,,,,,
USC00043491,1965,7,10,,,0.0,0.0,0.0,,,,,,,,,,,
USC00043491,1965,7,11,,,0.0,0.0,0.0,,,,,,,,,,,
USC00043491,1965,7,12,,,0.0,0.0,0.0,,,,,,,,,,,
USC00043491,1965,7,13,,,0.0,0.0,0.0,,,,,,,,,,,
USC00043491,1965,7,14,,,0.0,0.0,0.0,,,,,,,,,,,
USC00043491,1965,7,15,,,0.0,0.0,0.0,,,,,,,,,,,
USC00043491,1965,7,16,,,0.0,0.0,0.0,,,,,,,,,,,
USC00043491,1965,7,17,,,0.0,0.0,0.0,,,,,,,,,,,
USC00043491,1965,7,18,,,3.0,0.0,0.0,,,,,,,,,,,
USC00043491,1965,7,19,,,0.0,0.0,0.0,,,,,,,,,,,
USC00043491,1965,7,2,,,0.0,0.0,0.0,,,,,,,,,,,
USC00043491,1965,7,20,,,0.0,0.0,0.0,,,,,,,,,,,
USC00043491,1965,7,21,,,0.0,0.0,0.0,,,,,,,,,,,
USC00043491,1965,7,22,,,0.0,0.0,0.0,,,,,,,,,,,
USC00043491,1965,7,23,,,0.0,0.0,0.0,,,,,,,,,,,
USC00043491,1965,7,24,,,0.0,0.0,0.0,,,,,,,,,,,
USC00043491,1965,7,25,,,8.0,0.0,0.0,,,,,,,,,,,
USC00043491,1965,7,26,,,0.0,0.0,0.0,,,,,,,,,,,
USC00043491,1965,7,27,,,0.0,0.0,0.0,,,,,,,,,,,
USC00043491,1965,7,28,,,0.0,0.0,0.0,,,,,,,,,,,
USC00043491,1965,7,29,,,0.0,0.0,0.0,,,,,,,,,,,
USC00043491,1965,7,3,,,0.0,0.0,0.0,,,,,,,,,,,
USC00043491,1965,7,30,,,0.0,0.0,0.0,,,,,,,,,,,
USC00043491,1965,7,31,,,0.0,0.0,0.0,,,,,,,,,,,
USC00043491,1965,7,4,,,0.0,0.0,0.0,,,,,,,,,,,
USC00043491,1965,7,5,,,0.0,0.0,0.0,,,,,,,,,,,
USC00043491,1965,7,6,,,0.0,0.0,0.0,,,,,,,,,,,
USC00043491,1965,7,7,,,0.0,0.0,0.0,,,,,,,,,,,
USC00043491,1965,7,8,,,0.0,0.0,0.0,,,,,,,,,,,
USC00043491,1965,7,9,,,0.0,0.0,0.0,,,,,,,,,,,
USC00043491,1965,8,1,,,0.0,0.0,0.0,,,,,,,,,,,
USC00043491,1965,8,10,,,10.0,0.0,0.0,,,,,,,,,,,
USC00043491,1965,8,11,,,127.0,0.0,0.0,,,,,,,,,,,
USC00043491,1965,8,12,,,102.0,0.0,0.0,,,,,,,,,,,
USC00043491,1965,8,13,,,0.0,0.0,0.0,,,,,,,,,,,
USC00043491,1965,8,14,,,0.0,0.0,0.0,,,,,,,,,,,
USC00043491,1965,8,15,,,0.0,0.0,0.0,,,,,,,,,,,
USC00043491,1965,8,16,,,0.0,0.0,0.0,,,,,,,,,,,
USC00043491,1965,8,17,,,0.0,0.0,0.0,,,,,,,,,,,
USC00043491,1965,8,18,,,0.0,0.0,0.0,,,,,,,,,,,
USC00043491,1965,8,19,,,0.0,0.0,0.0,,,,,,,,,,,
USC00043491,1965,8,2,,,0.0,0.0,0.0,,,,,,,,,,,
USC00043491,1965,8,20,,,0.0,0.0,0.0,,,,,,,,,,,
USC00043491,1965,8,21,,,0.0,0.0,0.0,,,,,,,,,,,
USC00043491,1965,8,22,,,0.0,0.0,0.0,,,,,,,,,,,
USC00043491,1965,8,23,,,0.0,0.0,0.0,,,,,,,,,,,
USC00043491,1965,8,24,,,0.0,0.0,0.0,,,,,,,,,,,
USC00043491,1965,8,25,,,0.0,0.0,0.0,,,,,,,,,,,
USC00043491,1965,8,26,,,0.0,0.0,0.0,,,,,,,,,,,
USC00043491,1965,8,27,,,0.0,0.0,0.0,,,,,,,,,,,
USC00043491,1965,8,28,,,0.0,0.0,0.0,,,,,,,,,,,
USC00043491,1965,8,29,,,0.0,0.0,0.0,,,,,,,,,,,
USC00043491,1965,8,3,,,0.0,0.0,0.0,,,,,,,,,,,
USC00043491,1965,8,30,,,0.0,0.0,0.0,,,,,,,,,,,
USC00043491,1965,8,31,,,0.0,0.0,0.0,,,,,,,,,,,
USC00043491,1965,8,4,,,0.0,0.0,0.0,,,,,,,,,,,
USC00043491,1965,8,5,,,0.0,0.0,0.0,,,,,,,,,,,
USC00043491,1965,8,6,,,0.0,0.0,0.0,,,,,,,,,,,
USC00043491,1965,8,7,,,0.0,0.0,0.0,,,,,,,,,,,
USC00043491,1965,8,8,,,0.0,0.0,0.0,,,,,,,,,,,
USC00043491,1965,8,9,,,0.0,0.0,0.0,,,,,,,,,,,
USC00043491,1965,9,1,,,0.0,0.0,0.0,,,,,,,,,,,
USC00043491,1965,9,10,,,0.0,0.0,0.0,,,,,,,,,,,
USC00043491,1965,9,11,,,0.0,0.0,0.0,,,,,,,,,,,
USC00043491,1965,9,12,,,0.0,0.0,0.0,,,,,,,,,,,
USC00043491,1965,9,13,,,0.0,0.0,0.0,,,,,,,,,,,
USC00043491,1965,9,14,,,0.0,0.0,0.0,,,,,,,,,,,
USC00043491,1965,9,15,,,0.0,0.0,0.0,,,,,,,,,,,
USC00043491,1965,9,16,,,0.0,0.0,0.0,,,,,,,,,,,
USC00043491,1965,9,17,,,0.0,0.0,0.0,,,,,,,,,,,
USC00043491,1965,9,18,,,0.0,0.0,0.0,,,,,,,,,,,
USC00043491,1965,9,19,,,0.0,0.0,0.0,,,,,,,,,,,
USC00043491,1965,9,2,,,0.0,0.0,0.0,,,,,,,,,,,
USC00043491,1965,9,20,,,0.0,0.0,0.0,,,,,,,,,,,
USC00043491,1965,9,21,,,0.0,0.0,0.0,,,,,,,,,,,
USC00043491,1965,9,22,,,0.0,0.0,0.0,,,,,,,,,,,
USC00043491,1965,9,23,,,0.0,0.0,0.0,,,,,,,,,,,
USC00043491,1965,9,24,,,0.0,0.0,0.0,,,,,,,,,,,
USC00043491,1965,9,25,,,0.0,0.0,0.0,,,,,,,,,,,
USC00043491,1965,9,26,,,0.0,0.0,0.0,,,,,,,,,,,
USC00043491,1965,9,27,,,13.0,0.0,0.0,,,,,,,,,,,
USC00043491,1965,9,28,,,5.0,0.0,0.0,,,,,,,,,,,
USC00043491,1965,9,29,,,0.0,0.0,0.0,,,,,,,,,,,
USC00043491,1965,9,3,,,0.0,0.0,0.0,,,,,,,,,,,
USC00043491,1965,9,30,,,0.0,0.0,0.0,,,,,,,,,,,
USC00043491,1965,9,31,,,-9999.0,-9999.0,-9999.0,,,,,,,,,,,
USC00043491,1965,9,4,,,0.0,0.0,0.0,,,,,,,,,,,
USC00043491,1965,9,5,,,0.0,0.0,0.0,,,,,,,,,,,
USC00043491,1965,9,6,,,76.0,0.0,0.0,,,,,,,,,,,
USC00043491,1965,9,7,,,30.0,0.0,0.0,,,,,,,,,,,
USC00043491,1965,9,8,,,0.0,0.0,0.0,,,,,,,,,,,
USC00043491,1965,9,9,,,0.0,0.0,0.0,,,,,,,,,,,
USC00043491,1965,10,1,,,0.0,0.0,0.0,,,,,,,,,,,
USC00043491,1965,10,10,,,0.0,0.0,0.0,,,,,,,,,,,
USC00043491,1965,10,11,,,0.0,0.0,0.0,,,,,,,,,,,
USC00043491,1965,10,12,,,0.0,0.0,0.0,,,,,,,,,,,
USC00043491,1965,10,13,,,0.0,0.0,0.0,,,,,,,,,,,
USC00043491,1965,10,14,,,91.0,0.0,0.0,,,,,,,,,,,
USC00043491,1965,10,15,,,102.0,0.0,0.0,,,,,,,,,,,
USC00043491,1965,10,16,,,0.0,0.0,0.0,,,,,,,,,,,
USC00043491,1965,10,17,,,0.0,0.0,0.0,,,,,,,,,,,
USC00043491,1965,10,18,,,0.0,0.0,0.0,,,,,,,,,,,
USC00043491,1965,10,19,,,0.0,0.0,0.0,,,,,,,,,,,
USC00043491,1965,10,2,,,0.0,0.0,0.0,,,,,,,,,,,
USC00043491,1965,10,20,,,0.0,0.0,0.0,,,,,,,,,,,
USC00043491,1965,10,21,,,0.0,0.0,0.0,,,,,,,,,,,
USC00043491,1965,10,22,,,0.0,0.0,0.0,,,,,,,,,,,
USC00043491,1965,10,23,,,0.0,0.0,0.0,,,,,,,,,,,
USC00043491,1965,10,24,,,0.0,0.0,0.0,,,,,,,,,,,
USC00043491,1965,10,25,,,0.0,0.0,0.0,,,,,,,,,,,
USC00043491,1965,10,26,,,0.0,0.0,0.0,,,,,,,,,,,
USC00043491,1965,10,27,,,0.0,0.0,0.0,,,,,,,,,,,
USC00043491,1965,10,28,,,0.0,0.0,0.0,,,,,,,,,,,
USC00043491,1965,10,29,,,0.0,0.0,0.0,,,,,,,,,,,
USC00043491,1965,10,3,,,0.0,0.0,0.0,,,,,,,,,,,
USC00043491,1965,10,30,,,0.0,0.0,0.0,,,,,,,,,,,
USC00043491,1965,10,31,,,0.0,0.0,0.0,,,,,,,,,,,
USC00043491,1965,10,4,,,0.0,0.0,0.0,,,,,,,,,,,
USC00043491,1965,10,5,,,0.0,0.0,0.0,,,,,,,,,,,
USC00043491,1965,10,6,,,0.0,0.0,0.0,,,,,,,,,,,
USC00043491,1965,10,7,,,0.0,0.0,0.0,,,,,,,,,,,
USC00043491,1965,10,8,,,0.0,0.0,0.0,,,,,,,,,,,
USC00043491,1965,10,9,,,0.0,0.0,0.0,,,,,,,,,,,
USC00043491,1965,11,1,,,0.0,0.0,0.0,,,,,,,,,,,
USC00043491,1965,11,10,,,0.0,0.0,0.0,,,,,,,,,,,
USC00043491,1965,11,11,,,0.0,0.0,0.0,,,,,,,,,,,
USC00043491,1965,11,12,,,66.0,0.0,0.0,,,,,,,,,,,
USC00043491,1965,11,13,,,91.0,0.0,0.0,,,,,,,,,,,
USC00043491,1965,11,14,,,478.0,0.0,0.0,,,,,,,,,,,
USC00043491,1965,11,15,,,43.0,0.0,0.0,,,,,,,,,,,
USC00043491,1965,11,16,,,48.0,0.0,0.0,,,,,,,,,,,
USC00043491,1965,11,17,,,246.0,0.0,0.0,,,,,,,,,,,
USC00043491,1965,11,18,,,856.0,0.0,0.0,,,,,,,,,,,
USC00043491,1965,11,19,,,30.0,0.0,0.0,,,,,,,,,,,
USC00043491,1965,11,2,,,0.0,0.0,0.0,,,,,,,,,,,
USC00043491,1965,11,20,,,0.0,0.0,0.0,,,,,,,,,,,
USC00043491,1965,11,21,,,0.0,0.0,0.0,,,,,,,,,,,
USC00043491,1965,11,22,,,0.0,0.0,0.0,,,,,,,,,,,
USC00043491,1965,11,23,,,216.0,-9999.0,-9999.0,,,,,,,,,,,
USC00043491,1965,11,24,,,564.0,-9999.0,-9999.0,,,,,,,,,,,
USC00043491,1965,11,25,,,102.0,-9999.0,-9999.0,,,,,,,,,,,
USC00043491,1965,11,26,,,18.0,-9999.0,-9999.0,,,,,,,,,,,
USC00043491,1965,11,27,,,0.0,0.0,-9999.0,,,,,,,,,,,
USC00043491,1965,11,28,,,0.0,0.0,-9999.0,,,,,,,,,,,
USC00043491,1965,11,29,,,0.0,0.0,-9999.0,,,,,,,,,,,
USC00043491,1965,11,3,,,0.0,0.0,0.0,,,,,,,,,,,
USC00043491,1965,11,30,,,0.0,0.0,-9999.0,,,,,,,,,,,
USC00043491,1965,11,31,,,-9999.0,-9999.0,-9999.0,,,,,,,,,,,
USC00043491,1965,11,4,,,0.0,0.0,0.0,,,,,,,,,,,
USC00043491,1965,11,5,,,0.0,0.0,0.0,,,,,,,,,,,
USC00043491,1965,11,6,,,0.0,0.0,0.0,,,,,,,,,,,
USC00043491,1965,11,7,,,0.0,0.0,0.0,,,,,,,,,,,
USC00043491,1965,11,8,,,193.0,0.0,0.0,,,,,,,,,,,
USC00043491,1965,11,9,,,0.0,0.0,0.0,,,,,,,,,,,
USC00043491,1965,12,1,,,0.0,0.0,0.0,,,,,,,,,,,
USC00043491,1965,12,10,,,0.0,0.0,0.0,,,,,,,,,,,
USC00043491,1965,12,11,,,0.0,0.0,0.0,,,,,,,,,,,
USC00043491,1965,12,12,,,236.0,0.0,0.0,,,,,,,,,,,
USC00043491,1965,12,13,,,0.0,0.0,0.0,,,,,,,,,,,
USC00043491,1965,12,14,,,0.0,0.0,0.0,,,,,,,,,,,
USC00043491,1965,12,15,,,0.0,0.0,0.0,,,,,,,,,,,
USC00043491,1965,12,16,,,0.0,0.0,0.0,,,,,,,,,,,
USC00043491,1965,12,17,,,0.0,0.0,0.0,,,,,,,,,,,
USC00043491,1965,12,18,,,0.0,0.0,0.0,,,,,,,,,,,
USC00043491,1965,12,19,,,0.0,0.0,0.0,,,,,,,,,,,
USC00043491,1965,12,2,,,0.0,0.0,0.0,,,,,,,,,,,
USC00043491,1965,12,20,,,0.0,0.0,0.0,,,,,,,,,,,
USC00043491,1965,12,21,,,0.0,0.0,0.0,,,,,,,,,,,
USC00043491,1965,12,22,,,0.0,0.0,0.0,,,,,,,,,,,
USC00043491,1965,12,23,,,0.0,0.0,0.0,,,,,,,,,,,
USC00043491,1965,12,24,,,132.0,0.0,0.0,,,,,,,,,,,
USC00043491,1965,12,25,,,516.0,0.0,0.0,,,,,,,,,,,
USC00043491,1965,12,26,,,0.0,0.0,0.0,,,,,,,,,,,
USC00043491,1965,12,27,,,0.0,0.0,0.0,,,,,,,,,,,
USC00043491,1965,12,28,,,279.0,0.0,0.0,,,,,,,,,,,
USC00043491,1965,12,29,,,348.0,0.0,0.0,,,,,,,,,,,
USC00043491,1965,12,3,,,0.0,0.0,0.0,,,,,,,,,,,
USC00043491,1965,12,30,,,592.0,0.0,0.0,,,,,,,,,,,
USC00043491,1965,12,31,,,211.0,0.0,0.0,,,,,,,,,,,
USC00043491,1965,12,4,,,0.0,0.0,0.0,,,,,,,,,,,
USC00043491,1965,12,5,,,0.0,0.0,0.0,,,,,,,,,,,
USC00043491,1965,12,6,,,0.0,0.0,0.0,,,,,,,,,,,
USC00043491,1965,12,7,,,0.0,0.0,0.0,,,,,,,,,,,
USC00043491,1965,12,8,,,0.0,0.0,0.0,,,,,,,,,,,
USC00043491,1965,12,9,,,0.0,0.0,0.0,,,,,,,,,,,
USC00043491,1966,1,1,,,3.0,0.0,0.0,,,,,,,,,,,
USC00043491,1966,1,10,,,0.0,0.0,0.0,,,,,,,,,,,
USC00043491,1966,1,11,,,0.0,0.0,0.0,,,,,,,,,,,
USC00043491,1966,1,12,,,0.0,0.0,0.0,,,,,,,,,,,
USC00043491,1966,1,13,,,0.0,0.0,0.0,,,,,,,,,,,
USC00043491,1966,1,14,,,0.0,0.0,0.0,,,,,,,,,,,
USC00043491,1966,1,15,,,0.0,0.0,0.0,,,,,,,,,,,
USC00043491,1966,1,16,,,0.0,0.0,0.0,,,,,,,,,,,
USC00043491,1966,1,17,,,0.0,0.0,0.0,,,,,,,,,,,
USC00043491,1966,1,18,,,0.0,0.0,0.0,,,,,,,,,,,
USC00043491,1966,1,19,,,0.0,0.0,0.0,,,,,,,,,,,
USC00043491,1966,1,2,,,0.0,0.0,0.0,,,,,,,,,,,
USC00043491,1966,1,20,,,0.0,0.0,0.0,,,,,,,,,,,
USC00043491,1966,1,21,,,0.0,0.0,0.0,,,,,,,,,,,
USC00043491,1966,1,22,,,53.0,0.0,0.0,,,,,,,,,,,
USC00043491,1966,1,23,,,0.0,0.0,0.0,,,,,,,,,,,
USC00043491,1966,1,24,,,0.0,0.0,0.0,,,,,,,,,,,
USC00043491,1966,1,25,,,0.0,0.0,0.0,,,,,,,,,,,
USC00043491,1966,1,26,,,0.0,0.0,0.0,,,,,,,,,,,
USC00043491,1966,1,27,,,0.0,0.0,0.0,,,,,,,,,,,
USC00043491,1966,1,28,,,0.0,0.0,0.0,,,,,,,,,,,
USC00043491,1966,1,29,,,36.0,0.0,0.0,,,,,,,,,,,
USC00043491,1966,1,3,,,0.0,0.0,0.0,,,,,,,,,,,
USC00043491,1966,1,30,,,503.0,0.0,0.0,,,,,,,,,,,
USC00043491,1966,1,31,,,41.0,0.0,0.0,,,,,,,,,,,
USC00043491,1966,1,4,,,191.0,0.0,0.0,,,,,,,,,,,
USC00043491,1966,1,5,,,630.0,0.0,0.0,,,,,,,,,,,
USC00043491,1966,1,6,,,46.0,0.0,0.0,,,,,,,,,,,
USC00043491,1966,1,7,,,0.0,0.0,0.0,,,,,,,,,,,
USC00043491,1966,1,8,,,0.0,0.0,0.0,,,,,,,,,,,
USC00043491,1966,1,9,,,0.0,0.0,0.0,,,,,,,,,,,
USC00043491,1966,2,1,,,122.0,0.0,0.0,,,,,,,,,,,
USC00043491,1966,2,10,,,5.0,0.0,0.0,,,,,,,,,,,
USC00043491,1966,2,11,,,0.0,0.0,0.0,,,,,,,,,,,
USC00043491,1966,2,12,,,0.0,0.0,0.0,,,,,,,,,,,
USC00043491,1966,2,13,,,0.0,0.0,0.0,,,,,,,,,,,
USC00043491,1966,2,14,,,0.0,0.0,0.0,,,,,,,,,,,
USC00043491,1966,2,15,,,0.0,0.0,0.0,,,,,,,,,,,
USC00043491,1966,2,16,,,0.0,0.0,0.0,,,,,,,,,,,
USC00043491,1966,2,17,,,0.0,0.0,0.0,,,,,,,,,,,
USC00043491,1966,2,18,,,0.0,0.0,0.0,,,,,,,,,,,
USC00043491,1966,2,19,,,165.0,0.0,0.0,,,,,,,,,,,
USC00043491,1966,2,2,,,0.0,0.0,0.0,,,,,,,,,,,
USC00043491,1966,2,20,,,13.0,0.0,0.0,,,,,,,,,,,
USC00043491,1966,2,21,,,0.0,0.0,0.0,,,,,,,,,,,
USC00043491,1966,2,22,,,0.0,0.0,0.0,,,,,,,,,,,
USC00043491,1966,2,23,,,69.0,0.0,0.0,,,,,,,,,,,
USC00043491,1966,2,24,,,114.0,0.0,0.0,,,,,,,,,,,
USC00043491,1966,2,25,,,13.0,0.0,0.0,,,,,,,,,,,
USC00043491,1966,2,26,,,97.0,0.0,0.0,,,,,,,,,,,
USC00043491,1966,2,27,,,0.0,0.0,0.0,,,,,,,,,,,
USC00043491,1966,2,28,,,0.0,0.0,0.0,,,,,,,,,,,
USC00043491,1966,2,29,,,-9999.0,-9999.0,-9999.0,,,,,,,,,,,
USC00043491,1966,2,3,,,0.0,0.0,0.0,,,,,,,,,,,
USC00043491,1966,2,30,,,-9999.0,-9999.0,-9999.0,,,,,,,,,,,
USC00043491,1966,2,31,,,-9999.0,-9999.0,-9999.0,,,,,,,,,,,
USC00043491,1966,2,4,,,61.0,0.0,0.0,,,,,,,,,,,
USC00043491,1966,2,5,,,257.0,0.0,0.0,,,,,,,,,,,
USC00043491,1966,2,6,,,284.0,0.0,0.0,,,,,,,,,,,
USC00043491,1966,2,7,,,66.0,0.0,0.0,,,,,,,,,,,
USC00043491,1966,2,8,,,0.0,0.0,0.0,,,,,,,,,,,
USC00043491,1966,2,9,,,0.0,0.0,0.0,,,,,,,,,,,
USC00043491,1966,3,1,,,28.0,0.0,0.0,,,,,,,,,,,
USC00043491,1966,3,10,,,211.0,0.0,0.0,,,,,,,,,,,
USC00043491,1966,3,11,,,0.0,0.0,0.0,,,,,,,,,,,
USC00043491,1966,3,12,,,0.0,0.0,0.0,,,,,,,,,,,
USC00043491,1966,3,13,,,97.0,0.0,0.0,,,,,,,,,,,
USC00043491,1966,3,14,,,0.0,0.0,0.0,,,,,,,,,,,
USC00043491,1966,3,15,,,0.0,0.0,0.0,,,,,,,,,,,
USC00043491,1966,3,16,,,127.0,0.0,0.0,,,,,,,,,,,
USC00043491,1966,3,17,,,0.0,0.0,0.0,,,,,,,,,,,
USC00043491,1966,3,18,,,0.0,0.0,0.0,,,,,,,,,,,
USC00043491,1966,3,19,,,155.0,0.0,0.0,,,,,,,,,,,
USC00043491,1966,3,2,,,5.0,0.0,0.0,,,,,,,,,,,
USC00043491,1966,3,20,,,0.0,0.0,0.0,,,,,,,,,,,
USC00043491,1966,3,21,,,0.0,0.0,0.0,,,,,,,,,,,
USC00043491,1966,3,22,,,0.0,0.0,0.0,,,,,,,,,,,
USC00043491,1966,3,23,,,0.0,0.0,0.0,,,,,,,,,,,
USC00043491,1966,3,24,,,0.0,0.0,0.0,,,,,,,,,,,
USC00043491,1966,3,25,,,0.0,0.0,0.0,,,,,,,,,,,
USC00043491,1966,3,26,,,0.0,0.0,0.0,,,,,,,,,,,
USC00043491,1966,3,27,,,0.0,0.0,0.0,,,,,,,,,,,
USC00043491,1966,3,28,,,0.0,0.0,0.0,,,,,,,,,,,
USC00043491,1966,3,29,,,0.0,0.0,0.0,,,,,,,,,,,
USC00043491,1966,3,3,,,0.0,0.0,0.0,,,,,,,,,,,
USC00043491,1966,3,30,,,0.0,0.0,0.0,,,,,,,,,,,
USC00043491,1966,3,31,,,0.0,0.0,0.0,,,,,,,,,,,
USC00043491,1966,3,4,,,0.0,0.0,0.0,,,,,,,,,,,
USC00043491,1966,3,5,,,20.0,0.0,0.0,,,,,,,,,,,
USC00043491,1966,3,6,,,13.0,0.0,0.0,,,,,,,,,,,
USC00043491,1966,3,7,,,122.0,0.0,0.0,,,,,,,,,,,
USC00043491,1966,3,8,,,0.0,0.0,0.0,,,,,,,,,,,
USC00043491,1966,3,9,,,71.0,0.0,0.0,,,,,,,,,,,
USC00043491,1966,4,1,,,0.0,0.0,0.0,,,,,,,,,,,
USC00043491,1966,4,10,,,287.0,0.0,0.0,,,,,,,,,,,
USC00043491,1966,4,11,,,264.0,0.0,0.0,,,,,,,,,,,
USC00043491,1966,4,12,,,191.0,0.0,0.0,,,,,,,,,,,
USC00043491,1966,4,13,,,0.0,0.0,0.0,,,,,,,,,,,
USC00043491,1966,4,14,,,0.0,0.0,0.0,,,,,,,,,,,
USC00043491,1966,4,15,,,0.0,0.0,0.0,,,,,,,,,,,
USC00043491,1966,4,16,,,0.0,0.0,0.0,,,,,,,,,,,
USC00043491,1966,4,17,,,0.0,0.0,0.0,,,,,,,,,,,
USC00043491,1966,4,18,,,41.0,0.0,0.0,,,,,,,,,,,
USC00043491,1966,4,19,,,0.0,0.0,0.0,,,,,,,,,,,
USC00043491,1966,4,2,,,0.0,0.0,0.0,,,,,,,,,,,
USC00043491,1966,4,20,,,0.0,0.0,0.0,,,,,,,,,,,
USC00043491,1966,4,21,,,0.0,0.0,0.0,,,,,,,,,,,
USC00043491,1966,4,22,,,0.0,0.0,0.0,,,,,,,,,,,
USC00043491,1966,4,23,,,0.0,0.0,0.0,,,,,,,,,,,
USC00043491,1966,4,24,,,0.0,0.0,0.0,,,,,,,,,,,
USC00043491,1966,4,25,,,0.0,0.0,0.0,,,,,,,,,,,
USC00043491,1966,4,26,,,0.0,0.0,0.0,,,,,,,,,,,
USC00043491,1966,4,27,,,0.0,0.0,0.0,,,,,,,,,,,
USC00043491,1966,4,28,,,0.0,0.0,0.0,,,,,,,,,,,
USC00043491,1966,4,29,,,0.0,0.0,0.0,,,,,,,,,,,
USC00043491,1966,4,3,,,0.0,0.0,0.0,,,,,,,,,,,
USC00043491,1966,4,30,,,0.0,0.0,0.0,,,,,,,,,,,
USC00043491,1966,4,31,,,-9999.0,-9999.0,-9999.0,,,,,,,,,,,
USC00043491,1966,4,4,,,0.0,0.0,0.0,,,,,,,,,,,
USC00043491,1966,4,5,,,0.0,0.0,0.0,,,,,,,,,,,
USC00043491,1966,4,6,,,0.0,0.0,0.0,,,,,,,,,,,
USC00043491,1966,4,7,,,0.0,0.0,0.0,,,,,,,,,,,
USC00043491,1966,4,8,,,0.0,0.0,0.0,,,,,,,,,,,
USC00043491,1966,4,9,,,18.0,0.0,0.0,,,,,,,,,,,
USC00043491,1966,5,1,,,0.0,0.0,0.0,,,,,,,,,,,
USC00043491,1966,5,10,,,188.0,0.0,0.0,,,,,,,,,,,
USC00043491,1966,5,11,,,0.0,0.0,0.0,,,,,,,,,,,
USC00043491,1966,5,12,,,0.0,0.0,0.0,,,,,,,,,,,
USC00043491,1966,5,13,,,0.0,0.0,0.0,,,,,,,,,,,
USC00043491,1966,5,14,,,0.0,0.0,0.0,,,,,,,,,,,
USC00043491,1966,5,15,,,0.0,0.0,0.0,,,,,,,,,,,
USC00043491,1966,5,16,,,0.0,0.0,0.0,,,,,,,,,,,
USC00043491,1966,5,17,,,0.0,0.0,0.0,,,,,,,,,,,
USC00043491,1966,5,18,,,0.0,0.0,0.0,,,,,,,,,,,
USC00043491,1966,5,19,,,0.0,0.0,0.0,,,,,,,,,,,
USC00043491,1966,5,2,,,0.0,0.0,0.0,,,,,,,,,,,
USC00043491,1966,5,20,,,0.0,0.0,0.0,,,,,,,,,,,
USC00043491,1966,5,21,,,0.0,0.0,0.0,,,,,,,,,,,
USC00043491,1966,5,22,,,0.0,0.0,0.0,,,,,,,,,,,
USC00043491,1966,5,23,,,0.0,0.0,0.0,,,,,,,,,,,
USC00043491,1966,5,24,,,0.0,0.0,0.0,,,,,,,,,,,
USC00043491,1966,5,25,,,0.0,0.0,0.0,,,,,,,,,,,
USC00043491,1966,5,26,,,0.0,0.0,0.0,,,,,,,,,,,
USC00043491,1966,5,27,,,0.0,0.0,0.0,,,,,,,,,,,
USC00043491,1966,5,28,,,0.0,0.0,0.0,,,,,,,,,,,
USC00043491,1966,5,29,,,0.0,0.0,0.0,,,,,,,,,,,
USC00043491,1966,5,3,,,0.0,0.0,0.0,,,,,,,,,,,
USC00043491,1966,5,30,,,0.0,0.0,0.0,,,,,,,,,,,
USC00043491,1966,5,31,,,0.0,0.0,0.0,,,,,,,,,,,
USC00043491,1966,5,4,,,0.0,0.0,0.0,,,,,,,,,,,
USC00043491,1966,5,5,,,0.0,0.0,0.0,,,,,,,,,,,
USC00043491,1966,5,6,,,0.0,0.0,0.0,,,,,,,,,,,
USC00043491,1966,5,7,,,0.0,0.0,0.0,,,,,,,,,,,
USC00043491,1966,5,8,,,0.0,0.0,0.0,,,,,,,,,,,
USC00043491,1966,5,9,,,15.0,0.0,0.0,,,,,,,,,,,
USC00043491,1966,6,1,,,0.0,0.0,0.0,,,,,,,,,,,
USC00043491,1966,6,10,,,0.0,0.0,0.0,,,,,,,,,,,
USC00043491,1966,6,11,,,0.0,0.0,0.0,,,,,,,,,,,
USC00043491,1966,6,12,,,0.0,0.0,0.0,,,,,,,,,,,
USC00043491,1966,6,13,,,0.0,0.0,0.0,,,,,,,,,,,
USC00043491,1966,6,14,,,0.0,0.0,0.0,,,,,,,,,,,
USC00043491,1966,6,15,,,0.0,0.0,0.0,,,,,,,,,,,
USC00043491,1966,6,16,,,0.0,0.0,0.0,,,,,,,,,,,
USC00043491,1966,6,17,,,0.0,0.0,0.0,,,,,,,,,,,
USC00043491,1966,6,18,,,0.0,0.0,0.0,,,,,,,,,,,
USC00043491,1966,6,19,,,0.0,0.0,0.0,,,,,,,,,,,
USC00043491,1966,6,2,,,0.0,0.0,0.0,,,,,,,,,,,
USC00043491,1966,6,20,,,0.0,0.0,0.0,,,,,,,,,,,
USC00043491,1966,6,21,,,0.0,0.0,0.0,,,,,,,,,,,
USC00043491,1966,6,22,,,0.0,0.0,0.0,,,,,,,,,,,
USC00043491,1966,6,23,,,0.0,0.0,0.0,,,,,,,,,,,
USC00043491,1966,6,24,,,0.0,0.0,0.0,,,,,,,,,,,
USC00043491,1966,6,25,,,0.0,0.0,0.0,,,,,,,,,,,
USC00043491,1966,6,26,,,0.0,0.0,0.0,,,,,,,,,,,
USC00043491,1966,6,27,,,0.0,0.0,0.0,,,,,,,,,,,
USC00043491,1966,6,28,,,0.0,0.0,0.0,,,,,,,,,,,
USC00043491,1966,6,29,,,0.0,0.0,0.0,,,,,,,,,,,
USC00043491,1966,6,3,,,0.0,0.0,0.0,,,,,,,,,,,
USC00043491,1966,6,30,,,0.0,0.0,0.0,,,,,,,,,,,
USC00043491,1966,6,31,,,-9999.0,-9999.0,-9999.0,,,,,,,,,,,
USC00043491,1966,6,4,,,0.0,0.0,0.0,,,,,,,,,,,
USC00043491,1966,6,5,,,0.0,0.0,0.0,,,,,,,,,,,
USC00043491,1966,6,6,,,0.0,0.0,0.0,,,,,,,,,,,
USC00043491,1966,6,7,,,13.0,0.0,0.0,,,,,,,,,,,
USC00043491,1966,6,8,,,0.0,0.0,0.0,,,,,,,,,,,
USC00043491,1966,6,9,,,0.0,0.0,0.0,,,,,,,,,,,
USC00043491,1966,7,1,,,0.0,0.0,0.0,,,,,,,,,,,
USC00043491,1966,7,10,,,0.0,0.0,0.0,,,,,,,,,,,
USC00043491,1966,7,11,,,0.0,0.0,0.0,,,,,,,,,,,
USC00043491,1966,7,12,,,0.0,0.0,0.0,,,,,,,,,,,
USC00043491,1966,7,13,,,0.0,0.0,0.0,,,,,,,,,,,
USC00043491,1966,7,14,,,0.0,0.0,0.0,,,,,,,,,,,
USC00043491,1966,7,15,,,0.0,0.0,0.0,,,,,,,,,,,
USC00043491,1966,7,16,,,0.0,0.0,0.0,,,,,,,,,,,
USC00043491,1966,7,17,,,0.0,0.0,0.0,,,,,,,,,,,
USC00043491,1966,7,18,,,0.0,0.0,0.0,,,,,,,,,,,
USC00043491,1966,7,19,,,0.0,0.0,0.0,,,,,,,,,,,
USC00043491,1966,7,2,,,0.0,0.0,0.0,,,,,,,,,,,
USC00043491,1966,7,20,,,0.0,0.0,0.0,,,,,,,,,,,
USC00043491,1966,7,21,,,0.0,0.0,0.0,,,,,,,,,,,
USC00043491,1966,7,22,,,0.0,0.0,0.0,,,,,,,,,,,
USC00043491,1966,7,23,,,0.0,0.0,0.0,,,,,,,,,,,
USC00043491,1966,7,24,,,0.0,0.0,0.0,,,,,,,,,,,
USC00043491,1966,7,25,,,0.0,0.0,0.0,,,,,,,,,,,
USC00043491,1966,7,26,,,0.0,0.0,0.0,,,,,,,,,,,
USC00043491,1966,7,27,,,0.0,0.0,0.0,,,,,,,,,,,
USC00043491,1966,7,28,,,0.0,0.0,0.0,,,,,,,,,,,
USC00043491,1966,7,29,,,0.0,0.0,0.0,,,,,,,,,,,
USC00043491,1966,7,3,,,0.0,0.0,0.0,,,,,,,,,,,
USC00043491,1966,7,30,,,0.0,0.0,0.0,,,,,,,,,,,
USC00043491,1966,7,31,,,0.0,0.0,0.0,,,,,,,,,,,
USC00043491,1966,7,4,,,0.0,0.0,0.0,,,,,,,,,,,
USC00043491,1966,7,5,,,0.0,0.0,0.0,,,,,,,,,,,
USC00043491,1966,7,6,,,0.0,0.0,0.0,,,,,,,,,,,
USC00043491,1966,7,7,,,0.0,0.0,0.0,,,,,,,,,,,
USC00043491,1966,7,8,,,0.0,0.0,0.0,,,,,,,,,,,
USC00043491,1966,7,9,,,13.0,0.0,0.0,,,,,,,,,,,
USC00043491,1966,8,1,,,0.0,0.0,0.0,,,,,,,,,,,
USC00043491,1966,8,10,,,0.0,0.0,0.0,,,,,,,,,,,
USC00043491,1966,8,11,,,0.0,0.0,0.0,,,,,,,,,,,
USC00043491,1966,8,12,,,0.0,0.0,0.0,,,,,,,,,,,
USC00043491,1966,8,13,,,0.0,0.0,0.0,,,,,,,,,,,
USC00043491,1966,8,14,,,0.0,0.0,0.0,,,,,,,,,,,
USC00043491,1966,8,15,,,0.0,0.0,0.0,,,,,,,,,,,
USC00043491,1966,8,16,,,0.0,0.0,0.0,,,,,,,,,,,
USC00043491,1966,8,17,,,0.0,0.0,0.0,,,,,,,,,,,
USC00043491,1966,8,18,,,0.0,0.0,0.0,,,,,,,,,,,
USC00043491,1966,8,19,,,0.0,0.0,0.0,,,,,,,,,,,
USC00043491,1966,8,2,,,0.0,0.0,0.0,,,,,,,,,,,
USC00043491,1966,8,20,,,0.0,0.0,0.0,,,,,,,,,,,
USC00043491,1966,8,21,,,0.0,0.0,0.0,,,,,,,,,,,
USC00043491,1966,8,22,,,0.0,0.0,0.0,,,,,,,,,,,
USC00043491,1966,8,23,,,0.0,0.0,0.0,,,,,,,,,,,
USC00043491,1966,8,24,,,0.0,0.0,0.0,,,,,,,,,,,
USC00043491,1966,8,25,,,0.0,0.0,0.0,,,,,,,,,,,
USC00043491,1966,8,26,,,0.0,0.0,0.0,,,,,,,,,,,
USC00043491,1966,8,27,,,0.0,0.0,0.0,,,,,,,,,,,
USC00043491,1966,8,28,,,0.0,0.0,0.0,,,,,,,,,,,
USC00043491,1966,8,29,,,0.0,0.0,0.0,,,,,,,,,,,
USC00043491,1966,8,3,,,0.0,0.0,0.0,,,,,,,,,,,
USC00043491,1966,8,30,,,0.0,0.0,0.0,,,,,,,,,,,
USC00043491,1966,8,31,,,0.0,0.0,0.0,,,,,,,,,,,
USC00043491,1966,8,4,,,0.0,0.0,0.0,,,,,,,,,,,
USC00043491,1966,8,5,,,0.0,0.0,0.0,,,,,,,,,,,
USC00043491,1966,8,6,,,0.0,0.0,0.0,,,,,,,,,,,
USC00043491,1966,8,7,,,0.0,0.0,0.0,,,,,,,,,,,
USC00043491,1966,8,8,,,0.0,0.0,0.0,,,,,,,,,,,
USC00043491,1966,8,9,,,0.0,0.0,0.0,,,,,,,,,,,
USC00043491,1966,9,1,,,0.0,0.0,0.0,,,,,,,,,,,
USC00043491,1966,9,10,,,0.0,0.0,0.0,,,,,,,,,,,
USC00043491,1966,9,11,,,0.0,0.0,0.0,,,,,,,,,,,
USC00043491,1966,9,12,,,0.0,0.0,0.0,,,,,,,,,,,
USC00043491,1966,9,13,,,0.0,0.0,0.0,,,,,,,,,,,
USC00043491,1966,9,14,,,0.0,0.0,0.0,,,,,,,,,,,
USC00043491,1966,9,15,,,0.0,0.0,0.0,,,,,,,,,,,
USC00043491,1966,9,16,,,0.0,0.0,0.0,,,,,,,,,,,
USC00043491,1966,9,17,,,0.0,0.0,0.0,,,,,,,,,,,
USC00043491,1966,9,18,,,20.0,0.0,0.0,,,,,,,,,,,
USC00043491,1966,9,19,,,5.0,0.0,0.0,,,,,,,,,,,
USC00043491,1966,9,2,,,0.0,0.0,0.0,,,,,,,,,,,
USC00043491,1966,9,20,,,0.0,0.0,0.0,,,,,,,,,,,
USC00043491,1966,9,21,,,0.0,0.0,0.0,,,,,,,,,,,
USC00043491,1966,9,22,,,0.0,0.0,0.0,,,,,,,,,,,
USC00043491,1966,9,23,,,0.0,0.0,0.0,,,,,,,,,,,
USC00043491,1966,9,24,,,0.0,0.0,0.0,,,,,,,,,,,
USC00043491,1966,9,25,,,0.0,0.0,0.0,,,,,,,,,,,
USC00043491,1966,9,26,,,0.0,0.0,0.0,,,,,,,,,,,
USC00043491,1966,9,27,,,0.0,0.0,0.0,,,,,,,,,,,
USC00043491,1966,9,28,,,0.0,0.0,0.0,,,,,,,,,,,
USC00043491,1966,9,29,,,0.0,0.0,0.0,,,,,,,,,,,
USC00043491,1966,9,3,,,0.0,0.0,0.0,,,,,,,,,,,
USC00043491,1966,9,30,,,0.0,0.0,0.0,,,,,,,,,,,
USC00043491,1966,9,31,,,-9999.0,-9999.0,-9999.0,,,,,,,,,,,
USC00043491,1966,9,4,,,0.0,0.0,0.0,,,,,,,,,,,
USC00043491,1966,9,5,,,0.0,0.0,0.0,,,,,,,,,,,
USC00043491,1966,9,6,,,0.0,0.0,0.0,,,,,,,,,,,
USC00043491,1966,9,7,,,0.0,0.0,0.0,,,,,,,,,,,
USC00043491,1966,9,8,,,0.0,0.0,0.0,,,,,,,,,,,
USC00043491,1966,9,9,,,0.0,0.0,0.0,,,,,,,,,,,
USC00043491,1966,10,1,,,0.0,0.0,0.0,,,,,,,,,,,
USC00043491,1966,10,10,,,0.0,0.0,0.0,,,,,,,,,,,
USC00043491,1966,10,11,,,0.0,0.0,0.0,,,,,,,,,,,
USC00043491,1966,10,12,,,0.0,0.0,0.0,,,,,,,,,,,
USC00043491,1966,10,13,,,0.0,0.0,0.0,,,,,,,,,,,
USC00043491,1966,10,14,,,0.0,0.0,0.0,,,,,,,,,,,
USC00043491,1966,10,15,,,0.0,0.0,0.0,,,,,,,,,,,
USC00043491,1966,10,16,,,0.0,0.0,0.0,,,,,,,,,,,
USC00043491,1966,10,17,,,0.0,0.0,0.0,,,,,,,,,,,
USC00043491,1966,10,18,,,0.0,0.0,0.0,,,,,,,,,,,
USC00043491,1966,10,19,,,0.0,0.0,0.0,,,,,,,,,,,
USC00043491,1966,10,2,,,0.0,0.0,0.0,,,,,,,,,,,
USC00043491,1966,10,20,,,0.0,0.0,0.0,,,,,,,,,,,
USC00043491,1966,10,21,,,0.0,0.0,0.0,,,,,,,,,,,
USC00043491,1966,10,22,,,0.0,0.0,0.0,,,,,,,,,,,
USC00043491,1966,10,23,,,0.0,0.0,0.0,,,,,,,,,,,
USC00043491,1966,10,24,,,0.0,0.0,0.0,,,,,,,,,,,
USC00043491,1966,10,25,,,0.0,0.0,0.0,,,,,,,,,,,
USC00043491,1966,10,26,,,0.0,0.0,0.0,,,,,,,,,,,
USC00043491,1966,10,27,,,0.0,0.0,0.0,,,,,,,,,,,
USC00043491,1966,10,28,,,0.0,0.0,0.0,,,,,,,,,,,
USC00043491,1966,10,29,,,0.0,0.0,0.0,,,,,,,,,,,
USC00043491,1966,10,3,,,0.0,0.0,0.0,,,,,,,,,,,
USC00043491,1966,10,30,,,0.0,0.0,0.0,,,,,,,,,,,
USC00043491,1966,10,31,,,0.0,0.0,0.0,,,,,,,,,,,
USC00043491,1966,10,4,,,0.0,0.0,0.0,,,,,,,,,,,
USC00043491,1966,10,5,,,0.0,0.0,0.0,,,,,,,,,,,
USC00043491,1966,10,6,,,0.0,0.0,0.0,,,,,,,,,,,
USC00043491,1966,10,7,,,0.0,0.0,0.0,,,,,,,,,,,
USC00043491,1966,10,8,,,0.0,0.0,0.0,,,,,,,,,,,
USC00043491,1966,10,9,,,0.0,0.0,0.0,,,,,,,,,,,
USC00043491,1966,11,1,,,0.0,0.0,0.0,,,,,,,,,,,
USC00043491,1966,11,10,,,0.0,0.0,0.0,,,,,,,,,,,
USC00043491,1966,11,11,,,3.0,0.0,0.0,,,,,,,,,,,
USC00043491,1966,11,12,,,0.0,0.0,0.0,,,,,,,,,,,
USC00043491,1966,11,13,,,0.0,0.0,0.0,,,,,,,,,,,
USC00043491,1966,11,14,,,58.0,0.0,0.0,,,,,,,,,,,
USC00043491,1966,11,15,,,264.0,0.0,0.0,,,,,,,,,,,
USC00043491,1966,11,16,,,541.0,0.0,0.0,,,,,,,,,,,
USC00043491,1966,11,17,,,97.0,0.0,0.0,,,,,,,,,,,
USC00043491,1966,11,18,,,0.0,0.0,0.0,,,,,,,,,,,
USC00043491,1966,11,19,,,145.0,0.0,0.0,,,,,,,,,,,
USC00043491,1966,11,2,,,0.0,0.0,0.0,,,,,,,,,,,
USC00043491,1966,11,20,,,749.0,0.0,0.0,,,,,,,,,,,
USC00043491,1966,11,21,,,305.0,0.0,0.0,,,,,,,,,,,
USC00043491,1966,11,22,,,94.0,0.0,0.0,,,,,,,,,,,
USC00043491,1966,11,23,,,0.0,0.0,0.0,,,,,,,,,,,
USC00043491,1966,11,24,,,0.0,0.0,0.0,,,,,,,,,,,
USC00043491,1966,11,25,,,0.0,0.0,0.0,,,,,,,,,,,
USC00043491,1966,11,26,,,0.0,0.0,0.0,,,,,,,,,,,
USC00043491,1966,11,27,,,0.0,0.0,0.0,,,,,,,,,,,
USC00043491,1966,11,28,,,241.0,0.0,0.0,,,,,,,,,,,
USC00043491,1966,11,29,,,376.0,0.0,0.0,,,,,,,,,,,
USC00043491,1966,11,3,,,0.0,0.0,0.0,,,,,,,,,,,
USC00043491,1966,11,30,,,0.0,0.0,0.0,,,,,,,,,,,
USC00043491,1966,11,31,,,-9999.0,-9999.0,-9999.0,,,,,,,,,,,
USC00043491,1966,11,4,,,0.0,0.0,0.0,,,,,,,,,,,
USC00043491,1966,11,5,,,0.0,0.0,0.0,,,,,,,,,,,
USC00043491,1966,11,6,,,389.0,0.0,0.0,,,,,,,,,,,
USC00043491,1966,11,7,,,30.0,0.0,0.0,,,,,,,,,,,
USC00043491,1966,11,8,,,0.0,0.0,0.0,,,,,,,,,,,
USC00043491,1966,11,9,,,0.0,0.0,0.0,,,,,,,,,,,
USC00043491,1966,12,1,,,381.0,0.0,0.0,,,,,,,,,,,
USC00043491,1966,12,10,,,97.0,0.0,0.0,,,,,,,,,,,
USC00043491,1966,12,11,,,0.0,0.0,0.0,,,,,,,,,,,
USC00043491,1966,12,12,,,0.0,0.0,0.0,,,,,,,,,,,
USC00043491,1966,12,13,,,30.0,0.0,0.0,,,,,,,,,,,
USC00043491,1966,12,14,,,0.0,0.0,0.0,,,,,,,,,,,
USC00043491,1966,12,15,,,0.0,0.0,0.0,,,,,,,,,,,
USC00043491,1966,12,16,,,0.0,0.0,0.0,,,,,,,,,,,
USC00043491,1966,12,17,,,0.0,0.0,0.0,,,,,,,,,,,
USC00043491,1966,12,18,,,0.0,0.0,0.0,,,,,,,,,,,
USC00043491,1966,12,19,,,0.0,0.0,0.0,,,,,,,,,,,
USC00043491,1966,12,2,,,475.0,0.0,0.0,,,,,,,,,,,
USC00043491,1966,12,20,,,0.0,0.0,0.0,,,,,,,,,,,
USC00043491,1966,12,21,,,0.0,0.0,0.0,,,,,,,,,,,
USC00043491,1966,12,22,,,0.0,0.0,0.0,,,,,,,,,,,
USC00043491,1966,12,23,,,0.0,0.0,0.0,,,,,,,,,,,
USC00043491,1966,12,24,,,0.0,0.0,0.0,,,,,,,,,,,
USC00043491,1966,12,25,,,0.0,0.0,0.0,,,,,,,,,,,
USC00043491,1966,12,26,,,5.0,0.0,0.0,,,,,,,,,,,
USC00043491,1966,12,27,,,0.0,0.0,0.0,,,,,,,,,,,
USC00043491,1966,12,28,,,0.0,0.0,0.0,,,,,,,,,,,
USC00043491,1966,12,29,,,0.0,0.0,0.0,,,,,,,,,,,
USC00043491,1966,12,3,,,191.0,0.0,0.0,,,,,,,,,,,
USC00043491,1966,12,30,,,0.0,0.0,0.0,,,,,,,,,,,
USC00043491,1966,12,31,,,0.0,0.0,0.0,,,,,,,,,,,
USC00043491,1966,12,4,,,94.0,0.0,0.0,,,,,,,,,,,
USC00043491,1966,12,5,,,612.0,0.0,0.0,,,,,,,,,,,
USC00043491,1966,12,6,,,373.0,0.0,0.0,,,,,,,,,,,
USC00043491,1966,12,7,,,135.0,0.0,0.0,,,,,,,,,,,
USC00043491,1966,12,8,,,15.0,0.0,0.0,,,,,,,,,,,
USC00043491,1966,12,9,,,0.0,0.0,0.0,,,,,,,,,,,
USC00043491,1967,1,1,,,0.0,,,,,,,,,,,,,
USC00043491,1967,1,10,,,0.0,,,,,,,,,,,,,
USC00043491,1967,1,11,,,0.0,,,,,,,,,,,,,
USC00043491,1967,1,12,,,8.0,,,,,,,,,,,,,
USC00043491,1967,1,13,,,0.0,,,,,,,,,,,,,
USC00043491,1967,1,14,,,0.0,,,,,,,,,,,,,
USC00043491,1967,1,15,,,0.0,,,,,,,,,,,,,
USC00043491,1967,1,16,,,0.0,,,,,,,,,,,,,
USC00043491,1967,1,17,,,0.0,,,,,,,,,,,,,
USC00043491,1967,1,18,,,0.0,,,,,,,,,,,,,
USC00043491,1967,1,19,,,0.0,,,,,,,,,,,,,
USC00043491,1967,1,2,,,0.0,,,,,,,,,,,,,
USC00043491,1967,1,20,,,335.0,,,,,,,,,,,,,
USC00043491,1967,1,21,,,1384.0,,,,,,,,,,,,,
USC00043491,1967,1,22,,,470.0,,,,,,,,,,,,,
USC00043491,1967,1,23,,,0.0,,,,,,,,,,,,,
USC00043491,1967,1,24,,,310.0,,,,,,,,,,,,,
USC00043491,1967,1,25,,,249.0,,,,,,,,,,,,,
USC00043491,1967,1,26,,,127.0,,,,,,,,,,,,,
USC00043491,1967,1,27,,,79.0,,,,,,,,,,,,,
USC00043491,1967,1,28,,,330.0,,,,,,,,,,,,,
USC00043491,1967,1,29,,,495.0,,,,,,,,,,,,,
USC00043491,1967,1,3,,,0.0,,,,,,,,,,,,,
USC00043491,1967,1,30,,,216.0,,,,,,,,,,,,,
USC00043491,1967,1,31,,,353.0,,,,,,,,,,,,,
USC00043491,1967,1,4,,,0.0,,,,,,,,,,,,,
USC00043491,1967,1,5,,,66.0,,,,,,,,,,,,,
USC00043491,1967,1,6,,,0.0,,,,,,,,,,,,,
USC00043491,1967,1,7,,,0.0,,,,,,,,,,,,,
USC00043491,1967,1,8,,,0.0,,,,,,,,,,,,,
USC00043491,1967,1,9,,,0.0,,,,,,,,,,,,,
USC00043491,1967,2,1,,,13.0,0.0,0.0,,,,,,,,,,,
USC00043491,1967,2,10,,,0.0,0.0,0.0,,,,,,,,,,,
USC00043491,1967,2,11,,,0.0,0.0,0.0,,,,,,,,,,,
USC00043491,1967,2,12,,,0.0,0.0,0.0,,,,,,,,,,,
USC00043491,1967,2,13,,,0.0,0.0,0.0,,,,,,,,,,,
USC00043491,1967,2,14,,,56.0,0.0,0.0,,,,,,,,,,,
USC00043491,1967,2,15,,,8.0,0.0,0.0,,,,,,,,,,,
USC00043491,1967,2,16,,,5.0,0.0,0.0,,,,,,,,,,,
USC00043491,1967,2,17,,,0.0,0.0,0.0,,,,,,,,,,,
USC00043491,1967,2,18,,,0.0,0.0,0.0,,,,,,,,,,,
USC00043491,1967,2,19,,,0.0,0.0,0.0,,,,,,,,,,,
USC00043491,1967,2,2,,,0.0,0.0,0.0,,,,,,,,,,,
USC00043491,1967,2,20,,,0.0,0.0,0.0,,,,,,,,,,,
USC00043491,1967,2,21,,,0.0,0.0,0.0,,,,,,,,,,,
USC00043491,1967,2,22,,,0.0,0.0,0.0,,,,,,,,,,,
USC00043491,1967,2,23,,,0.0,0.0,0.0,,,,,,,,,,,
USC00043491,1967,2,24,,,10.0,0.0,0.0,,,,,,,,,,,
USC00043491,1967,2,25,,,140.0,0.0,0.0,,,,,,,,,,,
USC00043491,1967,2,26,,,3.0,0.0,0.0,,,,,,,,,,,
USC00043491,1967,2,27,,,0.0,0.0,0.0,,,,,,,,,,,
USC00043491,1967,2,28,,,0.0,0.0,0.0,,,,,,,,,,,
USC00043491,1967,2,29,,,-9999.0,-9999.0,-9999.0,,,,,,,,,,,
USC00043491,1967,2,3,,,0.0,0.0,0.0,,,,,,,,,,,
USC00043491,1967,2,30,,,-9999.0,-9999.0,-9999.0,,,,,,,,,,,
USC00043491,1967,2,31,,,-9999.0,-9999.0,-9999.0,,,,,,,,,,,
USC00043491,1967,2,4,,,0.0,0.0,0.0,,,,,,,,,,,
USC00043491,1967,2,5,,,0.0,0.0,0.0,,,,,,,,,,,
USC00043491,1967,2,6,,,0.0,0.0,0.0,,,,,,,,,,,
USC00043491,1967,2,7,,,0.0,0.0,0.0,,,,,,,,,,,
USC00043491,1967,2,8,,,0.0,0.0,0.0,,,,,,,,,,,
USC00043491,1967,2,9,,,0.0,0.0,0.0,,,,,,,,,,,
USC00043491,1967,3,1,,,0.0,0.0,0.0,,,,,,,,,,,
USC00043491,1967,3,10,,,64.0,0.0,0.0,,,,,,,,,,,
USC00043491,1967,3,11,,,373.0,0.0,0.0,,,,,,,,,,,
USC00043491,1967,3,12,,,480.0,0.0,0.0,,,,,,,,,,,
USC00043491,1967,3,13,,,272.0,0.0,0.0,,,,,,,,,,,
USC00043491,1967,3,14,,,112.0,0.0,0.0,,,,,,,,,,,
USC00043491,1967,3,15,,,0.0,0.0,0.0,,,,,,,,,,,
USC00043491,1967,3,16,,,1090.0,0.0,0.0,,,,,,,,,,,
USC00043491,1967,3,17,,,114.0,0.0,0.0,,,,,,,,,,,
USC00043491,1967,3,18,,,48.0,0.0,0.0,,,,,,,,,,,
USC00043491,1967,3,19,,,0.0,0.0,0.0,,,,,,,,,,,
USC00043491,1967,3,2,,,0.0,0.0,0.0,,,,,,,,,,,
USC00043491,1967,3,20,,,18.0,0.0,0.0,,,,,,,,,,,
USC00043491,1967,3,21,,,25.0,0.0,0.0,,,,,,,,,,,
USC00043491,1967,3,22,,,0.0,0.0,0.0,,,,,,,,,,,
USC00043491,1967,3,23,,,147.0,0.0,0.0,,,,,,,,,,,
USC00043491,1967,3,24,,,0.0,0.0,0.0,,,,,,,,,,,
USC00043491,1967,3,25,,,0.0,0.0,0.0,,,,,,,,,,,
USC00043491,1967,3,26,,,0.0,0.0,0.0,,,,,,,,,,,
USC00043491,1967,3,27,,,0.0,0.0,0.0,,,,,,,,,,,
USC00043491,1967,3,28,,,79.0,0.0,0.0,,,,,,,,,,,
USC00043491,1967,3,29,,,61.0,0.0,0.0,,,,,,,,,,,
USC00043491,1967,3,3,,,0.0,0.0,0.0,,,,,,,,,,,
USC00043491,1967,3,30,,,135.0,0.0,0.0,,,,,,,,,,,
USC00043491,1967,3,31,,,381.0,0.0,0.0,,,,,,,,,,,
USC00043491,1967,3,4,,,0.0,0.0,0.0,,,,,,,,,,,
USC00043491,1967,3,5,,,0.0,0.0,0.0,,,,,,,,,,,
USC00043491,1967,3,6,,,0.0,0.0,0.0,,,,,,,,,,,
USC00043491,1967,3,7,,,0.0,0.0,0.0,,,,,,,,,,,
USC00043491,1967,3,8,,,0.0,0.0,0.0,,,,,,,,,,,
USC00043491,1967,3,9,,,0.0,0.0,0.0,,,,,,,,,,,
USC00043491,1967,4,1,,,147.0,0.0,0.0,,,,,,,,,,,
USC00043491,1967,4,10,,,38.0,0.0,0.0,,,,,,,,,,,
USC00043491,1967,4,11,,,216.0,0.0,0.0,,,,,,,,,,,
USC00043491,1967,4,12,,,3.0,0.0,0.0,,,,,,,,,,,
USC00043491,1967,4,13,,,0.0,0.0,0.0,,,,,,,,,,,
USC00043491,1967,4,14,,,102.0,0.0,0.0,,,,,,,,,,,
USC00043491,1967,4,15,,,33.0,0.0,0.0,,,,,,,,,,,
USC00043491,1967,4,16,,,0.0,0.0,0.0,,,,,,,,,,,
USC00043491,1967,4,17,,,79.0,0.0,0.0,,,,,,,,,,,
USC00043491,1967,4,18,,,348.0,0.0,0.0,,,,,,,,,,,
USC00043491,1967,4,19,,,150.0,0.0,0.0,,,,,,,,,,,
USC00043491,1967,4,2,,,51.0,0.0,0.0,,,,,,,,,,,
USC00043491,1967,4,20,,,3.0,0.0,0.0,,,,,,,,,,,
USC00043491,1967,4,21,,,71.0,0.0,0.0,,,,,,,,,,,
USC00043491,1967,4,22,,,30.0,0.0,0.0,,,,,,,,,,,
USC00043491,1967,4,23,,,229.0,0.0,0.0,,,,,,,,,,,
USC00043491,1967,4,24,,,142.0,0.0,0.0,,,,,,,,,,,
USC00043491,1967,4,25,,,8.0,0.0,0.0,,,,,,,,,,,
USC00043491,1967,4,26,,,3.0,0.0,0.0,,,,,,,,,,,
USC00043491,1967,4,27,,,170.0,0.0,0.0,,,,,,,,,,,
USC00043491,1967,4,28,,,13.0,0.0,0.0,,,,,,,,,,,
USC00043491,1967,4,29,,,3.0,0.0,0.0,,,,,,,,,,,
USC00043491,1967,4,3,,,15.0,0.0,0.0,,,,,,,,,,,
USC00043491,1967,4,30,,,46.0,0.0,0.0,,,,,,,,,,,
USC00043491,1967,4,31,,,-9999.0,-9999.0,-9999.0,,,,,,,,,,,
USC00043491,1967,4,4,,,53.0,0.0,0.0,,,,,,,,,,,
USC00043491,1967,4,5,,,163.0,0.0,0.0,,,,,,,,,,,
USC00043491,1967,4,6,,,277.0,0.0,0.0,,,,,,,,,,,
USC00043491,1967,4,7,,,175.0,0.0,0.0,,,,,,,,,,,
USC00043491,1967,4,8,,,23.0,0.0,0.0,,,,,,,,,,,
USC00043491,1967,4,9,,,0.0,0.0,0.0,,,,,,,,,,,
USC00043491,1967,5,1,,,0.0,0.0,0.0,,,,,,,,,,,
USC00043491,1967,5,10,,,320.0,0.0,0.0,,,,,,,,,,,
USC00043491,1967,5,11,,,0.0,0.0,0.0,,,,,,,,,,,
USC00043491,1967,5,12,,,15.0,0.0,0.0,,,,,,,,,,,
USC00043491,1967,5,13,,,0.0,0.0,0.0,,,,,,,,,,,
USC00043491,1967,5,14,,,0.0,0.0,0.0,,,,,,,,,,,
USC00043491,1967,5,15,,,0.0,0.0,0.0,,,,,,,,,,,
USC00043491,1967,5,16,,,0.0,0.0,0.0,,,,,,,,,,,
USC00043491,1967,5,17,,,0.0,0.0,0.0,,,,,,,,,,,
USC00043491,1967,5,18,,,0.0,0.0,0.0,,,,,,,,,,,
USC00043491,1967,5,19,,,0.0,0.0,0.0,,,,,,,,,,,
USC00043491,1967,5,2,,,0.0,0.0,0.0,,,,,,,,,,,
USC00043491,1967,5,20,,,0.0,0.0,0.0,,,,,,,,,,,
USC00043491,1967,5,21,,,0.0,0.0,0.0,,,,,,,,,,,
USC00043491,1967,5,22,,,0.0,0.0,0.0,,,,,,,,,,,
USC00043491,1967,5,23,,,0.0,0.0,0.0,,,,,,,,,,,
USC00043491,1967,5,24,,,0.0,0.0,0.0,,,,,,,,,,,
USC00043491,1967,5,25,,,0.0,0.0,0.0,,,,,,,,,,,
USC00043491,1967,5,26,,,0.0,0.0,0.0,,,,,,,,,,,
USC00043491,1967,5,27,,,0.0,0.0,0.0,,,,,,,,,,,
USC00043491,1967,5,28,,,0.0,0.0,0.0,,,,,,,,,,,
USC00043491,1967,5,29,,,0.0,0.0,0.0,,,,,,,,,,,
USC00043491,1967,5,3,,,0.0,0.0,0.0,,,,,,,,,,,
USC00043491,1967,5,30,,,0.0,0.0,0.0,,,,,,,,,,,
USC00043491,1967,5,31,,,86.0,0.0,0.0,,,,,,,,,,,
USC00043491,1967,5,4,,,0.0,0.0,0.0,,,,,,,,,,,
USC00043491,1967,5,5,,,23.0,0.0,0.0,,,,,,,,,,,
USC00043491,1967,5,6,,,25.0,0.0,0.0,,,,,,,,,,,
USC00043491,1967,5,7,,,0.0,0.0,0.0,,,,,,,,,,,
USC00043491,1967,5,8,,,0.0,0.0,0.0,,,,,,,,,,,
USC00043491,1967,5,9,,,18.0,0.0,0.0,,,,,,,,,,,
USC00043491,1967,6,1,,,185.0,0.0,0.0,,,,,,,,,,,
USC00043491,1967,6,10,,,0.0,0.0,0.0,,,,,,,,,,,
USC00043491,1967,6,11,,,0.0,0.0,0.0,,,,,,,,,,,
USC00043491,1967,6,12,,,0.0,0.0,0.0,,,,,,,,,,,
USC00043491,1967,6,13,,,145.0,0.0,0.0,,,,,,,,,,,
USC00043491,1967,6,14,,,0.0,0.0,0.0,,,,,,,,,,,
USC00043491,1967,6,15,,,0.0,0.0,0.0,,,,,,,,,,,
USC00043491,1967,6,16,,,0.0,0.0,0.0,,,,,,,,,,,
USC00043491,1967,6,17,,,0.0,0.0,0.0,,,,,,,,,,,
USC00043491,1967,6,18,,,0.0,0.0,0.0,,,,,,,,,,,
USC00043491,1967,6,19,,,3.0,0.0,0.0,,,,,,,,,,,
USC00043491,1967,6,2,,,25.0,0.0,0.0,,,,,,,,,,,
USC00043491,1967,6,20,,,0.0,0.0,0.0,,,,,,,,,,,
USC00043491,1967,6,21,,,0.0,0.0,0.0,,,,,,,,,,,
USC00043491,1967,6,22,,,0.0,0.0,0.0,,,,,,,,,,,
USC00043491,1967,6,23,,,0.0,0.0,0.0,,,,,,,,,,,
USC00043491,1967,6,24,,,0.0,0.0,0.0,,,,,,,,,,,
USC00043491,1967,6,25,,,0.0,0.0,0.0,,,,,,,,,,,
USC00043491,1967,6,26,,,0.0,0.0,0.0,,,,,,,,,,,
USC00043491,1967,6,27,,,0.0,0.0,0.0,,,,,,,,,,,
USC00043491,1967,6,28,,,0.0,0.0,0.0,,,,,,,,,,,
USC00043491,1967,6,29,,,0.0,0.0,0.0,,,,,,,,,,,
USC00043491,1967,6,3,,,0.0,0.0,0.0,,,,,,,,,,,
USC00043491,1967,6,30,,,0.0,0.0,0.0,,,,,,,,,,,
USC00043491,1967,6,31,,,-9999.0,-9999.0,-9999.0,,,,,,,,,,,
USC00043491,1967,6,4,,,0.0,0.0,0.0,,,,,,,,,,,
USC00043491,1967,6,5,,,216.0,0.0,0.0,,,,,,,,,,,
USC00043491,1967,6,6,,,10.0,0.0,0.0,,,,,,,,,,,
USC00043491,1967,6,7,,,0.0,0.0,0.0,,,,,,,,,,,
USC00043491,1967,6,8,,,0.0,0.0,0.0,,,,,,,,,,,
USC00043491,1967,6,9,,,0.0,0.0,0.0,,,,,,,,,,,
USC00043491,1967,7,1,,,0.0,0.0,0.0,,,,,,,,,,,
USC00043491,1967,7,10,,,0.0,0.0,0.0,,,,,,,,,,,
USC00043491,1967,7,11,,,0.0,0.0,0.0,,,,,,,,,,,
USC00043491,1967,7,12,,,0.0,0.0,0.0,,,,,,,,,,,
USC00043491,1967,7,13,,,0.0,0.0,0.0,,,,,,,,,,,
USC00043491,1967,7,14,,,0.0,0.0,0.0,,,,,,,,,,,
USC00043491,1967,7,15,,,0.0,0.0,0.0,,,,,,,,,,,
USC00043491,1967,7,16,,,0.0,0.0,0.0,,,,,,,,,,,
USC00043491,1967,7,17,,,0.0,0.0,0.0,,,,,,,,,,,
USC00043491,1967,7,18,,,0.0,0.0,0.0,,,,,,,,,,,
USC00043491,1967,7,19,,,0.0,0.0,0.0,,,,,,,,,,,
USC00043491,1967,7,2,,,0.0,0.0,0.0,,,,,,,,,,,
USC00043491,1967,7,20,,,0.0,0.0,0.0,,,,,,,,,,,
USC00043491,1967,7,21,,,0.0,0.0,0.0,,,,,,,,,,,
USC00043491,1967,7,22,,,0.0,0.0,0.0,,,,,,,,,,,
USC00043491,1967,7,23,,,0.0,0.0,0.0,,,,,,,,,,,
USC00043491,1967,7,24,,,0.0,0.0,0.0,,,,,,,,,,,
USC00043491,1967,7,25,,,0.0,0.0,0.0,,,,,,,,,,,
USC00043491,1967,7,26,,,0.0,0.0,0.0,,,,,,,,,,,
USC00043491,1967,7,27,,,0.0,0.0,0.0,,,,,,,,,,,
USC00043491,1967,7,28,,,0.0,0.0,0.0,,,,,,,,,,,
USC00043491,1967,7,29,,,0.0,0.0,0.0,,,,,,,,,,,
USC00043491,1967,7,3,,,0.0,0.0,0.0,,,,,,,,,,,
USC00043491,1967,7,30,,,0.0,0.0,0.0,,,,,,,,,,,
USC00043491,1967,7,31,,,0.0,0.0,0.0,,,,,,,,,,,
USC00043491,1967,7,4,,,0.0,0.0,0.0,,,,,,,,,,,
USC00043491,1967,7,5,,,0.0,0.0,0.0,,,,,,,,,,,
USC00043491,1967,7,6,,,0.0,0.0,0.0,,,,,,,,,,,
USC00043491,1967,7,7,,,0.0,0.0,0.0,,,,,,,,,,,
USC00043491,1967,7,8,,,0.0,0.0,0.0,,,,,,,,,,,
USC00043491,1967,7,9,,,0.0,0.0,0.0,,,,,,,,,,,
USC00043491,1967,8,1,,,0.0,0.0,0.0,,,,,,,,,,,
USC00043491,1967,8,10,,,0.0,0.0,0.0,,,,,,,,,,,
USC00043491,1967,8,11,,,0.0,0.0,0.0,,,,,,,,,,,
USC00043491,1967,8,12,,,0.0,0.0,0.0,,,,,,,,,,,
USC00043491,1967,8,13,,,0.0,0.0,0.0,,,,,,,,,,,
USC00043491,1967,8,14,,,0.0,0.0,0.0,,,,,,,,,,,
USC00043491,1967,8,15,,,0.0,0.0,0.0,,,,,,,,,,,
USC00043491,1967,8,16,,,0.0,0.0,0.0,,,,,,,,,,,
USC00043491,1967,8,17,,,0.0,0.0,0.0,,,,,,,,,,,
USC00043491,1967,8,18,,,0.0,0.0,0.0,,,,,,,,,,,
USC00043491,1967,8,19,,,0.0,0.0,0.0,,,,,,,,,,,
USC00043491,1967,8,2,,,0.0,0.0,0.0,,,,,,,,,,,
USC00043491,1967,8,20,,,0.0,0.0,0.0,,,,,,,,,,,
USC00043491,1967,8,21,,,0.0,0.0,0.0,,,,,,,,,,,
USC00043491,1967,8,22,,,0.0,0.0,0.0,,,,,,,,,,,
USC00043491,1967,8,23,,,0.0,0.0,0.0,,,,,,,,,,,
USC00043491,1967,8,24,,,0.0,0.0,0.0,,,,,,,,,,,
USC00043491,1967,8,25,,,0.0,0.0,0.0,,,,,,,,,,,
USC00043491,1967,8,26,,,0.0,0.0,0.0,,,,,,,,,,,
USC00043491,1967,8,27,,,0.0,0.0,0.0,,,,,,,,,,,
USC00043491,1967,8,28,,,0.0,0.0,0.0,,,,,,,,,,,
USC00043491,1967,8,29,,,0.0,0.0,0.0,,,,,,,,,,,
USC00043491,1967,8,3,,,0.0,0.0,0.0,,,,,,,,,,,
USC00043491,1967,8,30,,,0.0,0.0,0.0,,,,,,,,,,,
USC00043491,1967,8,31,,,0.0,0.0,0.0,,,,,,,,,,,
USC00043491,1967,8,4,,,0.0,0.0,0.0,,,,,,,,,,,
USC00043491,1967,8,5,,,0.0,0.0,0.0,,,,,,,,,,,
USC00043491,1967,8,6,,,0.0,0.0,0.0,,,,,,,,,,,
USC00043491,1967,8,7,,,0.0,0.0,0.0,,,,,,,,,,,
USC00043491,1967,8,8,,,0.0,0.0,0.0,,,,,,,,,,,
USC00043491,1967,8,9,,,0.0,0.0,0.0,,,,,,,,,,,
USC00043491,1967,9,1,,,0.0,0.0,0.0,,,,,,,,,,,
USC00043491,1967,9,10,,,0.0,0.0,0.0,,,,,,,,,,,
USC00043491,1967,9,11,,,0.0,0.0,0.0,,,,,,,,,,,
USC00043491,1967,9,12,,,0.0,0.0,0.0,,,,,,,,,,,
USC00043491,1967,9,13,,,0.0,0.0,0.0,,,,,,,,,,,
USC00043491,1967,9,14,,,0.0,0.0,0.0,,,,,,,,,,,
USC00043491,1967,9,15,,,0.0,0.0,0.0,,,,,,,,,,,
USC00043491,1967,9,16,,,0.0,0.0,0.0,,,,,,,,,,,
USC00043491,1967,9,17,,,0.0,0.0,0.0,,,,,,,,,,,
USC00043491,1967,9,18,,,150.0,0.0,0.0,,,,,,,,,,,
USC00043491,1967,9,19,,,0.0,0.0,0.0,,,,,,,,,,,
USC00043491,1967,9,2,,,0.0,0.0,0.0,,,,,,,,,,,
USC00043491,1967,9,20,,,0.0,0.0,0.0,,,,,,,,,,,
USC00043491,1967,9,21,,,0.0,0.0,0.0,,,,,,,,,,,
USC00043491,1967,9,22,,,0.0,0.0,0.0,,,,,,,,,,,
USC00043491,1967,9,23,,,0.0,0.0,0.0,,,,,,,,,,,
USC00043491,1967,9,24,,,0.0,0.0,0.0,,,,,,,,,,,
USC00043491,1967,9,25,,,0.0,0.0,0.0,,,,,,,,,,,
USC00043491,1967,9,26,,,0.0,0.0,0.0,,,,,,,,,,,
USC00043491,1967,9,27,,,0.0,0.0,0.0,,,,,,,,,,,
USC00043491,1967,9,28,,,0.0,0.0,0.0,,,,,,,,,,,
USC00043491,1967,9,29,,,0.0,0.0,0.0,,,,,,,,,,,
USC00043491,1967,9,3,,,0.0,0.0,0.0,,,,,,,,,,,
USC00043491,1967,9,30,,,0.0,0.0,0.0,,,,,,,,,,,
USC00043491,1967,9,31,,,-9999.0,-9999.0,-9999.0,,,,,,,,,,,
USC00043491,1967,9,4,,,0.0,0.0,0.0,,,,,,,,,,,
USC00043491,1967,9,5,,,0.0,0.0,0.0,,,,,,,,,,,
USC00043491,1967,9,6,,,0.0,0.0,0.0,,,,,,,,,,,
USC00043491,1967,9,7,,,0.0,0.0,0.0,,,,,,,,,,,
USC00043491,1967,9,8,,,0.0,0.0,0.0,,,,,,,,,,,
USC00043491,1967,9,9,,,0.0,0.0,0.0,,,,,,,,,,,
USC00043491,1967,10,1,,,5.0,0.0,0.0,,,,,,,,,,,
USC00043491,1967,10,10,,,0.0,0.0,0.0,,,,,,,,,,,
USC00043491,1967,10,11,,,0.0,0.0,0.0,,,,,,,,,,,
USC00043491,1967,10,12,,,0.0,0.0,0.0,,,,,,,,,,,
USC00043491,1967,10,13,,,0.0,0.0,0.0,,,,,,,,,,,
USC00043491,1967,10,14,,,0.0,0.0,0.0,,,,,,,,,,,
USC00043491,1967,10,15,,,0.0,0.0,0.0,,,,,,,,,,,
USC00043491,1967,10,16,,,0.0,0.0,0.0,,,,,,,,,,,
USC00043491,1967,10,17,,,0.0,0.0,0.0,,,,,,,,,,,
USC00043491,1967,10,18,,,0.0,0.0,0.0,,,,,,,,,,,
USC00043491,1967,10,19,,,0.0,0.0,0.0,,,,,,,,,,,
USC00043491,1967,10,2,,,53.0,0.0,0.0,,,,,,,,,,,
USC00043491,1967,10,20,,,0.0,0.0,0.0,,,,,,,,,,,
USC00043491,1967,10,21,,,8.0,0.0,0.0,,,,,,,,,,,
USC00043491,1967,10,22,,,5.0,0.0,0.0,,,,,,,,,,,
USC00043491,1967,10,23,,,0.0,0.0,0.0,,,,,,,,,,,
USC00043491,1967,10,24,,,0.0,0.0,0.0,,,,,,,,,,,
USC00043491,1967,10,25,,,0.0,0.0,0.0,,,,,,,,,,,
USC00043491,1967,10,26,,,0.0,0.0,0.0,,,,,,,,,,,
USC00043491,1967,10,27,,,0.0,0.0,0.0,,,,,,,,,,,
USC00043491,1967,10,28,,,13.0,0.0,0.0,,,,,,,,,,,
USC00043491,1967,10,29,,,0.0,0.0,0.0,,,,,,,,,,,
USC00043491,1967,10,3,,,483.0,0.0,0.0,,,,,,,,,,,
USC00043491,1967,10,30,,,0.0,0.0,0.0,,,,,,,,,,,
USC00043491,1967,10,31,,,0.0,0.0,0.0,,,,,,,,,,,
USC00043491,1967,10,4,,,0.0,0.0,0.0,,,,,,,,,,,
USC00043491,1967,10,5,,,46.0,0.0,0.0,,,,,,,,,,,
USC00043491,1967,10,6,,,0.0,0.0,0.0,,,,,,,,,,,
USC00043491,1967,10,7,,,0.0,0.0,0.0,,,,,,,,,,,
USC00043491,1967,10,8,,,0.0,0.0,0.0,,,,,,,,,,,
USC00043491,1967,10,9,,,0.0,0.0,0.0,,,,,,,,,,,
USC00043491,1967,11,1,,,0.0,0.0,0.0,,,,,,,,,,,
USC00043491,1967,11,10,,,0.0,0.0,0.0,,,,,,,,,,,
USC00043491,1967,11,11,,,0.0,0.0,0.0,,,,,,,,,,,
USC00043491,1967,11,12,,,0.0,0.0,0.0,,,,,,,,,,,
USC00043491,1967,11,13,,,0.0,0.0,0.0,,,,,,,,,,,
USC00043491,1967,11,14,,,208.0,0.0,0.0,,,,,,,,,,,
USC00043491,1967,11,15,,,0.0,0.0,0.0,,,,,,,,,,,
USC00043491,1967,11,16,,,0.0,0.0,0.0,,,,,,,,,,,
USC00043491,1967,11,17,,,0.0,0.0,0.0,,,,,,,,,,,
USC00043491,1967,11,18,,,97.0,0.0,0.0,,,,,,,,,,,
USC00043491,1967,11,19,,,264.0,0.0,0.0,,,,,,,,,,,
USC00043491,1967,11,2,,,0.0,0.0,0.0,,,,,,,,,,,
USC00043491,1967,11,20,,,0.0,0.0,0.0,,,,,,,,,,,
USC00043491,1967,11,21,,,0.0,0.0,0.0,,,,,,,,,,,
USC00043491,1967,11,22,,,0.0,0.0,0.0,,,,,,,,,,,
USC00043491,1967,11,23,,,0.0,0.0,0.0,,,,,,,,,,,
USC00043491,1967,11,24,,,0.0,0.0,0.0,,,,,,,,,,,
USC00043491,1967,11,25,,,0.0,0.0,0.0,,,,,,,,,,,
USC00043491,1967,11,26,,,0.0,0.0,0.0,,,,,,,,,,,
USC00043491,1967,11,27,,,0.0,0.0,0.0,,,,,,,,,,,
USC00043491,1967,11,28,,,140.0,0.0,0.0,,,,,,,,,,,
USC00043491,1967,11,29,,,213.0,0.0,0.0,,,,,,,,,,,
USC00043491,1967,11,3,,,0.0,0.0,0.0,,,,,,,,,,,
USC00043491,1967,11,30,,,302.0,0.0,0.0,,,,,,,,,,,
USC00043491,1967,11,31,,,-9999.0,-9999.0,-9999.0,,,,,,,,,,,
USC00043491,1967,11,4,,,0.0,0.0,0.0,,,,,,,,,,,
USC00043491,1967,11,5,,,3.0,0.0,0.0,,,,,,,,,,,
USC00043491,1967,11,6,,,0.0,0.0,0.0,,,,,,,,,,,
USC00043491,1967,11,7,,,0.0,0.0,0.0,,,,,,,,,,,
USC00043491,1967,11,8,,,0.0,0.0,0.0,,,,,,,,,,,
USC00043491,1967,11,9,,,0.0,0.0,0.0,,,,,,,,,,,
USC00043491,1967,12,1,,,114.0,0.0,0.0,,,,,,,,,,,
USC00043491,1967,12,10,,,0.0,0.0,0.0,,,,,,,,,,,
USC00043491,1967,12,11,,,0.0,0.0,0.0,,,,,,,,,,,
USC00043491,1967,12,12,,,0.0,0.0,0.0,,,,,,,,,,,
USC00043491,1967,12,13,,,0.0,0.0,0.0,,,,,,,,,,,
USC00043491,1967,12,14,,,0.0,0.0,0.0,,,,,,,,,,,
USC00043491,1967,12,15,,,0.0,0.0,0.0,,,,,,,,,,,
USC00043491,1967,12,16,,,0.0,0.0,0.0,,,,,,,,,,,
USC00043491,1967,12,17,,,0.0,0.0,0.0,,,,,,,,,,,
USC00043491,1967,12,18,,,366.0,0.0,0.0,,,,,,,,,,,
USC00043491,1967,12,19,,,36.0,0.0,0.0,,,,,,,,,,,
USC00043491,1967,12,2,,,0.0,0.0,0.0,,,,,,,,,,,
USC00043491,1967,12,20,,,43.0,0.0,0.0,,,,,,,,,,,
USC00043491,1967,12,21,,,36.0,0.0,0.0,,,,,,,,,,,
USC00043491,1967,12,22,,,0.0,0.0,0.0,,,,,,,,,,,
USC00043491,1967,12,23,,,0.0,0.0,0.0,,,,,,,,,,,
USC00043491,1967,12,24,,,0.0,0.0,0.0,,,,,,,,,,,
USC00043491,1967,12,25,,,0.0,0.0,0.0,,,,,,,,,,,
USC00043491,1967,12,26,,,0.0,0.0,0.0,,,,,,,,,,,
USC00043491,1967,12,27,,,0.0,0.0,0.0,,,,,,,,,,,
USC00043491,1967,12,28,,,0.0,0.0,0.0,,,,,,,,,,,
USC00043491,1967,12,29,,,0.0,0.0,0.0,,,,,,,,,,,
USC00043491,1967,12,3,,,226.0,0.0,0.0,,,,,,,,,,,
USC00043491,1967,12,30,,,0.0,0.0,0.0,,,,,,,,,,,
USC00043491,1967,12,31,,,0.0,0.0,0.0,,,,,,,,,,,
USC00043491,1967,12,4,,,160.0,0.0,0.0,,,,,,,,,,,
USC00043491,1967,12,5,,,462.0,0.0,0.0,,,,,,,,,,,
USC00043491,1967,12,6,,,0.0,0.0,0.0,,,,,,,,,,,
USC00043491,1967,12,7,,,300.0,0.0,0.0,,,,,,,,,,,
USC00043491,1967,12,8,,,0.0,0.0,0.0,,,,,,,,,,,
USC00043491,1967,12,9,,,0.0,0.0,0.0,,,,,,,,,,,
USC00043491,1968,1,1,,,0.0,0.0,0.0,,,,,,,,,,,
USC00043491,1968,1,10,,,409.0,0.0,0.0,,,,,,,,,,,
USC00043491,1968,1,11,,,0.0,0.0,0.0,,,,,,,,,,,
USC00043491,1968,1,12,,,0.0,0.0,0.0,,,,,,,,,,,
USC00043491,1968,1,13,,,0.0,0.0,0.0,,,,,,,,,,,
USC00043491,1968,1,14,,,74.0,0.0,0.0,,,,,,,,,,,
USC00043491,1968,1,15,,,777.0,0.0,0.0,,,,,,,,,,,
USC00043491,1968,1,16,,,53.0,0.0,0.0,,,,,,,,,,,
USC00043491,1968,1,17,,,0.0,0.0,0.0,,,,,,,,,,,
USC00043491,1968,1,18,,,0.0,0.0,0.0,,,,,,,,,,,
USC00043491,1968,1,19,,,0.0,0.0,0.0,,,,,,,,,,,
USC00043491,1968,1,2,,,0.0,0.0,0.0,,,,,,,,,,,
USC00043491,1968,1,20,,,0.0,0.0,0.0,,,,,,,,,,,
USC00043491,1968,1,21,,,0.0,0.0,0.0,,,,,,,,,,,
USC00043491,1968,1,22,,,0.0,0.0,0.0,,,,,,,,,,,
USC00043491,1968,1,23,,,0.0,0.0,0.0,,,,,,,,,,,
USC00043491,1968,1,24,,,0.0,0.0,0.0,,,,,,,,,,,
USC00043491,1968,1,25,,,0.0,0.0,0.0,,,,,,,,,,,
USC00043491,1968,1,26,,,5.0,0.0,0.0,,,,,,,,,,,
USC00043491,1968,1,27,,,168.0,0.0,0.0,,,,,,,,,,,
USC00043491,1968,1,28,,,117.0,0.0,0.0,,,,,,,,,,,
USC00043491,1968,1,29,,,168.0,0.0,0.0,,,,,,,,,,,
USC00043491,1968,1,3,,,0.0,0.0,0.0,,,,,,,,,,,
USC00043491,1968,1,30,,,876.0,0.0,0.0,,,,,,,,,,,
USC00043491,1968,1,31,,,51.0,0.0,0.0,,,,,,,,,,,
USC00043491,1968,1,4,,,0.0,0.0,0.0,,,,,,,,,,,
USC00043491,1968,1,5,,,0.0,0.0,0.0,,,,,,,,,,,
USC00043491,1968,1,6,,,0.0,0.0,0.0,,,,,,,,,,,
USC00043491,1968,1,7,,,0.0,0.0,0.0,,,,,,,,,,,
USC00043491,1968,1,8,,,3.0,0.0,0.0,,,,,,,,,,,
USC00043491,1968,1,9,,,23.0,0.0,0.0,,,,,,,,,,,
USC00043491,1968,2,1,,,0.0,0.0,0.0,,,,,,,,,,,
USC00043491,1968,2,10,,,33.0,0.0,0.0,,,,,,,,,,,
USC00043491,1968,2,11,,,0.0,0.0,0.0,,,,,,,,,,,
USC00043491,1968,2,12,,,0.0,0.0,0.0,,,,,,,,,,,
USC00043491,1968,2,13,,,91.0,0.0,0.0,,,,,,,,,,,
USC00043491,1968,2,14,,,13.0,0.0,0.0,,,,,,,,,,,
USC00043491,1968,2,15,,,43.0,0.0,0.0,,,,,,,,,,,
USC00043491,1968,2,16,,,64.0,0.0,0.0,,,,,,,,,,,
USC00043491,1968,2,17,,,411.0,0.0,0.0,,,,,,,,,,,
USC00043491,1968,2,18,,,28.0,0.0,0.0,,,,,,,,,,,
USC00043491,1968,2,19,,,180.0,0.0,0.0,,,,,,,,,,,
USC00043491,1968,2,2,,,155.0,0.0,0.0,,,,,,,,,,,
USC00043491,1968,2,20,,,574.0,0.0,0.0,,,,,,,,,,,
USC00043491,1968,2,21,,,284.0,0.0,0.0,,,,,,,,,,,
USC00043491,1968,2,22,,,84.0,0.0,0.0,,,,,,,,,,,
USC00043491,1968,2,23,,,211.0,0.0,0.0,,,,,,,,,,,
USC00043491,1968,2,24,,,0.0,0.0,0.0,,,,,,,,,,,
USC00043491,1968,2,25,,,0.0,0.0,0.0,,,,,,,,,,,
USC00043491,1968,2,26,,,0.0,0.0,0.0,,,,,,,,,,,
USC00043491,1968,2,27,,,0.0,0.0,0.0,,,,,,,,,,,
USC00043491,1968,2,28,,,0.0,0.0,0.0,,,,,,,,,,,
USC00043491,1968,2,29,,,0.0,0.0,0.0,,,,,,,,,,,
USC00043491,1968,2,3,,,102.0,0.0,0.0,,,,,,,,,,,
USC00043491,1968,2,30,,,-9999.0,-9999.0,-9999.0,,,,,,,,,,,
USC00043491,1968,2,31,,,-9999.0,-9999.0,-9999.0,,,,,,,,,,,
USC00043491,1968,2,4,,,0.0,0.0,0.0,,,,,,,,,,,
USC00043491,1968,2,5,,,0.0,0.0,0.0,,,,,,,,,,,
USC00043491,1968,2,6,,,0.0,0.0,0.0,,,,,,,,,,,
USC00043491,1968,2,7,,,0.0,0.0,0.0,,,,,,,,,,,
USC00043491,1968,2,8,,,0.0,0.0,0.0,,,,,,,,,,,
USC00043491,1968,2,9,,,51.0,0.0,0.0,,,,,,,,,,,
USC00043491,1968,3,1,,,0.0,0.0,0.0,,,,,,,,,,,
USC00043491,1968,3,10,,,0.0,0.0,0.0,,,,,,,,,,,
USC00043491,1968,3,11,,,0.0,0.0,0.0,,,,,,,,,,,
USC00043491,1968,3,12,,,0.0,0.0,0.0,,,,,,,,,,,
USC00043491,1968,3,13,,,409.0,0.0,0.0,,,,,,,,,,,
USC00043491,1968,3,14,,,229.0,0.0,0.0,,,,,,,,,,,
USC00043491,1968,3,15,,,76.0,0.0,0.0,,,,,,,,,,,
USC00043491,1968,3,16,,,279.0,0.0,0.0,,,,,,,,,,,
USC00043491,1968,3,17,,,183.0,0.0,0.0,,,,,,,,,,,
USC00043491,1968,3,18,,,0.0,0.0,0.0,,,,,,,,,,,
USC00043491,1968,3,19,,,0.0,0.0,0.0,,,,,,,,,,,
USC00043491,1968,3,2,,,0.0,0.0,0.0,,,,,,,,,,,
USC00043491,1968,3,20,,,0.0,0.0,0.0,,,,,,,,,,,
USC00043491,1968,3,21,,,0.0,0.0,0.0,,,,,,,,,,,
USC00043491,1968,3,22,,,0.0,0.0,0.0,,,,,,,,,,,
USC00043491,1968,3,23,,,0.0,0.0,0.0,,,,,,,,,,,
USC00043491,1968,3,24,,,0.0,0.0,0.0,,,,,,,,,,,
USC00043491,1968,3,25,,,43.0,0.0,0.0,,,,,,,,,,,
USC00043491,1968,3,26,,,0.0,0.0,0.0,,,,,,,,,,,
USC00043491,1968,3,27,,,0.0,0.0,0.0,,,,,,,,,,,
USC00043491,1968,3,28,,,0.0,0.0,0.0,,,,,,,,,,,
USC00043491,1968,3,29,,,0.0,0.0,0.0,,,,,,,,,,,
USC00043491,1968,3,3,,,0.0,0.0,0.0,,,,,,,,,,,
USC00043491,1968,3,30,,,0.0,0.0,0.0,,,,,,,,,,,
USC00043491,1968,3,31,,,0.0,0.0,0.0,,,,,,,,,,,
USC00043491,1968,3,4,,,0.0,0.0,0.0,,,,,,,,,,,
USC00043491,1968,3,5,,,0.0,0.0,0.0,,,,,,,,,,,
USC00043491,1968,3,6,,,0.0,0.0,0.0,,,,,,,,,,,
USC00043491,1968,3,7,,,41.0,0.0,0.0,,,,,,,,,,,
USC00043491,1968,3,8,,,241.0,0.0,0.0,,,,,,,,,,,
USC00043491,1968,3,9,,,46.0,0.0,0.0,,,,,,,,,,,
USC00043491,1968,4,1,,,97.0,0.0,0.0,,,,,,,,,,,
USC00043491,1968,4,10,,,0.0,0.0,0.0,,,,,,,,,,,
USC00043491,1968,4,11,,,0.0,0.0,0.0,,,,,,,,,,,
USC00043491,1968,4,12,,,0.0,0.0,0.0,,,,,,,,,,,
USC00043491,1968,4,13,,,0.0,0.0,0.0,,,,,,,,,,,
USC00043491,1968,4,14,,,0.0,0.0,0.0,,,,,,,,,,,
USC00043491,1968,4,15,,,0.0,0.0,0.0,,,,,,,,,,,
USC00043491,1968,4,16,,,0.0,0.0,0.0,,,,,,,,,,,
USC00043491,1968,4,17,,,0.0,0.0,0.0,,,,,,,,,,,
USC00043491,1968,4,18,,,0.0,0.0,0.0,,,,,,,,,,,
USC00043491,1968,4,19,,,0.0,0.0,0.0,,,,,,,,,,,
USC00043491,1968,4,2,,,28.0,0.0,0.0,,,,,,,,,,,
USC00043491,1968,4,20,,,0.0,0.0,0.0,,,,,,,,,,,
USC00043491,1968,4,21,,,0.0,0.0,0.0,,,,,,,,,,,
USC00043491,1968,4,22,,,0.0,0.0,0.0,,,,,,,,,,,
USC00043491,1968,4,23,,,0.0,0.0,0.0,,,,,,,,,,,
USC00043491,1968,4,24,,,0.0,0.0,0.0,,,,,,,,,,,
USC00043491,1968,4,25,,,0.0,0.0,0.0,,,,,,,,,,,
USC00043491,1968,4,26,,,0.0,0.0,0.0,,,,,,,,,,,
USC00043491,1968,4,27,,,0.0,0.0,0.0,,,,,,,,,,,
USC00043491,1968,4,28,,,0.0,0.0,0.0,,,,,,,,,,,
USC00043491,1968,4,29,,,0.0,0.0,0.0,,,,,,,,,,,
USC00043491,1968,4,3,,,0.0,0.0,0.0,,,,,,,,,,,
USC00043491,1968,4,30,,,0.0,0.0,0.0,,,,,,,,,,,
USC00043491,1968,4,31,,,-9999.0,-9999.0,-9999.0,,,,,,,,,,,
USC00043491,1968,4,4,,,0.0,0.0,0.0,,,,,,,,,,,
USC00043491,1968,4,5,,,0.0,0.0,0.0,,,,,,,,,,,
USC00043491,1968,4,6,,,0.0,0.0,0.0,,,,,,,,,,,
USC00043491,1968,4,7,,,0.0,0.0,0.0,,,,,,,,,,,
USC00043491,1968,4,8,,,0.0,0.0,0.0,,,,,,,,,,,
USC00043491,1968,4,9,,,0.0,0.0,0.0,,,,,,,,,,,
USC00043491,1968,5,1,,,0.0,0.0,0.0,,,,,,,,,,,
USC00043491,1968,5,10,,,0.0,0.0,0.0,,,,,,,,,,,
USC00043491,1968,5,11,,,0.0,0.0,0.0,,,,,,,,,,,
USC00043491,1968,5,12,,,0.0,0.0,0.0,,,,,,,,,,,
USC00043491,1968,5,13,,,201.0,0.0,0.0,,,,,,,,,,,
USC00043491,1968,5,14,,,38.0,0.0,0.0,,,,,,,,,,,
USC00043491,1968,5,15,,,0.0,0.0,0.0,,,,,,,,,,,
USC00043491,1968,5,16,,,0.0,0.0,0.0,,,,,,,,,,,
USC00043491,1968,5,17,,,0.0,0.0,0.0,,,,,,,,,,,
USC00043491,1968,5,18,,,0.0,0.0,0.0,,,,,,,,,,,
USC00043491,1968,5,19,,,0.0,0.0,0.0,,,,,,,,,,,
USC00043491,1968,5,2,,,0.0,0.0,0.0,,,,,,,,,,,
USC00043491,1968,5,20,,,10.0,0.0,0.0,,,,,,,,,,,
USC00043491,1968,5,21,,,0.0,0.0,0.0,,,,,,,,,,,
USC00043491,1968,5,22,,,0.0,0.0,0.0,,,,,,,,,,,
USC00043491,1968,5,23,,,0.0,0.0,0.0,,,,,,,,,,,
USC00043491,1968,5,24,,,0.0,0.0,0.0,,,,,,,,,,,
USC00043491,1968,5,25,,,33.0,0.0,0.0,,,,,,,,,,,
USC00043491,1968,5,26,,,0.0,0.0,0.0,,,,,,,,,,,
USC00043491,1968,5,27,,,0.0,0.0,0.0,,,,,,,,,,,
USC00043491,1968,5,28,,,0.0,0.0,0.0,,,,,,,,,,,
USC00043491,1968,5,29,,,0.0,0.0,0.0,,,,,,,,,,,
USC00043491,1968,5,3,,,0.0,0.0,0.0,,,,,,,,,,,
USC00043491,1968,5,30,,,0.0,0.0,0.0,,,,,,,,,,,
USC00043491,1968,5,31,,,0.0,0.0,0.0,,,,,,,,,,,
USC00043491,1968,5,4,,,0.0,0.0,0.0,,,,,,,,,,,
USC00043491,1968,5,5,,,0.0,0.0,0.0,,,,,,,,,,,
USC00043491,1968,5,6,,,0.0,0.0,0.0,,,,,,,,,,,
USC00043491,1968,5,7,,,0.0,0.0,0.0,,,,,,,,,,,
USC00043491,1968,5,8,,,0.0,0.0,0.0,,,,,,,,,,,
USC00043491,1968,5,9,,,0.0,0.0,0.0,,,,,,,,,,,
USC00043491,1968,6,1,,,0.0,0.0,0.0,,,,,,,,,,,
USC00043491,1968,6,10,,,0.0,0.0,0.0,,,,,,,,,,,
USC00043491,1968,6,11,,,0.0,0.0,0.0,,,,,,,,,,,
USC00043491,1968,6,12,,,0.0,0.0,0.0,,,,,,,,,,,
USC00043491,1968,6,13,,,0.0,0.0,0.0,,,,,,,,,,,
USC00043491,1968,6,14,,,0.0,0.0,0.0,,,,,,,,,,,
USC00043491,1968,6,15,,,0.0,0.0,0.0,,,,,,,,,,,
USC00043491,1968,6,16,,,0.0,0.0,0.0,,,,,,,,,,,
USC00043491,1968,6,17,,,0.0,0.0,0.0,,,,,,,,,,,
USC00043491,1968,6,18,,,0.0,0.0,0.0,,,,,,,,,,,
USC00043491,1968,6,19,,,0.0,0.0,0.0,,,,,,,,,,,
USC00043491,1968,6,2,,,0.0,0.0,0.0,,,,,,,,,,,
USC00043491,1968,6,20,,,0.0,0.0,0.0,,,,,,,,,,,
USC00043491,1968,6,21,,,0.0,0.0,0.0,,,,,,,,,,,
USC00043491,1968,6,22,,,0.0,0.0,0.0,,,,,,,,,,,
USC00043491,1968,6,23,,,0.0,0.0,0.0,,,,,,,,,,,
USC00043491,1968,6,24,,,0.0,0.0,0.0,,,,,,,,,,,
USC00043491,1968,6,25,,,0.0,0.0,0.0,,,,,,,,,,,
USC00043491,1968,6,26,,,0.0,0.0,0.0,,,,,,,,,,,
USC00043491,1968,6,27,,,0.0,0.0,0.0,,,,,,,,,,,
USC00043491,1968,6,28,,,0.0,0.0,0.0,,,,,,,,,,,
USC00043491,1968,6,29,,,0.0,0.0,0.0,,,,,,,,,,,
USC00043491,1968,6,3,,,0.0,0.0,0.0,,,,,,,,,,,
USC00043491,1968,6,30,,,0.0,0.0,0.0,,,,,,,,,,,
USC00043491,1968,6,31,,,-9999.0,-9999.0,-9999.0,,,,,,,,,,,
USC00043491,1968,6,4,,,0.0,0.0,0.0,,,,,,,,,,,
USC00043491,1968,6,5,,,0.0,0.0,0.0,,,,,,,,,,,
USC00043491,1968,6,6,,,0.0,0.0,0.0,,,,,,,,,,,
USC00043491,1968,6,7,,,312.0,0.0,0.0,,,,,,,,,,,
USC00043491,1968,6,8,,,0.0,0.0,0.0,,,,,,,,,,,
USC00043491,1968,6,9,,,0.0,0.0,0.0,,,,,,,,,,,
USC00043491,1968,7,1,,,0.0,0.0,0.0,,,,,,,,,,,
USC00043491,1968,7,10,,,0.0,0.0,0.0,,,,,,,,,,,
USC00043491,1968,7,11,,,0.0,0.0,0.0,,,,,,,,,,,
USC00043491,1968,7,12,,,0.0,0.0,0.0,,,,,,,,,,,
USC00043491,1968,7,13,,,0.0,0.0,0.0,,,,,,,,,,,
USC00043491,1968,7,14,,,0.0,0.0,0.0,,,,,,,,,,,
USC00043491,1968,7,15,,,0.0,0.0,0.0,,,,,,,,,,,
USC00043491,1968,7,16,,,0.0,0.0,0.0,,,,,,,,,,,
USC00043491,1968,7,17,,,0.0,0.0,0.0,,,,,,,,,,,
USC00043491,1968,7,18,,,0.0,0.0,0.0,,,,,,,,,,,
USC00043491,1968,7,19,,,0.0,0.0,0.0,,,,,,,,,,,
USC00043491,1968,7,2,,,0.0,0.0,0.0,,,,,,,,,,,
USC00043491,1968,7,20,,,0.0,0.0,0.0,,,,,,,,,,,
USC00043491,1968,7,21,,,0.0,0.0,0.0,,,,,,,,,,,
USC00043491,1968,7,22,,,0.0,0.0,0.0,,,,,,,,,,,
USC00043491,1968,7,23,,,0.0,0.0,0.0,,,,,,,,,,,
USC00043491,1968,7,24,,,0.0,0.0,0.0,,,,,,,,,,,
USC00043491,1968,7,25,,,0.0,0.0,0.0,,,,,,,,,,,
USC00043491,1968,7,26,,,0.0,0.0,0.0,,,,,,,,,,,
USC00043491,1968,7,27,,,0.0,0.0,0.0,,,,,,,,,,,
USC00043491,1968,7,28,,,0.0,0.0,0.0,,,,,,,,,,,
USC00043491,1968,7,29,,,0.0,0.0,0.0,,,,,,,,,,,
USC00043491,1968,7,3,,,0.0,0.0,0.0,,,,,,,,,,,
USC00043491,1968,7,30,,,0.0,0.0,0.0,,,,,,,,,,,
USC00043491,1968,7,31,,,58.0,0.0,0.0,,,,,,,,,,,
USC00043491,1968,7,4,,,0.0,0.0,0.0,,,,,,,,,,,
USC00043491,1968,7,5,,,0.0,0.0,0.0,,,,,,,,,,,
USC00043491,1968,7,6,,,0.0,0.0,0.0,,,,,,,,,,,
USC00043491,1968,7,7,,,0.0,0.0,0.0,,,,,,,,,,,
USC00043491,1968,7,8,,,0.0,0.0,0.0,,,,,,,,,,,
USC00043491,1968,7,9,,,0.0,0.0,0.0,,,,,,,,,,,
USC00043491,1968,8,1,,,0.0,0.0,0.0,,,,,,,,,,,
USC00043491,1968,8,10,,,0.0,0.0,0.0,,,,,,,,,,,
USC00043491,1968,8,11,,,0.0,0.0,0.0,,,,,,,,,,,
USC00043491,1968,8,12,,,0.0,0.0,0.0,,,,,,,,,,,
USC00043491,1968,8,13,,,0.0,0.0,0.0,,,,,,,,,,,
USC00043491,1968,8,14,,,0.0,0.0,0.0,,,,,,,,,,,
USC00043491,1968,8,15,,,0.0,0.0,0.0,,,,,,,,,,,
USC00043491,1968,8,16,,,0.0,0.0,0.0,,,,,,,,,,,
USC00043491,1968,8,17,,,0.0,0.0,0.0,,,,,,,,,,,
USC00043491,1968,8,18,,,0.0,0.0,0.0,,,,,,,,,,,
USC00043491,1968,8,19,,,401.0,0.0,0.0,,,,,,,,,,,
USC00043491,1968,8,2,,,0.0,0.0,0.0,,,,,,,,,,,
USC00043491,1968,8,20,,,3.0,0.0,0.0,,,,,,,,,,,
USC00043491,1968,8,21,,,0.0,0.0,0.0,,,,,,,,,,,
USC00043491,1968,8,22,,,0.0,0.0,0.0,,,,,,,,,,,
USC00043491,1968,8,23,,,0.0,0.0,0.0,,,,,,,,,,,
USC00043491,1968,8,24,,,0.0,0.0,0.0,,,,,,,,,,,
USC00043491,1968,8,25,,,0.0,0.0,0.0,,,,,,,,,,,
USC00043491,1968,8,26,,,0.0,0.0,0.0,,,,,,,,,,,
USC00043491,1968,8,27,,,0.0,0.0,0.0,,,,,,,,,,,
USC00043491,1968,8,28,,,0.0,0.0,0.0,,,,,,,,,,,
USC00043491,1968,8,29,,,0.0,0.0,0.0,,,,,,,,,,,
USC00043491,1968,8,3,,,0.0,0.0,0.0,,,,,,,,,,,
USC00043491,1968,8,30,,,0.0,0.0,0.0,,,,,,,,,,,
USC00043491,1968,8,31,,,0.0,0.0,0.0,,,,,,,,,,,
USC00043491,1968,8,4,,,0.0,0.0,0.0,,,,,,,,,,,
USC00043491,1968,8,5,,,0.0,0.0,0.0,,,,,,,,,,,
USC00043491,1968,8,6,,,0.0,0.0,0.0,,,,,,,,,,,
USC00043491,1968,8,7,,,0.0,0.0,0.0,,,,,,,,,,,
USC00043491,1968,8,8,,,0.0,0.0,0.0,,,,,,,,,,,
USC00043491,1968,8,9,,,0.0,0.0,0.0,,,,,,,,,,,
USC00043491,1968,9,1,,,0.0,0.0,0.0,,,,,,,,,,,
USC00043491,1968,9,10,,,0.0,0.0,0.0,,,,,,,,,,,
USC00043491,1968,9,11,,,0.0,0.0,0.0,,,,,,,,,,,
USC00043491,1968,9,12,,,0.0,0.0,0.0,,,,,,,,,,,
USC00043491,1968,9,13,,,0.0,0.0,0.0,,,,,,,,,,,
USC00043491,1968,9,14,,,13.0,0.0,0.0,,,,,,,,,,,
USC00043491,1968,9,15,,,0.0,0.0,0.0,,,,,,,,,,,
USC00043491,1968,9,16,,,0.0,0.0,0.0,,,,,,,,,,,
USC00043491,1968,9,17,,,0.0,0.0,0.0,,,,,,,,,,,
USC00043491,1968,9,18,,,0.0,0.0,0.0,,,,,,,,,,,
USC00043491,1968,9,19,,,0.0,0.0,0.0,,,,,,,,,,,
USC00043491,1968,9,2,,,0.0,0.0,0.0,,,,,,,,,,,
USC00043491,1968,9,20,,,38.0,0.0,0.0,,,,,,,,,,,
USC00043491,1968,9,21,,,0.0,0.0,0.0,,,,,,,,,,,
USC00043491,1968,9,22,,,0.0,0.0,0.0,,,,,,,,,,,
USC00043491,1968,9,23,,,0.0,0.0,0.0,,,,,,,,,,,
USC00043491,1968,9,24,,,0.0,0.0,0.0,,,,,,,,,,,
USC00043491,1968,9,25,,,0.0,0.0,0.0,,,,,,,,,,,
USC00043491,1968,9,26,,,0.0,0.0,0.0,,,,,,,,,,,
USC00043491,1968,9,27,,,0.0,0.0,0.0,,,,,,,,,,,
USC00043491,1968,9,28,,,0.0,0.0,0.0,,,,,,,,,,,
USC00043491,1968,9,29,,,0.0,0.0,0.0,,,,,,,,,,,
USC00043491,1968,9,3,,,0.0,0.0,0.0,,,,,,,,,,,
USC00043491,1968,9,30,,,5.0,0.0,0.0,,,,,,,,,,,
USC00043491,1968,9,31,,,-9999.0,-9999.0,-9999.0,,,,,,,,,,,
USC00043491,1968,9,4,,,0.0,0.0,0.0,,,,,,,,,,,
USC00043491,1968,9,5,,,0.0,0.0,0.0,,,,,,,,,,,
USC00043491,1968,9,6,,,0.0,0.0,0.0,,,,,,,,,,,
USC00043491,1968,9,7,,,0.0,0.0,0.0,,,,,,,,,,,
USC00043491,1968,9,8,,,0.0,0.0,0.0,,,,,,,,,,,
USC00043491,1968,9,9,,,0.0,0.0,0.0,,,,,,,,,,,
USC00043491,1968,10,1,,,0.0,0.0,0.0,,,,,,,,,,,
USC00043491,1968,10,10,,,0.0,0.0,0.0,,,,,,,,,,,
USC00043491,1968,10,11,,,0.0,0.0,0.0,,,,,,,,,,,
USC00043491,1968,10,12,,,826.0,0.0,0.0,,,,,,,,,,,
USC00043491,1968,10,13,,,69.0,0.0,0.0,,,,,,,,,,,
USC00043491,1968,10,14,,,94.0,0.0,0.0,,,,,,,,,,,
USC00043491,1968,10,15,,,25.0,0.0,0.0,,,,,,,,,,,
USC00043491,1968,10,16,,,0.0,0.0,0.0,,,,,,,,,,,
USC00043491,1968,10,17,,,0.0,0.0,0.0,,,,,,,,,,,
USC00043491,1968,10,18,,,0.0,0.0,0.0,,,,,,,,,,,
USC00043491,1968,10,19,,,0.0,0.0,0.0,,,,,,,,,,,
USC00043491,1968,10,2,,,0.0,0.0,0.0,,,,,,,,,,,
USC00043491,1968,10,20,,,0.0,0.0,0.0,,,,,,,,,,,
USC00043491,1968,10,21,,,0.0,0.0,0.0,,,,,,,,,,,
USC00043491,1968,10,22,,,0.0,0.0,0.0,,,,,,,,,,,
USC00043491,1968,10,23,,,0.0,0.0,0.0,,,,,,,,,,,
USC00043491,1968,10,24,,,0.0,0.0,0.0,,,,,,,,,,,
USC00043491,1968,10,25,,,0.0,0.0,0.0,,,,,,,,,,,
USC00043491,1968,10,26,,,0.0,0.0,0.0,,,,,,,,,,,
USC00043491,1968,10,27,,,0.0,0.0,0.0,,,,,,,,,,,
USC00043491,1968,10,28,,,0.0,0.0,0.0,,,,,,,,,,,
USC00043491,1968,10,29,,,119.0,0.0,0.0,,,,,,,,,,,
USC00043491,1968,10,3,,,0.0,0.0,0.0,,,,,,,,,,,
USC00043491,1968,10,30,,,53.0,0.0,0.0,,,,,,,,,,,
USC00043491,1968,10,31,,,0.0,0.0,0.0,,,,,,,,,,,
USC00043491,1968,10,4,,,0.0,0.0,0.0,,,,,,,,,,,
USC00043491,1968,10,5,,,0.0,0.0,0.0,,,,,,,,,,,
USC00043491,1968,10,6,,,0.0,0.0,0.0,,,,,,,,,,,
USC00043491,1968,10,7,,,0.0,0.0,0.0,,,,,,,,,,,
USC00043491,1968,10,8,,,0.0,0.0,0.0,,,,,,,,,,,
USC00043491,1968,10,9,,,0.0,0.0,0.0,,,,,,,,,,,
USC00043491,1968,11,1,,,0.0,0.0,0.0,,,,,,,,,,,
USC00043491,1968,11,10,,,0.0,0.0,0.0,,,,,,,,,,,
USC00043491,1968,11,11,,,0.0,0.0,0.0,,,,,,,,,,,
USC00043491,1968,11,12,,,386.0,0.0,0.0,,,,,,,,,,,
USC00043491,1968,11,13,,,0.0,0.0,0.0,,,,,,,,,,,
USC00043491,1968,11,14,,,15.0,0.0,0.0,,,,,,,,,,,
USC00043491,1968,11,15,,,224.0,0.0,0.0,,,,,,,,,,,
USC00043491,1968,11,16,,,0.0,0.0,0.0,,,,,,,,,,,
USC00043491,1968,11,17,,,0.0,0.0,0.0,,,,,,,,,,,
USC00043491,1968,11,18,,,142.0,0.0,0.0,,,,,,,,,,,
USC00043491,1968,11,19,,,0.0,0.0,0.0,,,,,,,,,,,
USC00043491,1968,11,2,,,399.0,0.0,0.0,,,,,,,,,,,
USC00043491,1968,11,20,,,0.0,0.0,0.0,,,,,,,,,,,
USC00043491,1968,11,21,,,0.0,0.0,0.0,,,,,,,,,,,
USC00043491,1968,11,22,,,5.0,0.0,0.0,,,,,,,,,,,
USC00043491,1968,11,23,,,0.0,0.0,0.0,,,,,,,,,,,
USC00043491,1968,11,24,,,147.0,0.0,0.0,,,,,,,,,,,
USC00043491,1968,11,25,,,30.0,0.0,0.0,,,,,,,,,,,
USC00043491,1968,11,26,,,0.0,0.0,0.0,,,,,,,,,,,
USC00043491,1968,11,27,,,0.0,0.0,0.0,,,,,,,,,,,
USC00043491,1968,11,28,,,0.0,0.0,0.0,,,,,,,,,,,
USC00043491,1968,11,29,,,0.0,0.0,0.0,,,,,,,,,,,
USC00043491,1968,11,3,,,584.0,0.0,0.0,,,,,,,,,,,
USC00043491,1968,11,30,,,135.0,0.0,0.0,,,,,,,,,,,
USC00043491,1968,11,31,,,-9999.0,-9999.0,-9999.0,,,,,,,,,,,
USC00043491,1968,11,4,,,81.0,0.0,0.0,,,,,,,,,,,
USC00043491,1968,11,5,,,13.0,0.0,0.0,,,,,,,,,,,
USC00043491,1968,11,6,,,0.0,0.0,0.0,,,,,,,,,,,
USC00043491,1968,11,7,,,0.0,0.0,0.0,,,,,,,,,,,
USC00043491,1968,11,8,,,0.0,0.0,0.0,,,,,,,,,,,
USC00043491,1968,11,9,,,0.0,0.0,0.0,,,,,,,,,,,
USC00043491,1968,12,1,,,201.0,,,,,,,,,,,,,
USC00043491,1968,12,10,,,284.0,,,,,,,,,,,,,
USC00043491,1968,12,11,,,211.0,,,,,,,,,,,,,
USC00043491,1968,12,12,,,3.0,,,,,,,,,,,,,
USC00043491,1968,12,13,,,0.0,,,,,,,,,,,,,
USC00043491,1968,12,14,,,272.0,,,,,,,,,,,,,
USC00043491,1968,12,15,,,366.0,,,,,,,,,,,,,
USC00043491,1968,12,16,,,13.0,,,,,,,,,,,,,
USC00043491,1968,12,17,,,0.0,,,,,,,,,,,,,
USC00043491,1968,12,18,,,0.0,,,,,,,,,,,,,
USC00043491,1968,12,19,,,97.0,,,,,,,,,,,,,
USC00043491,1968,12,2,,,0.0,,,,,,,,,,,,,
USC00043491,1968,12,20,,,0.0,,,,,,,,,,,,,
USC00043491,1968,12,21,,,0.0,,,,,,,,,,,,,
USC00043491,1968,12,22,,,15.0,,,,,,,,,,,,,
USC00043491,1968,12,23,,,79.0,,,,,,,,,,,,,
USC00043491,1968,12,24,,,404.0,,,,,,,,,,,,,
USC00043491,1968,12,25,,,503.0,,,,,,,,,,,,,
USC00043491,1968,12,26,,,79.0,,,,,,,,,,,,,
USC00043491,1968,12,27,,,0.0,,,,,,,,,,,,,
USC00043491,1968,12,28,,,183.0,,,,,,,,,,,,,
USC00043491,1968,12,29,,,43.0,,,,,,,,,,,,,
USC00043491,1968,12,3,,,0.0,,,,,,,,,,,,,
USC00043491,1968,12,30,,,0.0,,,,,,,,,,,,,
USC00043491,1968,12,31,,,0.0,,,,,,,,,,,,,
USC00043491,1968,12,4,,,0.0,,,,,,,,,,,,,
USC00043491,1968,12,5,,,0.0,,,,,,,,,,,,,
USC00043491,1968,12,6,,,0.0,,,,,,,,,,,,,
USC00043491,1968,12,7,,,0.0,,,,,,,,,,,,,
USC00043491,1968,12,8,,,10.0,,,,,,,,,,,,,
USC00043491,1968,12,9,,,0.0,,,,,,,,,,,,,
USC00043491,1969,1,1,,,0.0,,,,,,,,,,,,,
USC00043491,1969,1,10,,,0.0,,,,,,,,,,,,,
USC00043491,1969,1,11,,,376.0,,,,,,,,,,,,,
USC00043491,1969,1,12,,,211.0,,,,,,,,,,,,,
USC00043491,1969,1,13,,,820.0,,,,,,,,,,,,,
USC00043491,1969,1,14,,,277.0,,,,,,,,,,,,,
USC00043491,1969,1,15,,,0.0,,,,,,,,,,,,,
USC00043491,1969,1,16,,,0.0,,,,,,,,,,,,,
USC00043491,1969,1,17,,,0.0,,,,,,,,,,,,,
USC00043491,1969,1,18,,,99.0,,,,,,,,,,,,,
USC00043491,1969,1,19,,,993.0,,,,,,,,,,,,,
USC00043491,1969,1,2,,,0.0,,,,,,,,,,,,,
USC00043491,1969,1,20,,,1326.0,,,,,,,,,,,,,
USC00043491,1969,1,21,,,831.0,,,,,,,,,,,,,
USC00043491,1969,1,22,,,246.0,,,,,,,,,,,,,
USC00043491,1969,1,23,,,91.0,,,,,,,,,,,,,
USC00043491,1969,1,24,,,234.0,,,,,,,,,,,,,
USC00043491,1969,1,25,,,724.0,,,,,,,,,,,,,
USC00043491,1969,1,26,,,460.0,,,,,,,,,,,,,
USC00043491,1969,1,27,,,109.0,,,,,,,,,,,,,
USC00043491,1969,1,28,,,224.0,,,,,,,,,,,,,
USC00043491,1969,1,29,,,13.0,,,,,,,,,,,,,
USC00043491,1969,1,3,,,0.0,,,,,,,,,,,,,
USC00043491,1969,1,30,,,94.0,,,,,,,,,,,,,
USC00043491,1969,1,31,,,0.0,,,,,,,,,,,,,
USC00043491,1969,1,4,,,0.0,,,,,,,,,,,,,
USC00043491,1969,1,5,,,0.0,,,,,,,,,,,,,
USC00043491,1969,1,6,,,0.0,,,,,,,,,,,,,
USC00043491,1969,1,7,,,0.0,,,,,,,,,,,,,
USC00043491,1969,1,8,,,15.0,,,,,,,,,,,,,
USC00043491,1969,1,9,,,0.0,,,,,,,,,,,,,
USC00043491,1969,2,1,,,135.0,,,,,,,,,,,,,
USC00043491,1969,2,10,,,10.0,,,,,,,,,,,,,
USC00043491,1969,2,11,,,193.0,,,,,,,,,,,,,
USC00043491,1969,2,12,,,244.0,,,,,,,,,,,,,
USC00043491,1969,2,13,,,0.0,,,,,,,,,,,,,
USC00043491,1969,2,14,,,135.0,,,,,,,,,,,,,
USC00043491,1969,2,15,,,483.0,,,,,,,,,,,,,
USC00043491,1969,2,16,,,89.0,,,,,,,,,,,,,
USC00043491,1969,2,17,,,0.0,,,,,,,,,,,,,
USC00043491,1969,2,18,,,86.0,,,,,,,,,,,,,
USC00043491,1969,2,19,,,64.0,,,,,,,,,,,,,
USC00043491,1969,2,2,,,18.0,,,,,,,,,,,,,
USC00043491,1969,2,20,,,81.0,,,,,,,,,,,,,
USC00043491,1969,2,21,,,48.0,,,,,,,,,,,,,
USC00043491,1969,2,22,,,0.0,,,,,,,,,,,,,
USC00043491,1969,2,23,,,284.0,,,,,,,,,,,,,
USC00043491,1969,2,24,,,284.0,,,,,,,,,,,,,
USC00043491,1969,2,25,,,305.0,,,,,,,,,,,,,
USC00043491,1969,2,26,,,135.0,,,,,,,,,,,,,
USC00043491,1969,2,27,,,0.0,,,,,,,,,,,,,
USC00043491,1969,2,28,,,330.0,,,,,,,,,,,,,
USC00043491,1969,2,29,,,-9999.0,,,,,,,,,,,,,
USC00043491,1969,2,3,,,0.0,,,,,,,,,,,,,
USC00043491,1969,2,30,,,-9999.0,,,,,,,,,,,,,
USC00043491,1969,2,31,,,-9999.0,,,,,,,,,,,,,
USC00043491,1969,2,4,,,0.0,,,,,,,,,,,,,
USC00043491,1969,2,5,,,401.0,,,,,,,,,,,,,
USC00043491,1969,2,6,,,330.0,,,,,,,,,,,,,
USC00043491,1969,2,7,,,0.0,,,,,,,,,,,,,
USC00043491,1969,2,8,,,0.0,,,,,,,,,,,,,
USC00043491,1969,2,9,,,147.0,,,,,,,,,,,,,
USC00043491,1969,3,1,,,119.0,0.0,0.0,,,,,,,,,,,
USC00043491,1969,3,10,,,20.0,0.0,0.0,,,,,,,,,,,
USC00043491,1969,3,11,,,0.0,0.0,0.0,,,,,,,,,,,
USC00043491,1969,3,12,,,20.0,0.0,0.0,,,,,,,,,,,
USC00043491,1969,3,13,,,0.0,0.0,0.0,,,,,,,,,,,
USC00043491,1969,3,14,,,0.0,0.0,0.0,,,,,,,,,,,
USC00043491,1969,3,15,,,0.0,0.0,0.0,,,,,,,,,,,
USC00043491,1969,3,16,,,0.0,0.0,0.0,,,,,,,,,,,
USC00043491,1969,3,17,,,53.0,0.0,0.0,,,,,,,,,,,
USC00043491,1969,3,18,,,10.0,0.0,0.0,,,,,,,,,,,
USC00043491,1969,3,19,,,0.0,0.0,0.0,,,,,,,,,,,
USC00043491,1969,3,2,,,86.0,0.0,0.0,,,,,,,,,,,
USC00043491,1969,3,20,,,0.0,0.0,0.0,,,,,,,,,,,
USC00043491,1969,3,21,,,145.0,0.0,0.0,,,,,,,,,,,
USC00043491,1969,3,22,,,0.0,0.0,0.0,,,,,,,,,,,
USC00043491,1969,3,23,,,0.0,0.0,0.0,,,,,,,,,,,
USC00043491,1969,3,24,,,0.0,0.0,0.0,,,,,,,,,,,
USC00043491,1969,3,25,,,0.0,0.0,0.0,,,,,,,,,,,
USC00043491,1969,3,26,,,0.0,0.0,0.0,,,,,,,,,,,
USC00043491,1969,3,27,,,0.0,0.0,0.0,,,,,,,,,,,
USC00043491,1969,3,28,,,0.0,0.0,0.0,,,,,,,,,,,
USC00043491,1969,3,29,,,0.0,0.0,0.0,,,,,,,,,,,
USC00043491,1969,3,3,,,25.0,0.0,0.0,,,,,,,,,,,
USC00043491,1969,3,30,,,0.0,0.0,0.0,,,,,,,,,,,
USC00043491,1969,3,31,,,0.0,0.0,0.0,,,,,,,,,,,
USC00043491,1969,3,4,,,0.0,0.0,0.0,,,,,,,,,,,
USC00043491,1969,3,5,,,0.0,0.0,0.0,,,,,,,,,,,
USC00043491,1969,3,6,,,64.0,0.0,0.0,,,,,,,,,,,
USC00043491,1969,3,7,,,0.0,0.0,0.0,,,,,,,,,,,
USC00043491,1969,3,8,,,0.0,0.0,0.0,,,,,,,,,,,
USC00043491,1969,3,9,,,23.0,0.0,0.0,,,,,,,,,,,
USC00043491,1969,4,1,,,0.0,0.0,0.0,,,,,,,,,,,
USC00043491,1969,4,10,,,0.0,0.0,0.0,,,,,,,,,,,
USC00043491,1969,4,11,,,0.0,0.0,0.0,,,,,,,,,,,
USC00043491,1969,4,12,,,0.0,0.0,0.0,,,,,,,,,,,
USC00043491,1969,4,13,,,0.0,0.0,0.0,,,,,,,,,,,
USC00043491,1969,4,14,,,0.0,0.0,0.0,,,,,,,,,,,
USC00043491,1969,4,15,,,0.0,0.0,0.0,,,,,,,,,,,
USC00043491,1969,4,16,,,0.0,0.0,0.0,,,,,,,,,,,
USC00043491,1969,4,17,,,0.0,0.0,0.0,,,,,,,,,,,
USC00043491,1969,4,18,,,51.0,0.0,0.0,,,,,,,,,,,
USC00043491,1969,4,19,,,0.0,0.0,0.0,,,,,,,,,,,
USC00043491,1969,4,2,,,0.0,0.0,0.0,,,,,,,,,,,
USC00043491,1969,4,20,,,0.0,0.0,0.0,,,,,,,,,,,
USC00043491,1969,4,21,,,0.0,0.0,0.0,,,,,,,,,,,
USC00043491,1969,4,22,,,0.0,0.0,0.0,,,,,,,,,,,
USC00043491,1969,4,23,,,381.0,0.0,0.0,,,,,,,,,,,
USC00043491,1969,4,24,,,97.0,0.0,0.0,,,,,,,,,,,
USC00043491,1969,4,25,,,0.0,0.0,0.0,,,,,,,,,,,
USC00043491,1969,4,26,,,0.0,0.0,0.0,,,,,,,,,,,
USC00043491,1969,4,27,,,0.0,0.0,0.0,,,,,,,,,,,
USC00043491,1969,4,28,,,0.0,0.0,0.0,,,,,,,,,,,
USC00043491,1969,4,29,,,0.0,0.0,0.0,,,,,,,,,,,
USC00043491,1969,4,3,,,163.0,0.0,0.0,,,,,,,,,,,
USC00043491,1969,4,30,,,0.0,0.0,0.0,,,,,,,,,,,
USC00043491,1969,4,31,,,-9999.0,-9999.0,-9999.0,,,,,,,,,,,
USC00043491,1969,4,4,,,0.0,0.0,0.0,,,,,,,,,,,
USC00043491,1969,4,5,,,455.0,0.0,0.0,,,,,,,,,,,
USC00043491,1969,4,6,,,119.0,0.0,0.0,,,,,,,,,,,
USC00043491,1969,4,7,,,0.0,0.0,0.0,,,,,,,,,,,
USC00043491,1969,4,8,,,0.0,0.0,0.0,,,,,,,,,,,
USC00043491,1969,4,9,,,0.0,0.0,0.0,,,,,,,,,,,
USC00043491,1969,5,1,,,0.0,0.0,0.0,,,,,,,,,,,
USC00043491,1969,5,10,,,0.0,0.0,0.0,,,,,,,,,,,
USC00043491,1969,5,11,,,0.0,0.0,0.0,,,,,,,,,,,
USC00043491,1969,5,12,,,0.0,0.0,0.0,,,,,,,,,,,
USC00043491,1969,5,13,,,0.0,0.0,0.0,,,,,,,,,,,
USC00043491,1969,5,14,,,0.0,0.0,0.0,,,,,,,,,,,
USC00043491,1969,5,15,,,0.0,0.0,0.0,,,,,,,,,,,
USC00043491,1969,5,16,,,0.0,0.0,0.0,,,,,,,,,,,
USC00043491,1969,5,17,,,0.0,0.0,0.0,,,,,,,,,,,
USC00043491,1969,5,18,,,0.0,0.0,0.0,,,,,,,,,,,
USC00043491,1969,5,19,,,0.0,0.0,0.0,,,,,,,,,,,
USC00043491,1969,5,2,,,0.0,0.0,0.0,,,,,,,,,,,
USC00043491,1969,5,20,,,0.0,0.0,0.0,,,,,,,,,,,
USC00043491,1969,5,21,,,0.0,0.0,0.0,,,,,,,,,,,
USC00043491,1969,5,22,,,0.0,0.0,0.0,,,,,,,,,,,
USC00043491,1969,5,23,,,0.0,0.0,0.0,,,,,,,,,,,
USC00043491,1969,5,24,,,0.0,0.0,0.0,,,,,,,,,,,
USC00043491,1969,5,25,,,0.0,0.0,0.0,,,,,,,,,,,
USC00043491,1969,5,26,,,0.0,0.0,0.0,,,,,,,,,,,
USC00043491,1969,5,27,,,0.0,0.0,0.0,,,,,,,,,,,
USC00043491,1969,5,28,,,0.0,0.0,0.0,,,,,,,,,,,
USC00043491,1969,5,29,,,0.0,0.0,0.0,,,,,,,,,,,
USC00043491,1969,5,3,,,15.0,0.0,0.0,,,,,,,,,,,
USC00043491,1969,5,30,,,0.0,0.0,0.0,,,,,,,,,,,
USC00043491,1969,5,31,,,0.0,0.0,0.0,,,,,,,,,,,
USC00043491,1969,5,4,,,0.0,0.0,0.0,,,,,,,,,,,
USC00043491,1969,5,5,,,0.0,0.0,0.0,,,,,,,,,,,
USC00043491,1969,5,6,,,0.0,0.0,0.0,,,,,,,,,,,
USC00043491,1969,5,7,,,0.0,0.0,0.0,,,,,,,,,,,
USC00043491,1969,5,8,,,0.0,0.0,0.0,,,,,,,,,,,
USC00043491,1969,5,9,,,0.0,0.0,0.0,,,,,,,,,,,
USC00043491,1969,6,1,,,0.0,0.0,0.0,,,,,,,,,,,
USC00043491,1969,6,10,,,0.0,0.0,0.0,,,,,,,,,,,
USC00043491,1969,6,11,,,64.0,0.0,0.0,,,,,,,,,,,
USC00043491,1969,6,12,,,0.0,0.0,0.0,,,,,,,,,,,
USC00043491,1969,6,13,,,0.0,0.0,0.0,,,,,,,,,,,
USC00043491,1969,6,14,,,0.0,0.0,0.0,,,,,,,,,,,
USC00043491,1969,6,15,,,0.0,0.0,0.0,,,,,,,,,,,
USC00043491,1969,6,16,,,0.0,0.0,0.0,,,,,,,,,,,
USC00043491,1969,6,17,,,0.0,0.0,0.0,,,,,,,,,,,
USC00043491,1969,6,18,,,0.0,0.0,0.0,,,,,,,,,,,
USC00043491,1969,6,19,,,0.0,0.0,0.0,,,,,,,,,,,
USC00043491,1969,6,2,,,0.0,0.0,0.0,,,,,,,,,,,
USC00043491,1969,6,20,,,0.0,0.0,0.0,,,,,,,,,,,
USC00043491,1969,6,21,,,0.0,0.0,0.0,,,,,,,,,,,
USC00043491,1969,6,22,,,0.0,0.0,0.0,,,,,,,,,,,
USC00043491,1969,6,23,,,0.0,0.0,0.0,,,,,,,,,,,
USC00043491,1969,6,24,,,0.0,0.0,0.0,,,,,,,,,,,
USC00043491,1969,6,25,,,0.0,0.0,0.0,,,,,,,,,,,
USC00043491,1969,6,26,,,0.0,0.0,0.0,,,,,,,,,,,
USC00043491,1969,6,27,,,0.0,0.0,0.0,,,,,,,,,,,
USC00043491,1969,6,28,,,0.0,0.0,0.0,,,,,,,,,,,
USC00043491,1969,6,29,,,0.0,0.0,0.0,,,,,,,,,,,
USC00043491,1969,6,3,,,0.0,0.0,0.0,,,,,,,,,,,
USC00043491,1969,6,30,,,0.0,0.0,0.0,,,,,,,,,,,
USC00043491,1969,6,31,,,-9999.0,-9999.0,-9999.0,,,,,,,,,,,
USC00043491,1969,6,4,,,0.0,0.0,0.0,,,,,,,,,,,
USC00043491,1969,6,5,,,0.0,0.0,0.0,,,,,,,,,,,
USC00043491,1969,6,6,,,0.0,0.0,0.0,,,,,,,,,,,
USC00043491,1969,6,7,,,0.0,0.0,0.0,,,,,,,,,,,
USC00043491,1969,6,8,,,0.0,0.0,0.0,,,,,,,,,,,
USC00043491,1969,6,9,,,0.0,0.0,0.0,,,,,,,,,,,
USC00043491,1969,7,1,,,0.0,0.0,0.0,,,,,,,,,,,
USC00043491,1969,7,10,,,0.0,0.0,0.0,,,,,,,,,,,
USC00043491,1969,7,11,,,0.0,0.0,0.0,,,,,,,,,,,
USC00043491,1969,7,12,,,0.0,0.0,0.0,,,,,,,,,,,
USC00043491,1969,7,13,,,0.0,0.0,0.0,,,,,,,,,,,
USC00043491,1969,7,14,,,0.0,0.0,0.0,,,,,,,,,,,
USC00043491,1969,7,15,,,0.0,0.0,0.0,,,,,,,,,,,
USC00043491,1969,7,16,,,0.0,0.0,0.0,,,,,,,,,,,
USC00043491,1969,7,17,,,0.0,0.0,0.0,,,,,,,,,,,
USC00043491,1969,7,18,,,0.0,0.0,0.0,,,,,,,,,,,
USC00043491,1969,7,19,,,0.0,0.0,0.0,,,,,,,,,,,
USC00043491,1969,7,2,,,0.0,0.0,0.0,,,,,,,,,,,
USC00043491,1969,7,20,,,0.0,0.0,0.0,,,,,,,,,,,
USC00043491,1969,7,21,,,0.0,0.0,0.0,,,,,,,,,,,
USC00043491,1969,7,22,,,0.0,0.0,0.0,,,,,,,,,,,
USC00043491,1969,7,23,,,8.0,0.0,0.0,,,,,,,,,,,
USC00043491,1969,7,24,,,0.0,0.0,0.0,,,,,,,,,,,
USC00043491,1969,7,25,,,0.0,0.0,0.0,,,,,,,,,,,
USC00043491,1969,7,26,,,0.0,0.0,0.0,,,,,,,,,,,
USC00043491,1969,7,27,,,0.0,0.0,0.0,,,,,,,,,,,
USC00043491,1969,7,28,,,0.0,0.0,0.0,,,,,,,,,,,
USC00043491,1969,7,29,,,0.0,0.0,0.0,,,,,,,,,,,
USC00043491,1969,7,3,,,0.0,0.0,0.0,,,,,,,,,,,
USC00043491,1969,7,30,,,0.0,0.0,0.0,,,,,,,,,,,
USC00043491,1969,7,31,,,0.0,0.0,0.0,,,,,,,,,,,
USC00043491,1969,7,4,,,0.0,0.0,0.0,,,,,,,,,,,
USC00043491,1969,7,5,,,0.0,0.0,0.0,,,,,,,,,,,
USC00043491,1969,7,6,,,0.0,0.0,0.0,,,,,,,,,,,
USC00043491,1969,7,7,,,0.0,0.0,0.0,,,,,,,,,,,
USC00043491,1969,7,8,,,0.0,0.0,0.0,,,,,,,,,,,
USC00043491,1969,7,9,,,0.0,0.0,0.0,,,,,,,,,,,
USC00043491,1969,8,1,,,0.0,0.0,0.0,,,,,,,,,,,
USC00043491,1969,8,10,,,0.0,0.0,0.0,,,,,,,,,,,
USC00043491,1969,8,11,,,0.0,0.0,0.0,,,,,,,,,,,
USC00043491,1969,8,12,,,0.0,0.0,0.0,,,,,,,,,,,
USC00043491,1969,8,13,,,0.0,0.0,0.0,,,,,,,,,,,
USC00043491,1969,8,14,,,0.0,0.0,0.0,,,,,,,,,,,
USC00043491,1969,8,15,,,0.0,0.0,0.0,,,,,,,,,,,
USC00043491,1969,8,16,,,0.0,0.0,0.0,,,,,,,,,,,
USC00043491,1969,8,17,,,0.0,0.0,0.0,,,,,,,,,,,
USC00043491,1969,8,18,,,0.0,0.0,0.0,,,,,,,,,,,
USC00043491,1969,8,19,,,0.0,0.0,0.0,,,,,,,,,,,
USC00043491,1969,8,2,,,0.0,0.0,0.0,,,,,,,,,,,
USC00043491,1969,8,20,,,0.0,0.0,0.0,,,,,,,,,,,
USC00043491,1969,8,21,,,0.0,0.0,0.0,,,,,,,,,,,
USC00043491,1969,8,22,,,0.0,0.0,0.0,,,,,,,,,,,
USC00043491,1969,8,23,,,0.0,0.0,0.0,,,,,,,,,,,
USC00043491,1969,8,24,,,0.0,0.0,0.0,,,,,,,,,,,
USC00043491,1969,8,25,,,0.0,0.0,0.0,,,,,,,,,,,
USC00043491,1969,8,26,,,0.0,0.0,0.0,,,,,,,,,,,
USC00043491,1969,8,27,,,0.0,0.0,0.0,,,,,,,,,,,
USC00043491,1969,8,28,,,0.0,0.0,0.0,,,,,,,,,,,
USC00043491,1969,8,29,,,0.0,0.0,0.0,,,,,,,,,,,
USC00043491,1969,8,3,,,0.0,0.0,0.0,,,,,,,,,,,
USC00043491,1969,8,30,,,0.0,0.0,0.0,,,,,,,,,,,
USC00043491,1969,8,31,,,0.0,0.0,0.0,,,,,,,,,,,
USC00043491,1969,8,4,,,0.0,0.0,0.0,,,,,,,,,,,
USC00043491,1969,8,5,,,0.0,0.0,0.0,,,,,,,,,,,
USC00043491,1969,8,6,,,0.0,0.0,0.0,,,,,,,,,,,
USC00043491,1969,8,7,,,0.0,0.0,0.0,,,,,,,,,,,
USC00043491,1969,8,8,,,0.0,0.0,0.0,,,,,,,,,,,
USC00043491,1969,8,9,,,0.0,0.0,0.0,,,,,,,,,,,
USC00043491,1969,9,1,,,0.0,0.0,0.0,,,,,,,,,,,
USC00043491,1969,9,10,,,0.0,0.0,0.0,,,,,,,,,,,
USC00043491,1969,9,11,,,0.0,0.0,0.0,,,,,,,,,,,
USC00043491,1969,9,12,,,0.0,0.0,0.0,,,,,,,,,,,
USC00043491,1969,9,13,,,0.0,0.0,0.0,,,,,,,,,,,
USC00043491,1969,9,14,,,0.0,0.0,0.0,,,,,,,,,,,
USC00043491,1969,9,15,,,0.0,0.0,0.0,,,,,,,,,,,
USC00043491,1969,9,16,,,0.0,0.0,0.0,,,,,,,,,,,
USC00043491,1969,9,17,,,0.0,0.0,0.0,,,,,,,,,,,
USC00043491,1969,9,18,,,0.0,0.0,0.0,,,,,,,,,,,
USC00043491,1969,9,19,,,0.0,0.0,0.0,,,,,,,,,,,
USC00043491,1969,9,2,,,0.0,0.0,0.0,,,,,,,,,,,
USC00043491,1969,9,20,,,0.0,0.0,0.0,,,,,,,,,,,
USC00043491,1969,9,21,,,0.0,0.0,0.0,,,,,,,,,,,
USC00043491,1969,9,22,,,0.0,0.0,0.0,,,,,,,,,,,
USC00043491,1969,9,23,,,0.0,0.0,0.0,,,,,,,,,,,
USC00043491,1969,9,24,,,0.0,0.0,0.0,,,,,,,,,,,
USC00043491,1969,9,25,,,0.0,0.0,0.0,,,,,,,,,,,
USC00043491,1969,9,26,,,0.0,0.0,0.0,,,,,,,,,,,
USC00043491,1969,9,27,,,0.0,0.0,0.0,,,,,,,,,,,
USC00043491,1969,9,28,,,0.0,0.0,0.0,,,,,,,,,,,
USC00043491,1969,9,29,,,0.0,0.0,0.0,,,,,,,,,,,
USC00043491,1969,9,3,,,0.0,0.0,0.0,,,,,,,,,,,
USC00043491,1969,9,30,,,0.0,0.0,0.0,,,,,,,,,,,
USC00043491,1969,9,31,,,-9999.0,-9999.0,-9999.0,,,,,,,,,,,
USC00043491,1969,9,4,,,0.0,0.0,0.0,,,,,,,,,,,
USC00043491,1969,9,5,,,0.0,0.0,0.0,,,,,,,,,,,
USC00043491,1969,9,6,,,0.0,0.0,0.0,,,,,,,,,,,
USC00043491,1969,9,7,,,0.0,0.0,0.0,,,,,,,,,,,
USC00043491,1969,9,8,,,0.0,0.0,0.0,,,,,,,,,,,
USC00043491,1969,9,9,,,0.0,0.0,0.0,,,,,,,,,,,
USC00043491,1969,10,1,,,0.0,0.0,0.0,,,,,,,,,,,
USC00043491,1969,10,10,,,0.0,0.0,0.0,,,,,,,,,,,
USC00043491,1969,10,11,,,0.0,0.0,0.0,,,,,,,,,,,
USC00043491,1969,10,12,,,0.0,0.0,0.0,,,,,,,,,,,
USC00043491,1969,10,13,,,0.0,0.0,0.0,,,,,,,,,,,
USC00043491,1969,10,14,,,41.0,0.0,0.0,,,,,,,,,,,
USC00043491,1969,10,15,,,452.0,0.0,0.0,,,,,,,,,,,
USC00043491,1969,10,16,,,422.0,0.0,0.0,,,,,,,,,,,
USC00043491,1969,10,17,,,246.0,0.0,0.0,,,,,,,,,,,
USC00043491,1969,10,18,,,0.0,0.0,0.0,,,,,,,,,,,
USC00043491,1969,10,19,,,0.0,0.0,0.0,,,,,,,,,,,
USC00043491,1969,10,2,,,0.0,0.0,0.0,,,,,,,,,,,
USC00043491,1969,10,20,,,0.0,0.0,0.0,,,,,,,,,,,
USC00043491,1969,10,21,,,0.0,0.0,0.0,,,,,,,,,,,
USC00043491,1969,10,22,,,0.0,0.0,0.0,,,,,,,,,,,
USC00043491,1969,10,23,,,0.0,0.0,0.0,,,,,,,,,,,
USC00043491,1969,10,24,,,0.0,0.0,0.0,,,,,,,,,,,
USC00043491,1969,10,25,,,0.0,0.0,0.0,,,,,,,,,,,
USC00043491,1969,10,26,,,0.0,0.0,0.0,,,,,,,,,,,
USC00043491,1969,10,27,,,0.0,0.0,0.0,,,,,,,,,,,
USC00043491,1969,10,28,,,0.0,0.0,0.0,,,,,,,,,,,
USC00043491,1969,10,29,,,0.0,0.0,0.0,,,,,,,,,,,
USC00043491,1969,10,3,,,0.0,0.0,0.0,,,,,,,,,,,
USC00043491,1969,10,30,,,0.0,0.0,0.0,,,,,,,,,,,
USC00043491,1969,10,31,,,0.0,0.0,0.0,,,,,,,,,,,
USC00043491,1969,10,4,,,0.0,0.0,0.0,,,,,,,,,,,
USC00043491,1969,10,5,,,0.0,0.0,0.0,,,,,,,,,,,
USC00043491,1969,10,6,,,0.0,0.0,0.0,,,,,,,,,,,
USC00043491,1969,10,7,,,0.0,0.0,0.0,,,,,,,,,,,
USC00043491,1969,10,8,,,117.0,0.0,0.0,,,,,,,,,,,
USC00043491,1969,10,9,,,0.0,0.0,0.0,,,,,,,,,,,
USC00043491,1969,11,1,,,0.0,0.0,0.0,,,,,,,,,,,
USC00043491,1969,11,10,,,0.0,0.0,0.0,,,,,,,,,,,
USC00043491,1969,11,11,,,0.0,0.0,0.0,,,,,,,,,,,
USC00043491,1969,11,12,,,0.0,0.0,0.0,,,,,,,,,,,
USC00043491,1969,11,13,,,0.0,0.0,0.0,,,,,,,,,,,
USC00043491,1969,11,14,,,0.0,0.0,0.0,,,,,,,,,,,
USC00043491,1969,11,15,,,0.0,0.0,0.0,,,,,,,,,,,
USC00043491,1969,11,16,,,84.0,0.0,0.0,,,,,,,,,,,
USC00043491,1969,11,17,,,0.0,0.0,0.0,,,,,,,,,,,
USC00043491,1969,11,18,,,0.0,0.0,0.0,,,,,,,,,,,
USC00043491,1969,11,19,,,0.0,0.0,0.0,,,,,,,,,,,
USC00043491,1969,11,2,,,0.0,0.0,0.0,,,,,,,,,,,
USC00043491,1969,11,20,,,0.0,0.0,0.0,,,,,,,,,,,
USC00043491,1969,11,21,,,0.0,0.0,0.0,,,,,,,,,,,
USC00043491,1969,11,22,,,0.0,0.0,0.0,,,,,,,,,,,
USC00043491,1969,11,23,,,0.0,0.0,0.0,,,,,,,,,,,
USC00043491,1969,11,24,,,0.0,0.0,0.0,,,,,,,,,,,
USC00043491,1969,11,25,,,0.0,0.0,0.0,,,,,,,,,,,
USC00043491,1969,11,26,,,0.0,0.0,0.0,,,,,,,,,,,
USC00043491,1969,11,27,,,0.0,0.0,0.0,,,,,,,,,,,
USC00043491,1969,11,28,,,0.0,0.0,0.0,,,,,,,,,,,
USC00043491,1969,11,29,,,0.0,0.0,0.0,,,,,,,,,,,
USC00043491,1969,11,3,,,0.0,0.0,0.0,,,,,,,,,,,
USC00043491,1969,11,30,,,0.0,0.0,0.0,,,,,,,,,,,
USC00043491,1969,11,31,,,-9999.0,-9999.0,-9999.0,,,,,,,,,,,
USC00043491,1969,11,4,,,0.0,0.0,0.0,,,,,,,,,,,
USC00043491,1969,11,5,,,460.0,0.0,0.0,,,,,,,,,,,
USC00043491,1969,11,6,,,244.0,0.0,0.0,,,,,,,,,,,
USC00043491,1969,11,7,,,69.0,0.0,0.0,,,,,,,,,,,
USC00043491,1969,11,8,,,3.0,0.0,0.0,,,,,,,,,,,
USC00043491,1969,11,9,,,0.0,0.0,0.0,,,,,,,,,,,
USC00043491,1969,12,1,,,0.0,0.0,0.0,,,,,,,,,,,
USC00043491,1969,12,10,,,163.0,0.0,0.0,,,,,,,,,,,
USC00043491,1969,12,11,,,163.0,0.0,0.0,,,,,,,,,,,
USC00043491,1969,12,12,,,66.0,0.0,0.0,,,,,,,,,,,
USC00043491,1969,12,13,,,71.0,0.0,0.0,,,,,,,,,,,
USC00043491,1969,12,14,,,0.0,0.0,0.0,,,,,,,,,,,
USC00043491,1969,12,15,,,0.0,0.0,0.0,,,,,,,,,,,
USC00043491,1969,12,16,,,0.0,0.0,0.0,,,,,,,,,,,
USC00043491,1969,12,17,,,0.0,0.0,0.0,,,,,,,,,,,
USC00043491,1969,12,18,,,13.0,0.0,0.0,,,,,,,,,,,
USC00043491,1969,12,19,,,457.0,0.0,0.0,,,,,,,,,,,
USC00043491,1969,12,2,,,0.0,0.0,0.0,,,,,,,,,,,
USC00043491,1969,12,20,,,605.0,0.0,0.0,,,,,,,,,,,
USC00043491,1969,12,21,,,610.0,0.0,0.0,,,,,,,,,,,
USC00043491,1969,12,22,,,10.0,0.0,0.0,,,,,,,,,,,
USC00043491,1969,12,23,,,427.0,0.0,0.0,,,,,,,,,,,
USC00043491,1969,12,24,,,955.0,0.0,0.0,,,,,,,,,,,
USC00043491,1969,12,25,,,229.0,0.0,0.0,,,,,,,,,,,
USC00043491,1969,12,26,,,13.0,0.0,0.0,,,,,,,,,,,
USC00043491,1969,12,27,,,3.0,0.0,0.0,,,,,,,,,,,
USC00043491,1969,12,28,,,0.0,0.0,0.0,,,,,,,,,,,
USC00043491,1969,12,29,,,0.0,0.0,0.0,,,,,,,,,,,
USC00043491,1969,12,3,,,0.0,0.0,0.0,,,,,,,,,,,
USC00043491,1969,12,30,,,0.0,0.0,0.0,,,,,,,,,,,
USC00043491,1969,12,31,,,0.0,0.0,0.0,,,,,,,,,,,
USC00043491,1969,12,4,,,0.0,0.0,0.0,,,,,,,,,,,
USC00043491,1969,12,5,,,0.0,0.0,0.0,,,,,,,,,,,
USC00043491,1969,12,6,,,0.0,0.0,0.0,,,,,,,,,,,
USC00043491,1969,12,7,,,0.0,0.0,0.0,,,,,,,,,,,
USC00043491,1969,12,8,,,175.0,0.0,0.0,,,,,,,,,,,
USC00043491,1969,12,9,,,8.0,0.0,0.0,,,,,,,,,,,
USC00043491,1970,1,1,,,0.0,0.0,0.0,,,,,,,,,,,
USC00043491,1970,1,10,,,376.0,0.0,0.0,,,,,,,,,,,
USC00043491,1970,1,11,,,69.0,0.0,0.0,,,,,,,,,,,
USC00043491,1970,1,12,,,196.0,0.0,0.0,,,,,,,,,,,
USC00043491,1970,1,13,,,376.0,0.0,0.0,,,,,,,,,,,
USC00043491,1970,1,14,,,782.0,0.0,0.0,,,,,,,,,,,
USC00043491,1970,1,15,,,38.0,0.0,0.0,,,,,,,,,,,
USC00043491,1970,1,16,,,823.0,0.0,0.0,,,,,,,,,,,
USC00043491,1970,1,17,,,373.0,0.0,0.0,,,,,,,,,,,
USC00043491,1970,1,18,,,25.0,0.0,0.0,,,,,,,,,,,
USC00043491,1970,1,19,,,221.0,0.0,0.0,,,,,,,,,,,
USC00043491,1970,1,2,,,0.0,0.0,0.0,,,,,,,,,,,
USC00043491,1970,1,20,,,226.0,0.0,0.0,,,,,,,,,,,
USC00043491,1970,1,21,,,1422.0,0.0,0.0,,,,,,,,,,,
USC00043491,1970,1,22,,,419.0,0.0,0.0,,,,,,,,,,,
USC00043491,1970,1,23,,,18.0,0.0,0.0,,,,,,,,,,,
USC00043491,1970,1,24,,,470.0,0.0,0.0,,,,,,,,,,,
USC00043491,1970,1,25,,,8.0,0.0,0.0,,,,,,,,,,,
USC00043491,1970,1,26,,,0.0,0.0,0.0,,,,,,,,,,,
USC00043491,1970,1,27,,,523.0,0.0,0.0,,,,,,,,,,,
USC00043491,1970,1,28,,,0.0,0.0,0.0,,,,,,,,,,,
USC00043491,1970,1,29,,,0.0,0.0,0.0,,,,,,,,,,,
USC00043491,1970,1,3,,,0.0,0.0,0.0,,,,,,,,,,,
USC00043491,1970,1,30,,,20.0,0.0,0.0,,,,,,,,,,,
USC00043491,1970,1,31,,,0.0,0.0,0.0,,,,,,,,,,,
USC00043491,1970,1,4,,,0.0,0.0,0.0,,,,,,,,,,,
USC00043491,1970,1,5,,,0.0,0.0,0.0,,,,,,,,,,,
USC00043491,1970,1,6,,,0.0,0.0,0.0,,,,,,,,,,,
USC00043491,1970,1,7,,,0.0,0.0,0.0,,,,,,,,,,,
USC00043491,1970,1,8,,,97.0,0.0,0.0,,,,,,,,,,,
USC00043491,1970,1,9,,,300.0,0.0,0.0,,,,,,,,,,,
USC00043491,1970,2,1,,,0.0,0.0,0.0,,,,,,,,,,,
USC00043491,1970,2,10,,,0.0,0.0,0.0,,,,,,,,,,,
USC00043491,1970,2,11,,,46.0,0.0,0.0,,,,,,,,,,,
USC00043491,1970,2,12,,,191.0,0.0,0.0,,,,,,,,,,,
USC00043491,1970,2,13,,,282.0,0.0,0.0,,,,,,,,,,,
USC00043491,1970,2,14,,,122.0,0.0,0.0,,,,,,,,,,,
USC00043491,1970,2,15,,,0.0,0.0,0.0,,,,,,,,,,,
USC00043491,1970,2,16,,,46.0,0.0,0.0,,,,,,,,,,,
USC00043491,1970,2,17,,,330.0,0.0,0.0,,,,,,,,,,,
USC00043491,1970,2,18,,,0.0,0.0,0.0,,,,,,,,,,,
USC00043491,1970,2,19,,,0.0,0.0,0.0,,,,,,,,,,,
USC00043491,1970,2,2,,,0.0,0.0,0.0,,,,,,,,,,,
USC00043491,1970,2,20,,,0.0,0.0,0.0,,,,,,,,,,,
USC00043491,1970,2,21,,,0.0,0.0,0.0,,,,,,,,,,,
USC00043491,1970,2,22,,,0.0,0.0,0.0,,,,,,,,,,,
USC00043491,1970,2,23,,,0.0,0.0,0.0,,,,,,,,,,,
USC00043491,1970,2,24,,,0.0,0.0,0.0,,,,,,,,,,,
USC00043491,1970,2,25,,,0.0,0.0,0.0,,,,,,,,,,,
USC00043491,1970,2,26,,,0.0,0.0,0.0,,,,,,,,,,,
USC00043491,1970,2,27,,,0.0,0.0,0.0,,,,,,,,,,,
USC00043491,1970,2,28,,,89.0,0.0,0.0,,,,,,,,,,,
USC00043491,1970,2,29,,,-9999.0,-9999.0,-9999.0,,,,,,,,,,,
USC00043491,1970,2,3,,,0.0,0.0,0.0,,,,,,,,,,,
USC00043491,1970,2,30,,,-9999.0,-9999.0,-9999.0,,,,,,,,,,,
USC00043491,1970,2,31,,,-9999.0,-9999.0,-9999.0,,,,,,,,,,,
USC00043491,1970,2,4,,,0.0,0.0,0.0,,,,,,,,,,,
USC00043491,1970,2,5,,,0.0,0.0,0.0,,,,,,,,,,,
USC00043491,1970,2,6,,,0.0,0.0,0.0,,,,,,,,,,,
USC00043491,1970,2,7,,,0.0,0.0,0.0,,,,,,,,,,,
USC00043491,1970,2,8,,,0.0,0.0,0.0,,,,,,,,,,,
USC00043491,1970,2,9,,,0.0,0.0,0.0,,,,,,,,,,,
USC00043491,1970,3,1,,,566.0,0.0,0.0,,,,,,,,,,,
USC00043491,1970,3,10,,,160.0,0.0,0.0,,,,,,,,,,,
USC00043491,1970,3,11,,,0.0,0.0,0.0,,,,,,,,,,,
USC00043491,1970,3,12,,,0.0,0.0,0.0,,,,,,,,,,,
USC00043491,1970,3,13,,,0.0,0.0,0.0,,,,,,,,,,,
USC00043491,1970,3,14,,,13.0,0.0,0.0,,,,,,,,,,,
USC00043491,1970,3,15,,,0.0,0.0,0.0,,,,,,,,,,,
USC00043491,1970,3,16,,,0.0,0.0,0.0,,,,,,,,,,,
USC00043491,1970,3,17,,,0.0,0.0,0.0,,,,,,,,,,,
USC00043491,1970,3,18,,,0.0,0.0,0.0,,,,,,,,,,,
USC00043491,1970,3,19,,,0.0,0.0,0.0,,,,,,,,,,,
USC00043491,1970,3,2,,,0.0,0.0,0.0,,,,,,,,,,,
USC00043491,1970,3,20,,,0.0,0.0,0.0,,,,,,,,,,,
USC00043491,1970,3,21,,,0.0,0.0,0.0,,,,,,,,,,,
USC00043491,1970,3,22,,,0.0,0.0,0.0,,,,,,,,,,,
USC00043491,1970,3,23,,,0.0,0.0,0.0,,,,,,,,,,,
USC00043491,1970,3,24,,,0.0,0.0,0.0,,,,,,,,,,,
USC00043491,1970,3,25,,,0.0,0.0,0.0,,,,,,,,,,,
USC00043491,1970,3,26,,,0.0,0.0,0.0,,,,,,,,,,,
USC00043491,1970,3,27,,,0.0,0.0,0.0,,,,,,,,,,,
USC00043491,1970,3,28,,,0.0,0.0,0.0,,,,,,,,,,,
USC00043491,1970,3,29,,,0.0,0.0,0.0,,,,,,,,,,,
USC00043491,1970,3,3,,,0.0,0.0,0.0,,,,,,,,,,,
USC00043491,1970,3,30,,,0.0,0.0,0.0,,,,,,,,,,,
USC00043491,1970,3,31,,,0.0,0.0,0.0,,,,,,,,,,,
USC00043491,1970,3,4,,,102.0,0.0,0.0,,,,,,,,,,,
USC00043491,1970,3,5,,,23.0,0.0,0.0,,,,,,,,,,,
USC00043491,1970,3,6,,,0.0,0.0,0.0,,,,,,,,,,,
USC00043491,1970,3,7,,,18.0,0.0,0.0,,,,,,,,,,,
USC00043491,1970,3,8,,,391.0,0.0,0.0,,,,,,,,,,,
USC00043491,1970,3,9,,,0.0,0.0,0.0,,,,,,,,,,,
USC00043491,1970,4,1,,,0.0,0.0,0.0,,,,,,,,,,,
USC00043491,1970,4,10,,,0.0,0.0,0.0,,,,,,,,,,,
USC00043491,1970,4,11,,,0.0,0.0,0.0,,,,,,,,,,,
USC00043491,1970,4,12,,,0.0,0.0,0.0,,,,,,,,,,,
USC00043491,1970,4,13,,,79.0,0.0,0.0,,,,,,,,,,,
USC00043491,1970,4,14,,,76.0,0.0,0.0,,,,,,,,,,,
USC00043491,1970,4,15,,,0.0,0.0,0.0,,,,,,,,,,,
USC00043491,1970,4,16,,,15.0,0.0,0.0,,,,,,,,,,,
USC00043491,1970,4,17,,,8.0,0.0,0.0,,,,,,,,,,,
USC00043491,1970,4,18,,,0.0,0.0,0.0,,,,,,,,,,,
USC00043491,1970,4,19,,,102.0,0.0,0.0,,,,,,,,,,,
USC00043491,1970,4,2,,,0.0,0.0,0.0,,,,,,,,,,,
USC00043491,1970,4,20,,,0.0,0.0,0.0,,,,,,,,,,,
USC00043491,1970,4,21,,,0.0,0.0,0.0,,,,,,,,,,,
USC00043491,1970,4,22,,,0.0,0.0,0.0,,,,,,,,,,,
USC00043491,1970,4,23,,,0.0,0.0,0.0,,,,,,,,,,,
USC00043491,1970,4,24,,,0.0,0.0,0.0,,,,,,,,,,,
USC00043491,1970,4,25,,,0.0,0.0,0.0,,,,,,,,,,,
USC00043491,1970,4,26,,,84.0,0.0,0.0,,,,,,,,,,,
USC00043491,1970,4,27,,,114.0,0.0,0.0,,,,,,,,,,,
USC00043491,1970,4,28,,,0.0,0.0,0.0,,,,,,,,,,,
USC00043491,1970,4,29,,,0.0,0.0,0.0,,,,,,,,,,,
USC00043491,1970,4,3,,,0.0,0.0,0.0,,,,,,,,,,,
USC00043491,1970,4,30,,,0.0,0.0,0.0,,,,,,,,,,,
USC00043491,1970,4,31,,,-9999.0,-9999.0,-9999.0,,,,,,,,,,,
USC00043491,1970,4,4,,,0.0,0.0,0.0,,,,,,,,,,,
USC00043491,1970,4,5,,,0.0,0.0,0.0,,,,,,,,,,,
USC00043491,1970,4,6,,,0.0,0.0,0.0,,,,,,,,,,,
USC00043491,1970,4,7,,,0.0,0.0,0.0,,,,,,,,,,,
USC00043491,1970,4,8,,,0.0,0.0,0.0,,,,,,,,,,,
USC00043491,1970,4,9,,,0.0,0.0,0.0,,,,,,,,,,,
USC00043491,1970,5,1,,,0.0,0.0,0.0,,,,,,,,,,,
USC00043491,1970,5,10,,,30.0,0.0,0.0,,,,,,,,,,,
USC00043491,1970,5,11,,,0.0,0.0,0.0,,,,,,,,,,,
USC00043491,1970,5,12,,,0.0,0.0,0.0,,,,,,,,,,,
USC00043491,1970,5,13,,,0.0,0.0,0.0,,,,,,,,,,,
USC00043491,1970,5,14,,,0.0,0.0,0.0,,,,,,,,,,,
USC00043491,1970,5,15,,,0.0,0.0,0.0,,,,,,,,,,,
USC00043491,1970,5,16,,,0.0,0.0,0.0,,,,,,,,,,,
USC00043491,1970,5,17,,,0.0,0.0,0.0,,,,,,,,,,,
USC00043491,1970,5,18,,,0.0,0.0,0.0,,,,,,,,,,,
USC00043491,1970,5,19,,,0.0,0.0,0.0,,,,,,,,,,,
USC00043491,1970,5,2,,,0.0,0.0,0.0,,,,,,,,,,,
USC00043491,1970,5,20,,,0.0,0.0,0.0,,,,,,,,,,,
USC00043491,1970,5,21,,,0.0,0.0,0.0,,,,,,,,,,,
USC00043491,1970,5,22,,,0.0,0.0,0.0,,,,,,,,,,,
USC00043491,1970,5,23,,,0.0,0.0,0.0,,,,,,,,,,,
USC00043491,1970,5,24,,,0.0,0.0,0.0,,,,,,,,,,,
USC00043491,1970,5,25,,,0.0,0.0,0.0,,,,,,,,,,,
USC00043491,1970,5,26,,,0.0,0.0,0.0,,,,,,,,,,,
USC00043491,1970,5,27,,,0.0,0.0,0.0,,,,,,,,,,,
USC00043491,1970,5,28,,,0.0,0.0,0.0,,,,,,,,,,,
USC00043491,1970,5,29,,,0.0,0.0,0.0,,,,,,,,,,,
USC00043491,1970,5,3,,,0.0,0.0,0.0,,,,,,,,,,,
USC00043491,1970,5,30,,,0.0,0.0,0.0,,,,,,,,,,,
USC00043491,1970,5,31,,,0.0,0.0,0.0,,,,,,,,,,,
USC00043491,1970,5,4,,,0.0,0.0,0.0,,,,,,,,,,,
USC00043491,1970,5,5,,,0.0,0.0,0.0,,,,,,,,,,,
USC00043491,1970,5,6,,,0.0,0.0,0.0,,,,,,,,,,,
USC00043491,1970,5,7,,,0.0,0.0,0.0,,,,,,,,,,,
USC00043491,1970,5,8,,,30.0,0.0,0.0,,,,,,,,,,,
USC00043491,1970,5,9,,,0.0,0.0,0.0,,,,,,,,,,,
USC00043491,1970,6,1,,,0.0,0.0,0.0,,,,,,,,,,,
USC00043491,1970,6,10,,,5.0,0.0,0.0,,,,,,,,,,,
USC00043491,1970,6,11,,,0.0,0.0,0.0,,,,,,,,,,,
USC00043491,1970,6,12,,,20.0,0.0,0.0,,,,,,,,,,,
USC00043491,1970,6,13,,,15.0,0.0,0.0,,,,,,,,,,,
USC00043491,1970,6,14,,,13.0,0.0,0.0,,,,,,,,,,,
USC00043491,1970,6,15,,,0.0,0.0,0.0,,,,,,,,,,,
USC00043491,1970,6,16,,,0.0,0.0,0.0,,,,,,,,,,,
USC00043491,1970,6,17,,,0.0,0.0,0.0,,,,,,,,,,,
USC00043491,1970,6,18,,,0.0,0.0,0.0,,,,,,,,,,,
USC00043491,1970,6,19,,,0.0,0.0,0.0,,,,,,,,,,,
USC00043491,1970,6,2,,,0.0,0.0,0.0,,,,,,,,,,,
USC00043491,1970,6,20,,,0.0,0.0,0.0,,,,,,,,,,,
USC00043491,1970,6,21,,,0.0,0.0,0.0,,,,,,,,,,,
USC00043491,1970,6,22,,,0.0,0.0,0.0,,,,,,,,,,,
USC00043491,1970,6,23,,,0.0,0.0,0.0,,,,,,,,,,,
USC00043491,1970,6,24,,,0.0,0.0,0.0,,,,,,,,,,,
USC00043491,1970,6,25,,,0.0,0.0,0.0,,,,,,,,,,,
USC00043491,1970,6,26,,,15.0,0.0,0.0,,,,,,,,,,,
USC00043491,1970,6,27,,,0.0,0.0,0.0,,,,,,,,,,,
USC00043491,1970,6,28,,,5.0,0.0,0.0,,,,,,,,,,,
USC00043491,1970,6,29,,,36.0,0.0,0.0,,,,,,,,,,,
USC00043491,1970,6,3,,,0.0,0.0,0.0,,,,,,,,,,,
USC00043491,1970,6,30,,,0.0,0.0,0.0,,,,,,,,,,,
USC00043491,1970,6,31,,,-9999.0,-9999.0,-9999.0,,,,,,,,,,,
USC00043491,1970,6,4,,,0.0,0.0,0.0,,,,,,,,,,,
USC00043491,1970,6,5,,,0.0,0.0,0.0,,,,,,,,,,,
USC00043491,1970,6,6,,,0.0,0.0,0.0,,,,,,,,,,,
USC00043491,1970,6,7,,,0.0,0.0,0.0,,,,,,,,,,,
USC00043491,1970,6,8,,,25.0,0.0,0.0,,,,,,,,,,,
USC00043491,1970,6,9,,,191.0,0.0,0.0,,,,,,,,,,,
USC00043491,1970,7,1,,,0.0,0.0,0.0,,,,,,,,,,,
USC00043491,1970,7,10,,,0.0,0.0,0.0,,,,,,,,,,,
USC00043491,1970,7,11,,,0.0,0.0,0.0,,,,,,,,,,,
USC00043491,1970,7,12,,,0.0,0.0,0.0,,,,,,,,,,,
USC00043491,1970,7,13,,,0.0,0.0,0.0,,,,,,,,,,,
USC00043491,1970,7,14,,,0.0,0.0,0.0,,,,,,,,,,,
USC00043491,1970,7,15,,,0.0,0.0,0.0,,,,,,,,,,,
USC00043491,1970,7,16,,,0.0,0.0,0.0,,,,,,,,,,,
USC00043491,1970,7,17,,,0.0,0.0,0.0,,,,,,,,,,,
USC00043491,1970,7,18,,,0.0,0.0,0.0,,,,,,,,,,,
USC00043491,1970,7,19,,,0.0,0.0,0.0,,,,,,,,,,,
USC00043491,1970,7,2,,,0.0,0.0,0.0,,,,,,,,,,,
USC00043491,1970,7,20,,,0.0,0.0,0.0,,,,,,,,,,,
USC00043491,1970,7,21,,,0.0,0.0,0.0,,,,,,,,,,,
USC00043491,1970,7,22,,,0.0,0.0,0.0,,,,,,,,,,,
USC00043491,1970,7,23,,,0.0,0.0,0.0,,,,,,,,,,,
USC00043491,1970,7,24,,,0.0,0.0,0.0,,,,,,,,,,,
USC00043491,1970,7,25,,,0.0,0.0,0.0,,,,,,,,,,,
USC00043491,1970,7,26,,,0.0,0.0,0.0,,,,,,,,,,,
USC00043491,1970,7,27,,,0.0,0.0,0.0,,,,,,,,,,,
USC00043491,1970,7,28,,,0.0,0.0,0.0,,,,,,,,,,,
USC00043491,1970,7,29,,,0.0,0.0,0.0,,,,,,,,,,,
USC00043491,1970,7,3,,,0.0,0.0,0.0,,,,,,,,,,,
USC00043491,1970,7,30,,,0.0,0.0,0.0,,,,,,,,,,,
USC00043491,1970,7,31,,,0.0,0.0,0.0,,,,,,,,,,,
USC00043491,1970,7,4,,,0.0,0.0,0.0,,,,,,,,,,,
USC00043491,1970,7,5,,,0.0,0.0,0.0,,,,,,,,,,,
USC00043491,1970,7,6,,,0.0,0.0,0.0,,,,,,,,,,,
USC00043491,1970,7,7,,,0.0,0.0,0.0,,,,,,,,,,,
USC00043491,1970,7,8,,,0.0,0.0,0.0,,,,,,,,,,,
USC00043491,1970,7,9,,,0.0,0.0,0.0,,,,,,,,,,,
USC00043491,1970,8,1,,,0.0,0.0,0.0,,,,,,,,,,,
USC00043491,1970,8,10,,,0.0,0.0,0.0,,,,,,,,,,,
USC00043491,1970,8,11,,,0.0,0.0,0.0,,,,,,,,,,,
USC00043491,1970,8,12,,,0.0,0.0,0.0,,,,,,,,,,,
USC00043491,1970,8,13,,,0.0,0.0,0.0,,,,,,,,,,,
USC00043491,1970,8,14,,,0.0,0.0,0.0,,,,,,,,,,,
USC00043491,1970,8,15,,,0.0,0.0,0.0,,,,,,,,,,,
USC00043491,1970,8,16,,,0.0,0.0,0.0,,,,,,,,,,,
USC00043491,1970,8,17,,,0.0,0.0,0.0,,,,,,,,,,,
USC00043491,1970,8,18,,,0.0,0.0,0.0,,,,,,,,,,,
USC00043491,1970,8,19,,,0.0,0.0,0.0,,,,,,,,,,,
USC00043491,1970,8,2,,,0.0,0.0,0.0,,,,,,,,,,,
USC00043491,1970,8,20,,,0.0,0.0,0.0,,,,,,,,,,,
USC00043491,1970,8,21,,,0.0,0.0,0.0,,,,,,,,,,,
USC00043491,1970,8,22,,,0.0,0.0,0.0,,,,,,,,,,,
USC00043491,1970,8,23,,,0.0,0.0,0.0,,,,,,,,,,,
USC00043491,1970,8,24,,,0.0,0.0,0.0,,,,,,,,,,,
USC00043491,1970,8,25,,,0.0,0.0,0.0,,,,,,,,,,,
USC00043491,1970,8,26,,,0.0,0.0,0.0,,,,,,,,,,,
USC00043491,1970,8,27,,,0.0,0.0,0.0,,,,,,,,,,,
USC00043491,1970,8,28,,,0.0,0.0,0.0,,,,,,,,,,,
USC00043491,1970,8,29,,,0.0,0.0,0.0,,,,,,,,,,,
USC00043491,1970,8,3,,,0.0,0.0,0.0,,,,,,,,,,,
USC00043491,1970,8,30,,,0.0,0.0,0.0,,,,,,,,,,,
USC00043491,1970,8,31,,,0.0,0.0,0.0,,,,,,,,,,,
USC00043491,1970,8,4,,,0.0,0.0,0.0,,,,,,,,,,,
USC00043491,1970,8,5,,,0.0,0.0,0.0,,,,,,,,,,,
USC00043491,1970,8,6,,,0.0,0.0,0.0,,,,,,,,,,,
USC00043491,1970,8,7,,,0.0,0.0,0.0,,,,,,,,,,,
USC00043491,1970,8,8,,,0.0,0.0,0.0,,,,,,,,,,,
USC00043491,1970,8,9,,,0.0,0.0,0.0,,,,,,,,,,,
USC00043491,1970,9,1,,,0.0,0.0,0.0,,,,,,,,,,,
USC00043491,1970,9,10,,,0.0,0.0,0.0,,,,,,,,,,,
USC00043491,1970,9,11,,,0.0,0.0,0.0,,,,,,,,,,,
USC00043491,1970,9,12,,,0.0,0.0,0.0,,,,,,,,,,,
USC00043491,1970,9,13,,,0.0,0.0,0.0,,,,,,,,,,,
USC00043491,1970,9,14,,,0.0,0.0,0.0,,,,,,,,,,,
USC00043491,1970,9,15,,,0.0,0.0,0.0,,,,,,,,,,,
USC00043491,1970,9,16,,,0.0,0.0,0.0,,,,,,,,,,,
USC00043491,1970,9,17,,,0.0,0.0,0.0,,,,,,,,,,,
USC00043491,1970,9,18,,,0.0,0.0,0.0,,,,,,,,,,,
USC00043491,1970,9,19,,,0.0,0.0,0.0,,,,,,,,,,,
USC00043491,1970,9,2,,,0.0,0.0,0.0,,,,,,,,,,,
USC00043491,1970,9,20,,,0.0,0.0,0.0,,,,,,,,,,,
USC00043491,1970,9,21,,,0.0,0.0,0.0,,,,,,,,,,,
USC00043491,1970,9,22,,,0.0,0.0,0.0,,,,,,,,,,,
USC00043491,1970,9,23,,,0.0,0.0,0.0,,,,,,,,,,,
USC00043491,1970,9,24,,,0.0,0.0,0.0,,,,,,,,,,,
USC00043491,1970,9,25,,,0.0,0.0,0.0,,,,,,,,,,,
USC00043491,1970,9,26,,,0.0,0.0,0.0,,,,,,,,,,,
USC00043491,1970,9,27,,,0.0,0.0,0.0,,,,,,,,,,,
USC00043491,1970,9,28,,,0.0,0.0,0.0,,,,,,,,,,,
USC00043491,1970,9,29,,,0.0,0.0,0.0,,,,,,,,,,,
USC00043491,1970,9,3,,,0.0,0.0,0.0,,,,,,,,,,,
USC00043491,1970,9,30,,,0.0,0.0,0.0,,,,,,,,,,,
USC00043491,1970,9,31,,,-9999.0,-9999.0,-9999.0,,,,,,,,,,,
USC00043491,1970,9,4,,,0.0,0.0,0.0,,,,,,,,,,,
USC00043491,1970,9,5,,,10.0,0.0,0.0,,,,,,,,,,,
USC00043491,1970,9,6,,,0.0,0.0,0.0,,,,,,,,,,,
USC00043491,1970,9,7,,,0.0,0.0,0.0,,,,,,,,,,,
USC00043491,1970,9,8,,,0.0,0.0,0.0,,,,,,,,,,,
USC00043491,1970,9,9,,,0.0,0.0,0.0,,,,,,,,,,,
USC00043491,1970,10,1,,,0.0,0.0,0.0,,,,,,,,,,,
USC00043491,1970,10,10,,,0.0,0.0,0.0,,,,,,,,,,,
USC00043491,1970,10,11,,,0.0,0.0,0.0,,,,,,,,,,,
USC00043491,1970,10,12,,,0.0,0.0,0.0,,,,,,,,,,,
USC00043491,1970,10,13,,,0.0,0.0,0.0,,,,,,,,,,,
USC00043491,1970,10,14,,,0.0,0.0,0.0,,,,,,,,,,,
USC00043491,1970,10,15,,,0.0,0.0,0.0,,,,,,,,,,,
USC00043491,1970,10,16,,,0.0,0.0,0.0,,,,,,,,,,,
USC00043491,1970,10,17,,,0.0,0.0,0.0,,,,,,,,,,,
USC00043491,1970,10,18,,,3.0,0.0,0.0,,,,,,,,,,,
USC00043491,1970,10,19,,,0.0,0.0,0.0,,,,,,,,,,,
USC00043491,1970,10,2,,,0.0,0.0,0.0,,,,,,,,,,,
USC00043491,1970,10,20,,,208.0,0.0,0.0,,,,,,,,,,,
USC00043491,1970,10,21,,,5.0,0.0,0.0,,,,,,,,,,,
USC00043491,1970,10,22,,,102.0,0.0,0.0,,,,,,,,,,,
USC00043491,1970,10,23,,,340.0,0.0,0.0,,,,,,,,,,,
USC00043491,1970,10,24,,,30.0,0.0,0.0,,,,,,,,,,,
USC00043491,1970,10,25,,,0.0,0.0,0.0,,,,,,,,,,,
USC00043491,1970,10,26,,,0.0,0.0,0.0,,,,,,,,,,,
USC00043491,1970,10,27,,,0.0,0.0,0.0,,,,,,,,,,,
USC00043491,1970,10,28,,,0.0,0.0,0.0,,,,,,,,,,,
USC00043491,1970,10,29,,,0.0,0.0,0.0,,,,,,,,,,,
USC00043491,1970,10,3,,,0.0,0.0,0.0,,,,,,,,,,,
USC00043491,1970,10,30,,,23.0,0.0,0.0,,,,,,,,,,,
USC00043491,1970,10,31,,,0.0,0.0,0.0,,,,,,,,,,,
USC00043491,1970,10,4,,,0.0,0.0,0.0,,,,,,,,,,,
USC00043491,1970,10,5,,,0.0,0.0,0.0,,,,,,,,,,,
USC00043491,1970,10,6,,,0.0,0.0,0.0,,,,,,,,,,,
USC00043491,1970,10,7,,,0.0,0.0,0.0,,,,,,,,,,,
USC00043491,1970,10,8,,,0.0,0.0,0.0,,,,,,,,,,,
USC00043491,1970,10,9,,,0.0,0.0,0.0,,,,,,,,,,,
USC00043491,1970,11,1,,,0.0,,,,,,,,,,,,,
USC00043491,1970,11,10,,,56.0,,,,,,,,,,,,,
USC00043491,1970,11,11,,,135.0,,,,,,,,,,,,,
USC00043491,1970,11,12,,,84.0,,,,,,,,,,,,,
USC00043491,1970,11,13,,,0.0,,,,,,,,,,,,,
USC00043491,1970,11,14,,,0.0,,,,,,,,,,,,,
USC00043491,1970,11,15,,,0.0,,,,,,,,,,,,,
USC00043491,1970,11,16,,,0.0,,,,,,,,,,,,,
USC00043491,1970,11,17,,,0.0,,,,,,,,,,,,,
USC00043491,1970,11,18,,,0.0,,,,,,,,,,,,,
USC00043491,1970,11,19,,,0.0,,,,,,,,,,,,,
USC00043491,1970,11,2,,,0.0,,,,,,,,,,,,,
USC00043491,1970,11,20,,,0.0,,,,,,,,,,,,,
USC00043491,1970,11,21,,,0.0,,,,,,,,,,,,,
USC00043491,1970,11,22,,,0.0,,,,,,,,,,,,,
USC00043491,1970,11,23,,,0.0,,,,,,,,,,,,,
USC00043491,1970,11,24,,,30.0,,,,,,,,,,,,,
USC00043491,1970,11,25,,,1003.0,,,,,,,,,,,,,
USC00043491,1970,11,26,,,262.0,,,,,,,,,,,,,
USC00043491,1970,11,27,,,30.0,,,,,,,,,,,,,
USC00043491,1970,11,28,,,470.0,,,,,,,,,,,,,
USC00043491,1970,11,29,,,320.0,,,,,,,,,,,,,
USC00043491,1970,11,3,,,0.0,,,,,,,,,,,,,
USC00043491,1970,11,30,,,333.0,,,,,,,,,,,,,
USC00043491,1970,11,31,,,-9999.0,,,,,,,,,,,,,
USC00043491,1970,11,4,,,201.0,,,,,,,,,,,,,
USC00043491,1970,11,5,,,630.0,,,,,,,,,,,,,
USC00043491,1970,11,6,,,546.0,,,,,,,,,,,,,
USC00043491,1970,11,7,,,66.0,,,,,,,,,,,,,
USC00043491,1970,11,8,,,3.0,,,,,,,,,,,,,
USC00043491,1970,11,9,,,30.0,,,,,,,,,,,,,
USC00043491,1970,12,1,,,503.0,,,,,,,,,,,,,
USC00043491,1970,12,10,,,0.0,,,,,,,,,,,,,
USC00043491,1970,12,11,,,0.0,,,,,,,,,,,,,
USC00043491,1970,12,12,,,0.0,,,,,,,,,,,,,
USC00043491,1970,12,13,,,0.0,,,,,,,,,,,,,
USC00043491,1970,12,14,,,0.0,,,,,,,,,,,,,
USC00043491,1970,12,15,,,0.0,,,,,,,,,,,,,
USC00043491,1970,12,16,,,622.0,,,,,,,,,,,,,
USC00043491,1970,12,17,,,282.0,,,,,,,,,,,,,
USC00043491,1970,12,18,,,43.0,,,,,,,,,,,,,
USC00043491,1970,12,19,,,0.0,,,,,,,,,,,,,
USC00043491,1970,12,2,,,658.0,,,,,,,,,,,,,
USC00043491,1970,12,20,,,99.0,,,,,,,,,,,,,
USC00043491,1970,12,21,,,351.0,,,,,,,,,,,,,
USC00043491,1970,12,22,,,3.0,,,,,,,,,,,,,
USC00043491,1970,12,23,,,0.0,,,,,,,,,,,,,
USC00043491,1970,12,24,,,0.0,,,,,,,,,,,,,
USC00043491,1970,12,25,,,0.0,,,,,,,,,,,,,
USC00043491,1970,12,26,,,30.0,,,,,,,,,,,,,
USC00043491,1970,12,27,,,152.0,,,,,,,,,,,,,
USC00043491,1970,12,28,,,107.0,,,,,,,,,,,,,
USC00043491,1970,12,29,,,378.0,,,,,,,,,,,,,
USC00043491,1970,12,3,,,173.0,,,,,,,,,,,,,
USC00043491,1970,12,30,,,0.0,,,,,,,,,,,,,
USC00043491,1970,12,31,,,0.0,,,,,,,,,,,,,
USC00043491,1970,12,4,,,815.0,,,,,,,,,,,,,
USC00043491,1970,12,5,,,38.0,,,,,,,,,,,,,
USC00043491,1970,12,6,,,0.0,,,,,,,,,,,,,
USC00043491,1970,12,7,,,28.0,,,,,,,,,,,,,
USC00043491,1970,12,8,,,122.0,,,,,,,,,,,,,
USC00043491,1970,12,9,,,8.0,,,,,,,,,,,,,
USC00043491,1971,1,1,,,0.0,,,,,,,,,,,,,
USC00043491,1971,1,10,,,132.0,,,,,,,,,,,,,
USC00043491,1971,1,11,,,366.0,,,,,,,,,,,,,
USC00043491,1971,1,12,,,348.0,,,,,,,,,,,,,
USC00043491,1971,1,13,,,312.0,,,,,,,,,,,,,
USC00043491,1971,1,14,,,269.0,,,,,,,,,,,,,
USC00043491,1971,1,15,,,0.0,,,,,,,,,,,,,
USC00043491,1971,1,16,,,94.0,,,,,,,,,,,,,
USC00043491,1971,1,17,,,168.0,,,,,,,,,,,,,
USC00043491,1971,1,18,,,5.0,,,,,,,,,,,,,
USC00043491,1971,1,19,,,0.0,,,,,,,,,,,,,
USC00043491,1971,1,2,,,61.0,,,,,,,,,,,,,
USC00043491,1971,1,20,,,0.0,,,,,,,,,,,,,
USC00043491,1971,1,21,,,0.0,,,,,,,,,,,,,
USC00043491,1971,1,22,,,0.0,,,,,,,,,,,,,
USC00043491,1971,1,23,,,0.0,,,,,,,,,,,,,
USC00043491,1971,1,24,,,0.0,,,,,,,,,,,,,
USC00043491,1971,1,25,,,0.0,,,,,,,,,,,,,
USC00043491,1971,1,26,,,0.0,,,,,,,,,,,,,
USC00043491,1971,1,27,,,0.0,,,,,,,,,,,,,
USC00043491,1971,1,28,,,0.0,,,,,,,,,,,,,
USC00043491,1971,1,29,,,0.0,,,,,,,,,,,,,
USC00043491,1971,1,3,,,0.0,,,,,,,,,,,,,
USC00043491,1971,1,30,,,0.0,,,,,,,,,,,,,
USC00043491,1971,1,31,,,0.0,,,,,,,,,,,,,
USC00043491,1971,1,4,,,0.0,,,,,,,,,,,,,
USC00043491,1971,1,5,,,0.0,,,,,,,,,,,,,
USC00043491,1971,1,6,,,0.0,,,,,,,,,,,,,
USC00043491,1971,1,7,,,0.0,,,,,,,,,,,,,
USC00043491,1971,1,8,,,0.0,,,,,,,,,,,,,
USC00043491,1971,1,9,,,0.0,,,,,,,,,,,,,
USC00043491,1971,2,1,,,0.0,,,,,,,,,,,,,
USC00043491,1971,2,10,,,0.0,,,,,,,,,,,,,
USC00043491,1971,2,11,,,0.0,,,,,,,,,,,,,
USC00043491,1971,2,12,,,0.0,,,,,,,,,,,,,
USC00043491,1971,2,13,,,0.0,,,,,,,,,,,,,
USC00043491,1971,2,14,,,0.0,,,,,,,,,,,,,
USC00043491,1971,2,15,,,41.0,,,,,,,,,,,,,
USC00043491,1971,2,16,,,0.0,,,,,,,,,,,,,
USC00043491,1971,2,17,,,0.0,,,,,,,,,,,,,
USC00043491,1971,2,18,,,38.0,,,,,,,,,,,,,
USC00043491,1971,2,19,,,188.0,,,,,,,,,,,,,
USC00043491,1971,2,2,,,0.0,,,,,,,,,,,,,
USC00043491,1971,2,20,,,0.0,,,,,,,,,,,,,
USC00043491,1971,2,21,,,0.0,,,,,,,,,,,,,
USC00043491,1971,2,22,,,33.0,,,,,,,,,,,,,
USC00043491,1971,2,23,,,0.0,,,,,,,,,,,,,
USC00043491,1971,2,24,,,0.0,,,,,,,,,,,,,
USC00043491,1971,2,25,,,0.0,,,,,,,,,,,,,
USC00043491,1971,2,26,,,0.0,,,,,,,,,,,,,
USC00043491,1971,2,27,,,76.0,,,,,,,,,,,,,
USC00043491,1971,2,28,,,53.0,,,,,,,,,,,,,
USC00043491,1971,2,29,,,-9999.0,,,,,,,,,,,,,
USC00043491,1971,2,3,,,0.0,,,,,,,,,,,,,
USC00043491,1971,2,30,,,-9999.0,,,,,,,,,,,,,
USC00043491,1971,2,31,,,-9999.0,,,,,,,,,,,,,
USC00043491,1971,2,4,,,0.0,,,,,,,,,,,,,
USC00043491,1971,2,5,,,0.0,,,,,,,,,,,,,
USC00043491,1971,2,6,,,0.0,,,,,,,,,,,,,
USC00043491,1971,2,7,,,0.0,,,,,,,,,,,,,
USC00043491,1971,2,8,,,0.0,,,,,,,,,,,,,
USC00043491,1971,2,9,,,0.0,,,,,,,,,,,,,
USC00043491,1971,3,1,,,10.0,0.0,0.0,,,,,,,,,,,
USC00043491,1971,3,10,,,0.0,0.0,0.0,,,,,,,,,,,
USC00043491,1971,3,11,,,145.0,0.0,0.0,,,,,,,,,,,
USC00043491,1971,3,12,,,653.0,0.0,0.0,,,,,,,,,,,
USC00043491,1971,3,13,,,0.0,0.0,0.0,,,,,,,,,,,
USC00043491,1971,3,14,,,109.0,0.0,0.0,,,,,,,,,,,
USC00043491,1971,3,15,,,30.0,0.0,0.0,,,,,,,,,,,
USC00043491,1971,3,16,,,0.0,0.0,0.0,,,,,,,,,,,
USC00043491,1971,3,17,,,74.0,0.0,0.0,,,,,,,,,,,
USC00043491,1971,3,18,,,0.0,0.0,0.0,,,,,,,,,,,
USC00043491,1971,3,19,,,0.0,0.0,0.0,,,,,,,,,,,
USC00043491,1971,3,2,,,0.0,0.0,0.0,,,,,,,,,,,
USC00043491,1971,3,20,,,0.0,0.0,0.0,,,,,,,,,,,
USC00043491,1971,3,21,,,0.0,0.0,0.0,,,,,,,,,,,
USC00043491,1971,3,22,,,0.0,0.0,0.0,,,,,,,,,,,
USC00043491,1971,3,23,,,307.0,0.0,0.0,,,,,,,,,,,
USC00043491,1971,3,24,,,33.0,0.0,0.0,,,,,,,,,,,
USC00043491,1971,3,25,,,452.0,0.0,0.0,,,,,,,,,,,
USC00043491,1971,3,26,,,620.0,0.0,0.0,,,,,,,,,,,
USC00043491,1971,3,27,,,3.0,0.0,0.0,,,,,,,,,,,
USC00043491,1971,3,28,,,0.0,0.0,0.0,,,,,,,,,,,
USC00043491,1971,3,29,,,0.0,0.0,0.0,,,,,,,,,,,
USC00043491,1971,3,3,,,3.0,0.0,0.0,,,,,,,,,,,
USC00043491,1971,3,30,,,0.0,0.0,0.0,,,,,,,,,,,
USC00043491,1971,3,31,,,0.0,0.0,0.0,,,,,,,,,,,
USC00043491,1971,3,4,,,0.0,0.0,0.0,,,,,,,,,,,
USC00043491,1971,3,5,,,5.0,0.0,0.0,,,,,,,,,,,
USC00043491,1971,3,6,,,0.0,0.0,0.0,,,,,,,,,,,
USC00043491,1971,3,7,,,0.0,0.0,0.0,,,,,,,,,,,
USC00043491,1971,3,8,,,0.0,0.0,0.0,,,,,,,,,,,
USC00043491,1971,3,9,,,0.0,0.0,0.0,,,,,,,,,,,
USC00043491,1971,4,1,,,0.0,0.0,0.0,,,,,,,,,,,
USC00043491,1971,4,10,,,241.0,0.0,0.0,,,,,,,,,,,
USC00043491,1971,4,11,,,0.0,0.0,0.0,,,,,,,,,,,
USC00043491,1971,4,12,,,0.0,0.0,0.0,,,,,,,,,,,
USC00043491,1971,4,13,,,0.0,0.0,0.0,,,,,,,,,,,
USC00043491,1971,4,14,,,3.0,0.0,0.0,,,,,,,,,,,
USC00043491,1971,4,15,,,0.0,0.0,0.0,,,,,,,,,,,
USC00043491,1971,4,16,,,0.0,0.0,0.0,,,,,,,,,,,
USC00043491,1971,4,17,,,196.0,0.0,0.0,,,,,,,,,,,
USC00043491,1971,4,18,,,0.0,0.0,0.0,,,,,,,,,,,
USC00043491,1971,4,19,,,0.0,0.0,0.0,,,,,,,,,,,
USC00043491,1971,4,2,,,0.0,0.0,0.0,,,,,,,,,,,
USC00043491,1971,4,20,,,99.0,0.0,0.0,,,,,,,,,,,
USC00043491,1971,4,21,,,13.0,0.0,0.0,,,,,,,,,,,
USC00043491,1971,4,22,,,0.0,0.0,0.0,,,,,,,,,,,
USC00043491,1971,4,23,,,0.0,0.0,0.0,,,,,,,,,,,
USC00043491,1971,4,24,,,8.0,0.0,0.0,,,,,,,,,,,
USC00043491,1971,4,25,,,0.0,0.0,0.0,,,,,,,,,,,
USC00043491,1971,4,26,,,13.0,0.0,0.0,,,,,,,,,,,
USC00043491,1971,4,27,,,0.0,0.0,0.0,,,,,,,,,,,
USC00043491,1971,4,28,,,0.0,0.0,0.0,,,,,,,,,,,
USC00043491,1971,4,29,,,0.0,0.0,0.0,,,,,,,,,,,
USC00043491,1971,4,3,,,0.0,0.0,0.0,,,,,,,,,,,
USC00043491,1971,4,30,,,0.0,0.0,0.0,,,,,,,,,,,
USC00043491,1971,4,31,,,-9999.0,-9999.0,-9999.0,,,,,,,,,,,
USC00043491,1971,4,4,,,0.0,0.0,0.0,,,,,,,,,,,
USC00043491,1971,4,5,,,0.0,0.0,0.0,,,,,,,,,,,
USC00043491,1971,4,6,,,0.0,0.0,0.0,,,,,,,,,,,
USC00043491,1971,4,7,,,112.0,0.0,0.0,,,,,,,,,,,
USC00043491,1971,4,8,,,0.0,0.0,0.0,,,,,,,,,,,
USC00043491,1971,4,9,,,0.0,0.0,0.0,,,,,,,,,,,
USC00043491,1971,5,1,,,0.0,0.0,0.0,,,,,,,,,,,
USC00043491,1971,5,10,,,0.0,0.0,0.0,,,,,,,,,,,
USC00043491,1971,5,11,,,0.0,0.0,0.0,,,,,,,,,,,
USC00043491,1971,5,12,,,0.0,0.0,0.0,,,,,,,,,,,
USC00043491,1971,5,13,,,0.0,0.0,0.0,,,,,,,,,,,
USC00043491,1971,5,14,,,0.0,0.0,0.0,,,,,,,,,,,
USC00043491,1971,5,15,,,0.0,0.0,0.0,,,,,,,,,,,
USC00043491,1971,5,16,,,0.0,0.0,0.0,,,,,,,,,,,
USC00043491,1971,5,17,,,0.0,0.0,0.0,,,,,,,,,,,
USC00043491,1971,5,18,,,0.0,0.0,0.0,,,,,,,,,,,
USC00043491,1971,5,19,,,0.0,0.0,0.0,,,,,,,,,,,
USC00043491,1971,5,2,,,18.0,0.0,0.0,,,,,,,,,,,
USC00043491,1971,5,20,,,0.0,0.0,0.0,,,,,,,,,,,
USC00043491,1971,5,21,,,0.0,0.0,0.0,,,,,,,,,,,
USC00043491,1971,5,22,,,0.0,0.0,0.0,,,,,,,,,,,
USC00043491,1971,5,23,,,0.0,0.0,0.0,,,,,,,,,,,
USC00043491,1971,5,24,,,0.0,0.0,0.0,,,,,,,,,,,
USC00043491,1971,5,25,,,0.0,0.0,0.0,,,,,,,,,,,
USC00043491,1971,5,26,,,46.0,0.0,0.0,,,,,,,,,,,
USC00043491,1971,5,27,,,18.0,0.0,0.0,,,,,,,,,,,
USC00043491,1971,5,28,,,28.0,0.0,0.0,,,,,,,,,,,
USC00043491,1971,5,29,,,13.0,0.0,0.0,,,,,,,,,,,
USC00043491,1971,5,3,,,124.0,0.0,0.0,,,,,,,,,,,
USC00043491,1971,5,30,,,15.0,0.0,0.0,,,,,,,,,,,
USC00043491,1971,5,31,,,64.0,0.0,0.0,,,,,,,,,,,
USC00043491,1971,5,4,,,147.0,0.0,0.0,,,,,,,,,,,
USC00043491,1971,5,5,,,0.0,0.0,0.0,,,,,,,,,,,
USC00043491,1971,5,6,,,13.0,0.0,0.0,,,,,,,,,,,
USC00043491,1971,5,7,,,0.0,0.0,0.0,,,,,,,,,,,
USC00043491,1971,5,8,,,173.0,0.0,0.0,,,,,,,,,,,
USC00043491,1971,5,9,,,8.0,0.0,0.0,,,,,,,,,,,
USC00043491,1971,6,1,,,0.0,0.0,0.0,,,,,,,,,,,
USC00043491,1971,6,10,,,0.0,0.0,0.0,,,,,,,,,,,
USC00043491,1971,6,11,,,0.0,0.0,0.0,,,,,,,,,,,
USC00043491,1971,6,12,,,0.0,0.0,0.0,,,,,,,,,,,
USC00043491,1971,6,13,,,0.0,0.0,0.0,,,,,,,,,,,
USC00043491,1971,6,14,,,0.0,0.0,0.0,,,,,,,,,,,
USC00043491,1971,6,15,,,0.0,0.0,0.0,,,,,,,,,,,
USC00043491,1971,6,16,,,0.0,0.0,0.0,,,,,,,,,,,
USC00043491,1971,6,17,,,0.0,0.0,0.0,,,,,,,,,,,
USC00043491,1971,6,18,,,0.0,0.0,0.0,,,,,,,,,,,
USC00043491,1971,6,19,,,0.0,0.0,0.0,,,,,,,,,,,
USC00043491,1971,6,2,,,0.0,0.0,0.0,,,,,,,,,,,
USC00043491,1971,6,20,,,0.0,0.0,0.0,,,,,,,,,,,
USC00043491,1971,6,21,,,0.0,0.0,0.0,,,,,,,,,,,
USC00043491,1971,6,22,,,0.0,0.0,0.0,,,,,,,,,,,
USC00043491,1971,6,23,,,0.0,0.0,0.0,,,,,,,,,,,
USC00043491,1971,6,24,,,0.0,0.0,0.0,,,,,,,,,,,
USC00043491,1971,6,25,,,0.0,0.0,0.0,,,,,,,,,,,
USC00043491,1971,6,26,,,353.0,0.0,0.0,,,,,,,,,,,
USC00043491,1971,6,27,,,5.0,0.0,0.0,,,,,,,,,,,
USC00043491,1971,6,28,,,0.0,0.0,0.0,,,,,,,,,,,
USC00043491,1971,6,29,,,0.0,0.0,0.0,,,,,,,,,,,
USC00043491,1971,6,3,,,0.0,0.0,0.0,,,,,,,,,,,
USC00043491,1971,6,30,,,0.0,0.0,0.0,,,,,,,,,,,
USC00043491,1971,6,31,,,-9999.0,-9999.0,-9999.0,,,,,,,,,,,
USC00043491,1971,6,4,,,0.0,0.0,0.0,,,,,,,,,,,
USC00043491,1971,6,5,,,0.0,0.0,0.0,,,,,,,,,,,
USC00043491,1971,6,6,,,0.0,0.0,0.0,,,,,,,,,,,
USC00043491,1971,6,7,,,0.0,0.0,0.0,,,,,,,,,,,
USC00043491,1971,6,8,,,0.0,0.0,0.0,,,,,,,,,,,
USC00043491,1971,6,9,,,0.0,0.0,0.0,,,,,,,,,,,
USC00043491,1971,7,1,,,0.0,0.0,0.0,,,,,,,,,,,
USC00043491,1971,7,10,,,0.0,0.0,0.0,,,,,,,,,,,
USC00043491,1971,7,11,,,0.0,0.0,0.0,,,,,,,,,,,
USC00043491,1971,7,12,,,0.0,0.0,0.0,,,,,,,,,,,
USC00043491,1971,7,13,,,0.0,0.0,0.0,,,,,,,,,,,
USC00043491,1971,7,14,,,0.0,0.0,0.0,,,,,,,,,,,
USC00043491,1971,7,15,,,0.0,0.0,0.0,,,,,,,,,,,
USC00043491,1971,7,16,,,0.0,0.0,0.0,,,,,,,,,,,
USC00043491,1971,7,17,,,0.0,0.0,0.0,,,,,,,,,,,
USC00043491,1971,7,18,,,0.0,0.0,0.0,,,,,,,,,,,
USC00043491,1971,7,19,,,0.0,0.0,0.0,,,,,,,,,,,
USC00043491,1971,7,2,,,0.0,0.0,0.0,,,,,,,,,,,
USC00043491,1971,7,20,,,0.0,0.0,0.0,,,,,,,,,,,
USC00043491,1971,7,21,,,0.0,0.0,0.0,,,,,,,,,,,
USC00043491,1971,7,22,,,0.0,0.0,0.0,,,,,,,,,,,
USC00043491,1971,7,23,,,0.0,0.0,0.0,,,,,,,,,,,
USC00043491,1971,7,24,,,0.0,0.0,0.0,,,,,,,,,,,
USC00043491,1971,7,25,,,0.0,0.0,0.0,,,,,,,,,,,
USC00043491,1971,7,26,,,0.0,0.0,0.0,,,,,,,,,,,
USC00043491,1971,7,27,,,0.0,0.0,0.0,,,,,,,,,,,
USC00043491,1971,7,28,,,0.0,0.0,0.0,,,,,,,,,,,
USC00043491,1971,7,29,,,0.0,0.0,0.0,,,,,,,,,,,
USC00043491,1971,7,3,,,0.0,0.0,0.0,,,,,,,,,,,
USC00043491,1971,7,30,,,0.0,0.0,0.0,,,,,,,,,,,
USC00043491,1971,7,31,,,0.0,0.0,0.0,,,,,,,,,,,
USC00043491,1971,7,4,,,0.0,0.0,0.0,,,,,,,,,,,
USC00043491,1971,7,5,,,0.0,0.0,0.0,,,,,,,,,,,
USC00043491,1971,7,6,,,0.0,0.0,0.0,,,,,,,,,,,
USC00043491,1971,7,7,,,0.0,0.0,0.0,,,,,,,,,,,
USC00043491,1971,7,8,,,0.0,0.0,0.0,,,,,,,,,,,
USC00043491,1971,7,9,,,0.0,0.0,0.0,,,,,,,,,,,
USC00043491,1971,8,1,,,0.0,0.0,0.0,,,,,,,,,,,
USC00043491,1971,8,10,,,0.0,0.0,0.0,,,,,,,,,,,
USC00043491,1971,8,11,,,0.0,0.0,0.0,,,,,,,,,,,
USC00043491,1971,8,12,,,0.0,0.0,0.0,,,,,,,,,,,
USC00043491,1971,8,13,,,0.0,0.0,0.0,,,,,,,,,,,
USC00043491,1971,8,14,,,0.0,0.0,0.0,,,,,,,,,,,
USC00043491,1971,8,15,,,0.0,0.0,0.0,,,,,,,,,,,
USC00043491,1971,8,16,,,0.0,0.0,0.0,,,,,,,,,,,
USC00043491,1971,8,17,,,0.0,0.0,0.0,,,,,,,,,,,
USC00043491,1971,8,18,,,0.0,0.0,0.0,,,,,,,,,,,
USC00043491,1971,8,19,,,0.0,0.0,0.0,,,,,,,,,,,
USC00043491,1971,8,2,,,0.0,0.0,0.0,,,,,,,,,,,
USC00043491,1971,8,20,,,0.0,0.0,0.0,,,,,,,,,,,
USC00043491,1971,8,21,,,0.0,0.0,0.0,,,,,,,,,,,
USC00043491,1971,8,22,,,0.0,0.0,0.0,,,,,,,,,,,
USC00043491,1971,8,23,,,0.0,0.0,0.0,,,,,,,,,,,
USC00043491,1971,8,24,,,0.0,0.0,0.0,,,,,,,,,,,
USC00043491,1971,8,25,,,0.0,0.0,0.0,,,,,,,,,,,
USC00043491,1971,8,26,,,0.0,0.0,0.0,,,,,,,,,,,
USC00043491,1971,8,27,,,0.0,0.0,0.0,,,,,,,,,,,
USC00043491,1971,8,28,,,0.0,0.0,0.0,,,,,,,,,,,
USC00043491,1971,8,29,,,0.0,0.0,0.0,,,,,,,,,,,
USC00043491,1971,8,3,,,0.0,0.0,0.0,,,,,,,,,,,
USC00043491,1971,8,30,,,0.0,0.0,0.0,,,,,,,,,,,
USC00043491,1971,8,31,,,43.0,0.0,0.0,,,,,,,,,,,
USC00043491,1971,8,4,,,0.0,0.0,0.0,,,,,,,,,,,
USC00043491,1971,8,5,,,0.0,0.0,0.0,,,,,,,,,,,
USC00043491,1971,8,6,,,0.0,0.0,0.0,,,,,,,,,,,
USC00043491,1971,8,7,,,0.0,0.0,0.0,,,,,,,,,,,
USC00043491,1971,8,8,,,0.0,0.0,0.0,,,,,,,,,,,
USC00043491,1971,8,9,,,0.0,0.0,0.0,,,,,,,,,,,
USC00043491,1971,9,1,,,0.0,0.0,0.0,,,,,,,,,,,
USC00043491,1971,9,10,,,0.0,0.0,0.0,,,,,,,,,,,
USC00043491,1971,9,11,,,0.0,0.0,0.0,,,,,,,,,,,
USC00043491,1971,9,12,,,0.0,0.0,0.0,,,,,,,,,,,
USC00043491,1971,9,13,,,0.0,0.0,0.0,,,,,,,,,,,
USC00043491,1971,9,14,,,0.0,0.0,0.0,,,,,,,,,,,
USC00043491,1971,9,15,,,0.0,0.0,0.0,,,,,,,,,,,
USC00043491,1971,9,16,,,0.0,0.0,0.0,,,,,,,,,,,
USC00043491,1971,9,17,,,0.0,0.0,0.0,,,,,,,,,,,
USC00043491,1971,9,18,,,0.0,0.0,0.0,,,,,,,,,,,
USC00043491,1971,9,19,,,0.0,0.0,0.0,,,,,,,,,,,
USC00043491,1971,9,2,,,0.0,0.0,0.0,,,,,,,,,,,
USC00043491,1971,9,20,,,0.0,0.0,0.0,,,,,,,,,,,
USC00043491,1971,9,21,,,0.0,0.0,0.0,,,,,,,,,,,
USC00043491,1971,9,22,,,0.0,0.0,0.0,,,,,,,,,,,
USC00043491,1971,9,23,,,0.0,0.0,0.0,,,,,,,,,,,
USC00043491,1971,9,24,,,0.0,0.0,0.0,,,,,,,,,,,
USC00043491,1971,9,25,,,0.0,0.0,0.0,,,,,,,,,,,
USC00043491,1971,9,26,,,15.0,0.0,0.0,,,,,,,,,,,
USC00043491,1971,9,27,,,20.0,0.0,0.0,,,,,,,,,,,
USC00043491,1971,9,28,,,0.0,0.0,0.0,,,,,,,,,,,
USC00043491,1971,9,29,,,8.0,0.0,0.0,,,,,,,,,,,
USC00043491,1971,9,3,,,0.0,0.0,0.0,,,,,,,,,,,
USC00043491,1971,9,30,,,277.0,0.0,0.0,,,,,,,,,,,
USC00043491,1971,9,31,,,-9999.0,-9999.0,-9999.0,,,,,,,,,,,
USC00043491,1971,9,4,,,0.0,0.0,0.0,,,,,,,,,,,
USC00043491,1971,9,5,,,0.0,0.0,0.0,,,,,,,,,,,
USC00043491,1971,9,6,,,0.0,0.0,0.0,,,,,,,,,,,
USC00043491,1971,9,7,,,0.0,0.0,0.0,,,,,,,,,,,
USC00043491,1971,9,8,,,0.0,0.0,0.0,,,,,,,,,,,
USC00043491,1971,9,9,,,0.0,0.0,0.0,,,,,,,,,,,
USC00043491,1971,10,1,,,0.0,0.0,0.0,,,,,,,,,,,
USC00043491,1971,10,10,,,0.0,0.0,0.0,,,,,,,,,,,
USC00043491,1971,10,11,,,0.0,0.0,0.0,,,,,,,,,,,
USC00043491,1971,10,12,,,0.0,0.0,0.0,,,,,,,,,,,
USC00043491,1971,10,13,,,0.0,0.0,0.0,,,,,,,,,,,
USC00043491,1971,10,14,,,0.0,0.0,0.0,,,,,,,,,,,
USC00043491,1971,10,15,,,18.0,0.0,0.0,,,,,,,,,,,
USC00043491,1971,10,16,,,221.0,0.0,0.0,,,,,,,,,,,
USC00043491,1971,10,17,,,25.0,0.0,0.0,,,,,,,,,,,
USC00043491,1971,10,18,,,0.0,0.0,0.0,,,,,,,,,,,
USC00043491,1971,10,19,,,0.0,0.0,0.0,,,,,,,,,,,
USC00043491,1971,10,2,,,0.0,0.0,0.0,,,,,,,,,,,
USC00043491,1971,10,20,,,10.0,0.0,0.0,,,,,,,,,,,
USC00043491,1971,10,21,,,0.0,0.0,0.0,,,,,,,,,,,
USC00043491,1971,10,22,,,0.0,0.0,0.0,,,,,,,,,,,
USC00043491,1971,10,23,,,76.0,0.0,0.0,,,,,,,,,,,
USC00043491,1971,10,24,,,3.0,0.0,0.0,,,,,,,,,,,
USC00043491,1971,10,25,,,0.0,0.0,0.0,,,,,,,,,,,
USC00043491,1971,10,26,,,0.0,0.0,0.0,,,,,,,,,,,
USC00043491,1971,10,27,,,25.0,0.0,0.0,,,,,,,,,,,
USC00043491,1971,10,28,,,0.0,0.0,0.0,,,,,,,,,,,
USC00043491,1971,10,29,,,0.0,0.0,0.0,,,,,,,,,,,
USC00043491,1971,10,3,,,0.0,0.0,0.0,,,,,,,,,,,
USC00043491,1971,10,30,,,0.0,0.0,0.0,,,,,,,,,,,
USC00043491,1971,10,31,,,0.0,0.0,0.0,,,,,,,,,,,
USC00043491,1971,10,4,,,0.0,0.0,0.0,,,,,,,,,,,
USC00043491,1971,10,5,,,0.0,0.0,0.0,,,,,,,,,,,
USC00043491,1971,10,6,,,0.0,0.0,0.0,,,,,,,,,,,
USC00043491,1971,10,7,,,0.0,0.0,0.0,,,,,,,,,,,
USC00043491,1971,10,8,,,0.0,0.0,0.0,,,,,,,,,,,
USC00043491,1971,10,9,,,0.0,0.0,0.0,,,,,,,,,,,
USC00043491,1971,11,1,,,0.0,0.0,0.0,,,,,,,,,,,
USC00043491,1971,11,10,,,0.0,0.0,0.0,,,,,,,,,,,
USC00043491,1971,11,11,,,320.0,0.0,0.0,,,,,,,,,,,
USC00043491,1971,11,12,,,320.0,0.0,0.0,,,,,,,,,,,
USC00043491,1971,11,13,,,356.0,0.0,0.0,,,,,,,,,,,
USC00043491,1971,11,14,,,10.0,0.0,0.0,,,,,,,,,,,
USC00043491,1971,11,15,,,0.0,0.0,0.0,,,,,,,,,,,
USC00043491,1971,11,16,,,0.0,0.0,0.0,,,,,,,,,,,
USC00043491,1971,11,17,,,0.0,0.0,0.0,,,,,,,,,,,
USC00043491,1971,11,18,,,0.0,0.0,0.0,,,,,,,,,,,
USC00043491,1971,11,19,,,0.0,0.0,0.0,,,,,,,,,,,
USC00043491,1971,11,2,,,0.0,0.0,0.0,,,,,,,,,,,
USC00043491,1971,11,20,,,0.0,0.0,0.0,,,,,,,,,,,
USC00043491,1971,11,21,,,0.0,0.0,0.0,,,,,,,,,,,
USC00043491,1971,11,22,,,0.0,0.0,0.0,,,,,,,,,,,
USC00043491,1971,11,23,,,0.0,0.0,0.0,,,,,,,,,,,
USC00043491,1971,11,24,,,13.0,0.0,0.0,,,,,,,,,,,
USC00043491,1971,11,25,,,0.0,0.0,0.0,,,,,,,,,,,
USC00043491,1971,11,26,,,178.0,0.0,0.0,,,,,,,,,,,
USC00043491,1971,11,27,,,61.0,0.0,0.0,,,,,,,,,,,
USC00043491,1971,11,28,,,178.0,0.0,0.0,,,,,,,,,,,
USC00043491,1971,11,29,,,58.0,0.0,0.0,,,,,,,,,,,
USC00043491,1971,11,3,,,0.0,0.0,0.0,,,,,,,,,,,
USC00043491,1971,11,30,,,5.0,0.0,0.0,,,,,,,,,,,
USC00043491,1971,11,31,,,-9999.0,-9999.0,-9999.0,,,,,,,,,,,
USC00043491,1971,11,4,,,0.0,0.0,0.0,,,,,,,,,,,
USC00043491,1971,11,5,,,0.0,0.0,0.0,,,,,,,,,,,
USC00043491,1971,11,6,,,0.0,0.0,0.0,,,,,,,,,,,
USC00043491,1971,11,7,,,0.0,0.0,0.0,,,,,,,,,,,
USC00043491,1971,11,8,,,0.0,0.0,0.0,,,,,,,,,,,
USC00043491,1971,11,9,,,0.0,0.0,0.0,,,,,,,,,,,
USC00043491,1971,12,1,,,0.0,,,,,,,,,,,,,
USC00043491,1971,12,10,,,94.0,,,,,,,,,,,,,
USC00043491,1971,12,11,,,64.0,,,,,,,,,,,,,
USC00043491,1971,12,12,,,257.0,,,,,,,,,,,,,
USC00043491,1971,12,13,,,51.0,,,,,,,,,,,,,
USC00043491,1971,12,14,,,53.0,,,,,,,,,,,,,
USC00043491,1971,12,15,,,13.0,,,,,,,,,,,,,
USC00043491,1971,12,16,,,0.0,,,,,,,,,,,,,
USC00043491,1971,12,17,,,0.0,,,,,,,,,,,,,
USC00043491,1971,12,18,,,0.0,,,,,,,,,,,,,
USC00043491,1971,12,19,,,0.0,,,,,,,,,,,,,
USC00043491,1971,12,2,,,165.0,,,,,,,,,,,,,
USC00043491,1971,12,20,,,0.0,,,,,,,,,,,,,
USC00043491,1971,12,21,,,0.0,,,,,,,,,,,,,
USC00043491,1971,12,22,,,782.0,,,,,,,,,,,,,
USC00043491,1971,12,23,,,152.0,,,,,,,,,,,,,
USC00043491,1971,12,24,,,325.0,,,,,,,,,,,,,
USC00043491,1971,12,25,,,930.0,,,,,,,,,,,,,
USC00043491,1971,12,26,,,43.0,,,,,,,,,,,,,
USC00043491,1971,12,27,,,104.0,,,,,,,,,,,,,
USC00043491,1971,12,28,,,0.0,,,,,,,,,,,,,
USC00043491,1971,12,29,,,33.0,,,,,,,,,,,,,
USC00043491,1971,12,3,,,122.0,,,,,,,,,,,,,
USC00043491,1971,12,30,,,0.0,,,,,,,,,,,,,
USC00043491,1971,12,31,,,0.0,,,,,,,,,,,,,
USC00043491,1971,12,4,,,15.0,,,,,,,,,,,,,
USC00043491,1971,12,5,,,0.0,,,,,,,,,,,,,
USC00043491,1971,12,6,,,132.0,,,,,,,,,,,,,
USC00043491,1971,12,7,,,0.0,,,,,,,,,,,,,
USC00043491,1971,12,8,,,0.0,,,,,,,,,,,,,
USC00043491,1971,12,9,,,142.0,,,,,,,,,,,,,
USC00043491,1972,1,1,,,0.0,,,,,,,,,,,,,
USC00043491,1972,1,10,,,0.0,,,,,,,,,,,,,
USC00043491,1972,1,11,,,0.0,,,,,,,,,,,,,
USC00043491,1972,1,12,,,0.0,,,,,,,,,,,,,
USC00043491,1972,1,13,,,0.0,,,,,,,,,,,,,
USC00043491,1972,1,14,,,0.0,,,,,,,,,,,,,
USC00043491,1972,1,15,,,0.0,,,,,,,,,,,,,
USC00043491,1972,1,16,,,0.0,,,,,,,,,,,,,
USC00043491,1972,1,17,,,0.0,,,,,,,,,,,,,
USC00043491,1972,1,18,,,0.0,,,,,,,,,,,,,
USC00043491,1972,1,19,,,10.0,,,,,,,,,,,,,
USC00043491,1972,1,2,,,0.0,,,,,,,,,,,,,
USC00043491,1972,1,20,,,66.0,,,,,,,,,,,,,
USC00043491,1972,1,21,,,137.0,,,,,,,,,,,,,
USC00043491,1972,1,22,,,137.0,,,,,,,,,,,,,
USC00043491,1972,1,23,,,531.0,,,,,,,,,,,,,
USC00043491,1972,1,24,,,0.0,,,,,,,,,,,,,
USC00043491,1972,1,25,,,104.0,,,,,,,,,,,,,
USC00043491,1972,1,26,,,33.0,,,,,,,,,,,,,
USC00043491,1972,1,27,,,236.0,,,,,,,,,,,,,
USC00043491,1972,1,28,,,10.0,,,,,,,,,,,,,
USC00043491,1972,1,29,,,0.0,,,,,,,,,,,,,
USC00043491,1972,1,3,,,0.0,,,,,,,,,,,,,
USC00043491,1972,1,30,,,0.0,,,,,,,,,,,,,
USC00043491,1972,1,31,,,0.0,,,,,,,,,,,,,
USC00043491,1972,1,4,,,0.0,,,,,,,,,,,,,
USC00043491,1972,1,5,,,0.0,,,,,,,,,,,,,
USC00043491,1972,1,6,,,0.0,,,,,,,,,,,,,
USC00043491,1972,1,7,,,0.0,,,,,,,,,,,,,
USC00043491,1972,1,8,,,0.0,,,,,,,,,,,,,
USC00043491,1972,1,9,,,0.0,,,,,,,,,,,,,
USC00043491,1972,2,1,,,0.0,,,,,,,,,,,,,
USC00043491,1972,2,10,,,0.0,,,,,,,,,,,,,
USC00043491,1972,2,11,,,0.0,,,,,,,,,,,,,
USC00043491,1972,2,12,,,0.0,,,,,,,,,,,,,
USC00043491,1972,2,13,,,0.0,,,,,,,,,,,,,
USC00043491,1972,2,14,,,0.0,,,,,,,,,,,,,
USC00043491,1972,2,15,,,0.0,,,,,,,,,,,,,
USC00043491,1972,2,16,,,0.0,,,,,,,,,,,,,
USC00043491,1972,2,17,,,0.0,,,,,,,,,,,,,
USC00043491,1972,2,18,,,0.0,,,,,,,,,,,,,
USC00043491,1972,2,19,,,0.0,,,,,,,,,,,,,
USC00043491,1972,2,2,,,0.0,,,,,,,,,,,,,
USC00043491,1972,2,20,,,10.0,,,,,,,,,,,,,
USC00043491,1972,2,21,,,56.0,,,,,,,,,,,,,
USC00043491,1972,2,22,,,150.0,,,,,,,,,,,,,
USC00043491,1972,2,23,,,185.0,,,,,,,,,,,,,
USC00043491,1972,2,24,,,541.0,,,,,,,,,,,,,
USC00043491,1972,2,25,,,417.0,,,,,,,,,,,,,
USC00043491,1972,2,26,,,64.0,,,,,,,,,,,,,
USC00043491,1972,2,27,,,0.0,,,,,,,,,,,,,
USC00043491,1972,2,28,,,13.0,,,,,,,,,,,,,
USC00043491,1972,2,29,,,206.0,,,,,,,,,,,,,
USC00043491,1972,2,3,,,0.0,,,,,,,,,,,,,
USC00043491,1972,2,30,,,-9999.0,,,,,,,,,,,,,
USC00043491,1972,2,31,,,-9999.0,,,,,,,,,,,,,
USC00043491,1972,2,4,,,3.0,,,,,,,,,,,,,
USC00043491,1972,2,5,,,267.0,,,,,,,,,,,,,
USC00043491,1972,2,6,,,124.0,,,,,,,,,,,,,
USC00043491,1972,2,7,,,3.0,,,,,,,,,,,,,
USC00043491,1972,2,8,,,0.0,,,,,,,,,,,,,
USC00043491,1972,2,9,,,0.0,,,,,,,,,,,,,
USC00043491,1972,3,1,,,0.0,0.0,0.0,,,,,,,,,,,
USC00043491,1972,3,10,,,239.0,0.0,0.0,,,,,,,,,,,
USC00043491,1972,3,11,,,0.0,0.0,0.0,,,,,,,,,,,
USC00043491,1972,3,12,,,0.0,0.0,0.0,,,,,,,,,,,
USC00043491,1972,3,13,,,0.0,0.0,0.0,,,,,,,,,,,
USC00043491,1972,3,14,,,0.0,0.0,0.0,,,,,,,,,,,
USC00043491,1972,3,15,,,0.0,0.0,0.0,,,,,,,,,,,
USC00043491,1972,3,16,,,0.0,0.0,0.0,,,,,,,,,,,
USC00043491,1972,3,17,,,0.0,0.0,0.0,,,,,,,,,,,
USC00043491,1972,3,18,,,0.0,0.0,0.0,,,,,,,,,,,
USC00043491,1972,3,19,,,0.0,0.0,0.0,,,,,,,,,,,
USC00043491,1972,3,2,,,41.0,0.0,0.0,,,,,,,,,,,
USC00043491,1972,3,20,,,0.0,0.0,0.0,,,,,,,,,,,
USC00043491,1972,3,21,,,0.0,0.0,0.0,,,,,,,,,,,
USC00043491,1972,3,22,,,246.0,0.0,0.0,,,,,,,,,,,
USC00043491,1972,3,23,,,38.0,0.0,0.0,,,,,,,,,,,
USC00043491,1972,3,24,,,0.0,0.0,0.0,,,,,,,,,,,
USC00043491,1972,3,25,,,117.0,0.0,0.0,,,,,,,,,,,
USC00043491,1972,3,26,,,0.0,0.0,0.0,,,,,,,,,,,
USC00043491,1972,3,27,,,0.0,0.0,0.0,,,,,,,,,,,
USC00043491,1972,3,28,,,0.0,0.0,0.0,,,,,,,,,,,
USC00043491,1972,3,29,,,0.0,0.0,0.0,,,,,,,,,,,
USC00043491,1972,3,3,,,66.0,0.0,0.0,,,,,,,,,,,
USC00043491,1972,3,30,,,0.0,0.0,0.0,,,,,,,,,,,
USC00043491,1972,3,31,,,0.0,0.0,0.0,,,,,,,,,,,
USC00043491,1972,3,4,,,0.0,0.0,0.0,,,,,,,,,,,
USC00043491,1972,3,5,,,0.0,0.0,0.0,,,,,,,,,,,
USC00043491,1972,3,6,,,0.0,0.0,0.0,,,,,,,,,,,
USC00043491,1972,3,7,,,0.0,0.0,0.0,,,,,,,,,,,
USC00043491,1972,3,8,,,0.0,0.0,0.0,,,,,,,,,,,
USC00043491,1972,3,9,,,0.0,0.0,0.0,,,,,,,,,,,
USC00043491,1972,4,1,,,10.0,0.0,0.0,,,,,,,,,,,
USC00043491,1972,4,10,,,0.0,0.0,0.0,,,,,,,,,,,
USC00043491,1972,4,11,,,378.0,0.0,0.0,,,,,,,,,,,
USC00043491,1972,4,12,,,348.0,0.0,0.0,,,,,,,,,,,
USC00043491,1972,4,13,,,114.0,0.0,0.0,,,,,,,,,,,
USC00043491,1972,4,14,,,0.0,0.0,0.0,,,,,,,,,,,
USC00043491,1972,4,15,,,0.0,0.0,0.0,,,,,,,,,,,
USC00043491,1972,4,16,,,0.0,0.0,0.0,,,,,,,,,,,
USC00043491,1972,4,17,,,0.0,0.0,0.0,,,,,,,,,,,
USC00043491,1972,4,18,,,0.0,0.0,0.0,,,,,,,,,,,
USC00043491,1972,4,19,,,0.0,0.0,0.0,,,,,,,,,,,
USC00043491,1972,4,2,,,0.0,0.0,0.0,,,,,,,,,,,
USC00043491,1972,4,20,,,0.0,0.0,0.0,,,,,,,,,,,
USC00043491,1972,4,21,,,0.0,0.0,0.0,,,,,,,,,,,
USC00043491,1972,4,22,,,0.0,0.0,0.0,,,,,,,,,,,
USC00043491,1972,4,23,,,0.0,0.0,0.0,,,,,,,,,,,
USC00043491,1972,4,24,,,196.0,0.0,0.0,,,,,,,,,,,
USC00043491,1972,4,25,,,0.0,0.0,0.0,,,,,,,,,,,
USC00043491,1972,4,26,,,0.0,0.0,0.0,,,,,,,,,,,
USC00043491,1972,4,27,,,0.0,0.0,0.0,,,,,,,,,,,
USC00043491,1972,4,28,,,0.0,0.0,0.0,,,,,,,,,,,
USC00043491,1972,4,29,,,0.0,0.0,0.0,,,,,,,,,,,
USC00043491,1972,4,3,,,0.0,0.0,0.0,,,,,,,,,,,
USC00043491,1972,4,30,,,0.0,0.0,0.0,,,,,,,,,,,
USC00043491,1972,4,31,,,-9999.0,-9999.0,-9999.0,,,,,,,,,,,
USC00043491,1972,4,4,,,0.0,0.0,0.0,,,,,,,,,,,
USC00043491,1972,4,5,,,246.0,0.0,0.0,,,,,,,,,,,
USC00043491,1972,4,6,,,127.0,0.0,0.0,,,,,,,,,,,
USC00043491,1972,4,7,,,0.0,0.0,0.0,,,,,,,,,,,
USC00043491,1972,4,8,,,0.0,0.0,0.0,,,,,,,,,,,
USC00043491,1972,4,9,,,0.0,0.0,0.0,,,,,,,,,,,
USC00043491,1972,5,1,,,0.0,0.0,0.0,,,,,,,,,,,
USC00043491,1972,5,10,,,0.0,0.0,0.0,,,,,,,,,,,
USC00043491,1972,5,11,,,0.0,0.0,0.0,,,,,,,,,,,
USC00043491,1972,5,12,,,0.0,0.0,0.0,,,,,,,,,,,
USC00043491,1972,5,13,,,0.0,0.0,0.0,,,,,,,,,,,
USC00043491,1972,5,14,,,0.0,0.0,0.0,,,,,,,,,,,
USC00043491,1972,5,15,,,0.0,0.0,0.0,,,,,,,,,,,
USC00043491,1972,5,16,,,0.0,0.0,0.0,,,,,,,,,,,
USC00043491,1972,5,17,,,0.0,0.0,0.0,,,,,,,,,,,
USC00043491,1972,5,18,,,0.0,0.0,0.0,,,,,,,,,,,
USC00043491,1972,5,19,,,30.0,0.0,0.0,,,,,,,,,,,
USC00043491,1972,5,2,,,0.0,0.0,0.0,,,,,,,,,,,
USC00043491,1972,5,20,,,163.0,0.0,0.0,,,,,,,,,,,
USC00043491,1972,5,21,,,61.0,0.0,0.0,,,,,,,,,,,
USC00043491,1972,5,22,,,0.0,0.0,0.0,,,,,,,,,,,
USC00043491,1972,5,23,,,0.0,0.0,0.0,,,,,,,,,,,
USC00043491,1972,5,24,,,0.0,0.0,0.0,,,,,,,,,,,
USC00043491,1972,5,25,,,0.0,0.0,0.0,,,,,,,,,,,
USC00043491,1972,5,26,,,0.0,0.0,0.0,,,,,,,,,,,
USC00043491,1972,5,27,,,0.0,0.0,0.0,,,,,,,,,,,
USC00043491,1972,5,28,,,0.0,0.0,0.0,,,,,,,,,,,
USC00043491,1972,5,29,,,0.0,0.0,0.0,,,,,,,,,,,
USC00043491,1972,5,3,,,0.0,0.0,0.0,,,,,,,,,,,
USC00043491,1972,5,30,,,0.0,0.0,0.0,,,,,,,,,,,
USC00043491,1972,5,31,,,0.0,0.0,0.0,,,,,,,,,,,
USC00043491,1972,5,4,,,0.0,0.0,0.0,,,,,,,,,,,
USC00043491,1972,5,5,,,0.0,0.0,0.0,,,,,,,,,,,
USC00043491,1972,5,6,,,0.0,0.0,0.0,,,,,,,,,,,
USC00043491,1972,5,7,,,10.0,0.0,0.0,,,,,,,,,,,
USC00043491,1972,5,8,,,3.0,0.0,0.0,,,,,,,,,,,
USC00043491,1972,5,9,,,0.0,0.0,0.0,,,,,,,,,,,
USC00043491,1972,6,1,,,0.0,0.0,0.0,,,,,,,,,,,
USC00043491,1972,6,10,,,137.0,0.0,0.0,,,,,,,,,,,
USC00043491,1972,6,11,,,0.0,0.0,0.0,,,,,,,,,,,
USC00043491,1972,6,12,,,0.0,0.0,0.0,,,,,,,,,,,
USC00043491,1972,6,13,,,0.0,0.0,0.0,,,,,,,,,,,
USC00043491,1972,6,14,,,0.0,0.0,0.0,,,,,,,,,,,
USC00043491,1972,6,15,,,0.0,0.0,0.0,,,,,,,,,,,
USC00043491,1972,6,16,,,0.0,0.0,0.0,,,,,,,,,,,
USC00043491,1972,6,17,,,0.0,0.0,0.0,,,,,,,,,,,
USC00043491,1972,6,18,,,0.0,0.0,0.0,,,,,,,,,,,
USC00043491,1972,6,19,,,0.0,0.0,0.0,,,,,,,,,,,
USC00043491,1972,6,2,,,0.0,0.0,0.0,,,,,,,,,,,
USC00043491,1972,6,20,,,0.0,0.0,0.0,,,,,,,,,,,
USC00043491,1972,6,21,,,0.0,0.0,0.0,,,,,,,,,,,
USC00043491,1972,6,22,,,0.0,0.0,0.0,,,,,,,,,,,
USC00043491,1972,6,23,,,0.0,0.0,0.0,,,,,,,,,,,
USC00043491,1972,6,24,,,0.0,0.0,0.0,,,,,,,,,,,
USC00043491,1972,6,25,,,0.0,0.0,0.0,,,,,,,,,,,
USC00043491,1972,6,26,,,0.0,0.0,0.0,,,,,,,,,,,
USC00043491,1972,6,27,,,0.0,0.0,0.0,,,,,,,,,,,
USC00043491,1972,6,28,,,0.0,0.0,0.0,,,,,,,,,,,
USC00043491,1972,6,29,,,0.0,0.0,0.0,,,,,,,,,,,
USC00043491,1972,6,3,,,0.0,0.0,0.0,,,,,,,,,,,
USC00043491,1972,6,30,,,0.0,0.0,0.0,,,,,,,,,,,
USC00043491,1972,6,31,,,-9999.0,-9999.0,-9999.0,,,,,,,,,,,
USC00043491,1972,6,4,,,0.0,0.0,0.0,,,,,,,,,,,
USC00043491,1972,6,5,,,0.0,0.0,0.0,,,,,,,,,,,
USC00043491,1972,6,6,,,0.0,0.0,0.0,,,,,,,,,,,
USC00043491,1972,6,7,,,0.0,0.0,0.0,,,,,,,,,,,
USC00043491,1972,6,8,,,20.0,0.0,0.0,,,,,,,,,,,
USC00043491,1972,6,9,,,0.0,0.0,0.0,,,,,,,,,,,
USC00043491,1972,7,1,,,0.0,0.0,0.0,,,,,,,,,,,
USC00043491,1972,7,10,,,0.0,0.0,0.0,,,,,,,,,,,
USC00043491,1972,7,11,,,0.0,0.0,0.0,,,,,,,,,,,
USC00043491,1972,7,12,,,0.0,0.0,0.0,,,,,,,,,,,
USC00043491,1972,7,13,,,0.0,0.0,0.0,,,,,,,,,,,
USC00043491,1972,7,14,,,0.0,0.0,0.0,,,,,,,,,,,
USC00043491,1972,7,15,,,0.0,0.0,0.0,,,,,,,,,,,
USC00043491,1972,7,16,,,0.0,0.0,0.0,,,,,,,,,,,
USC00043491,1972,7,17,,,0.0,0.0,0.0,,,,,,,,,,,
USC00043491,1972,7,18,,,0.0,0.0,0.0,,,,,,,,,,,
USC00043491,1972,7,19,,,0.0,0.0,0.0,,,,,,,,,,,
USC00043491,1972,7,2,,,0.0,0.0,0.0,,,,,,,,,,,
USC00043491,1972,7,20,,,0.0,0.0,0.0,,,,,,,,,,,
USC00043491,1972,7,21,,,0.0,0.0,0.0,,,,,,,,,,,
USC00043491,1972,7,22,,,0.0,0.0,0.0,,,,,,,,,,,
USC00043491,1972,7,23,,,0.0,0.0,0.0,,,,,,,,,,,
USC00043491,1972,7,24,,,0.0,0.0,0.0,,,,,,,,,,,
USC00043491,1972,7,25,,,0.0,0.0,0.0,,,,,,,,,,,
USC00043491,1972,7,26,,,0.0,0.0,0.0,,,,,,,,,,,
USC00043491,1972,7,27,,,0.0,0.0,0.0,,,,,,,,,,,
USC00043491,1972,7,28,,,0.0,0.0,0.0,,,,,,,,,,,
USC00043491,1972,7,29,,,0.0,0.0,0.0,,,,,,,,,,,
USC00043491,1972,7,3,,,0.0,0.0,0.0,,,,,,,,,,,
USC00043491,1972,7,30,,,0.0,0.0,0.0,,,,,,,,,,,
USC00043491,1972,7,31,,,0.0,0.0,0.0,,,,,,,,,,,
USC00043491,1972,7,4,,,0.0,0.0,0.0,,,,,,,,,,,
USC00043491,1972,7,5,,,0.0,0.0,0.0,,,,,,,,,,,
USC00043491,1972,7,6,,,0.0,0.0,0.0,,,,,,,,,,,
USC00043491,1972,7,7,,,0.0,0.0,0.0,,,,,,,,,,,
USC00043491,1972,7,8,,,0.0,0.0,0.0,,,,,,,,,,,
USC00043491,1972,7,9,,,0.0,0.0,0.0,,,,,,,,,,,
USC00043491,1972,8,1,,,0.0,0.0,0.0,,,,,,,,,,,
USC00043491,1972,8,10,,,0.0,0.0,0.0,,,,,,,,,,,
USC00043491,1972,8,11,,,0.0,0.0,0.0,,,,,,,,,,,
USC00043491,1972,8,12,,,0.0,0.0,0.0,,,,,,,,,,,
USC00043491,1972,8,13,,,0.0,0.0,0.0,,,,,,,,,,,
USC00043491,1972,8,14,,,0.0,0.0,0.0,,,,,,,,,,,
USC00043491,1972,8,15,,,0.0,0.0,0.0,,,,,,,,,,,
USC00043491,1972,8,16,,,0.0,0.0,0.0,,,,,,,,,,,
USC00043491,1972,8,17,,,0.0,0.0,0.0,,,,,,,,,,,
USC00043491,1972,8,18,,,0.0,0.0,0.0,,,,,,,,,,,
USC00043491,1972,8,19,,,0.0,0.0,0.0,,,,,,,,,,,
USC00043491,1972,8,2,,,0.0,0.0,0.0,,,,,,,,,,,
USC00043491,1972,8,20,,,0.0,0.0,0.0,,,,,,,,,,,
USC00043491,1972,8,21,,,0.0,0.0,0.0,,,,,,,,,,,
USC00043491,1972,8,22,,,0.0,0.0,0.0,,,,,,,,,,,
USC00043491,1972,8,23,,,0.0,0.0,0.0,,,,,,,,,,,
USC00043491,1972,8,24,,,0.0,0.0,0.0,,,,,,,,,,,
USC00043491,1972,8,25,,,0.0,0.0,0.0,,,,,,,,,,,
USC00043491,1972,8,26,,,0.0,0.0,0.0,,,,,,,,,,,
USC00043491,1972,8,27,,,0.0,0.0,0.0,,,,,,,,,,,
USC00043491,1972,8,28,,,0.0,0.0,0.0,,,,,,,,,,,
USC00043491,1972,8,29,,,0.0,0.0,0.0,,,,,,,,,,,
USC00043491,1972,8,3,,,0.0,0.0,0.0,,,,,,,,,,,
USC00043491,1972,8,30,,,0.0,0.0,0.0,,,,,,,,,,,
USC00043491,1972,8,31,,,0.0,0.0,0.0,,,,,,,,,,,
USC00043491,1972,8,4,,,0.0,0.0,0.0,,,,,,,,,,,
USC00043491,1972,8,5,,,0.0,0.0,0.0,,,,,,,,,,,
USC00043491,1972,8,6,,,0.0,0.0,0.0,,,,,,,,,,,
USC00043491,1972,8,7,,,0.0,0.0,0.0,,,,,,,,,,,
USC00043491,1972,8,8,,,0.0,0.0,0.0,,,,,,,,,,,
USC00043491,1972,8,9,,,0.0,0.0,0.0,,,,,,,,,,,
USC00043491,1972,9,1,,,0.0,0.0,0.0,,,,,,,,,,,
USC00043491,1972,9,10,,,0.0,0.0,0.0,,,,,,,,,,,
USC00043491,1972,9,11,,,0.0,0.0,0.0,,,,,,,,,,,
USC00043491,1972,9,12,,,0.0,0.0,0.0,,,,,,,,,,,
USC00043491,1972,9,13,,,0.0,0.0,0.0,,,,,,,,,,,
USC00043491,1972,9,14,,,0.0,0.0,0.0,,,,,,,,,,,
USC00043491,1972,9,15,,,0.0,0.0,0.0,,,,,,,,,,,
USC00043491,1972,9,16,,,0.0,0.0,0.0,,,,,,,,,,,
USC00043491,1972,9,17,,,0.0,0.0,0.0,,,,,,,,,,,
USC00043491,1972,9,18,,,0.0,0.0,0.0,,,,,,,,,,,
USC00043491,1972,9,19,,,0.0,0.0,0.0,,,,,,,,,,,
USC00043491,1972,9,2,,,0.0,0.0,0.0,,,,,,,,,,,
USC00043491,1972,9,20,,,0.0,0.0,0.0,,,,,,,,,,,
USC00043491,1972,9,21,,,0.0,0.0,0.0,,,,,,,,,,,
USC00043491,1972,9,22,,,0.0,0.0,0.0,,,,,,,,,,,
USC00043491,1972,9,23,,,0.0,0.0,0.0,,,,,,,,,,,
USC00043491,1972,9,24,,,0.0,0.0,0.0,,,,,,,,,,,
USC00043491,1972,9,25,,,0.0,0.0,0.0,,,,,,,,,,,
USC00043491,1972,9,26,,,505.0,0.0,0.0,,,,,,,,,,,
USC00043491,1972,9,27,,,198.0,0.0,0.0,,,,,,,,,,,
USC00043491,1972,9,28,,,0.0,0.0,0.0,,,,,,,,,,,
USC00043491,1972,9,29,,,0.0,0.0,0.0,,,,,,,,,,,
USC00043491,1972,9,3,,,0.0,0.0,0.0,,,,,,,,,,,
USC00043491,1972,9,30,,,0.0,0.0,0.0,,,,,,,,,,,
USC00043491,1972,9,31,,,-9999.0,-9999.0,-9999.0,,,,,,,,,,,
USC00043491,1972,9,4,,,0.0,0.0,0.0,,,,,,,,,,,
USC00043491,1972,9,5,,,0.0,0.0,0.0,,,,,,,,,,,
USC00043491,1972,9,6,,,0.0,0.0,0.0,,,,,,,,,,,
USC00043491,1972,9,7,,,0.0,0.0,0.0,,,,,,,,,,,
USC00043491,1972,9,8,,,0.0,0.0,0.0,,,,,,,,,,,
USC00043491,1972,9,9,,,0.0,0.0,0.0,,,,,,,,,,,
USC00043491,1972,10,1,,,114.0,0.0,0.0,,,,,,,1.0,,,,
USC00043491,1972,10,10,,,216.0,0.0,0.0,,,,,,,-9999.0,,,,
USC00043491,1972,10,11,,,338.0,0.0,0.0,,,,,,,-9999.0,,,,
USC00043491,1972,10,12,,,0.0,0.0,0.0,,,,,,,-9999.0,,,,
USC00043491,1972,10,13,,,0.0,0.0,0.0,,,,,,,-9999.0,,,,
USC00043491,1972,10,14,,,64.0,0.0,0.0,,,,,,,-9999.0,,,,
USC00043491,1972,10,15,,,71.0,0.0,0.0,,,,,,,-9999.0,,,,
USC00043491,1972,10,16,,,91.0,0.0,0.0,,,,,,,-9999.0,,,,
USC00043491,1972,10,17,,,43.0,0.0,0.0,,,,,,,-9999.0,,,,
USC00043491,1972,10,18,,,56.0,0.0,0.0,,,,,,,-9999.0,,,,
USC00043491,1972,10,19,,,0.0,0.0,0.0,,,,,,,-9999.0,,,,
USC00043491,1972,10,2,,,0.0,0.0,0.0,,,,,,,-9999.0,,,,
USC00043491,1972,10,20,,,0.0,0.0,0.0,,,,,,,-9999.0,,,,
USC00043491,1972,10,21,,,0.0,0.0,0.0,,,,,,,-9999.0,,,,
USC00043491,1972,10,22,,,0.0,0.0,0.0,,,,,,,-9999.0,,,,
USC00043491,1972,10,23,,,0.0,0.0,0.0,,,,,,,-9999.0,,,,
USC00043491,1972,10,24,,,0.0,0.0,0.0,,,,,,,-9999.0,,,,
USC00043491,1972,10,25,,,0.0,0.0,0.0,,,,,,,-9999.0,,,,
USC00043491,1972,10,26,,,0.0,0.0,0.0,,,,,,,-9999.0,,,,
USC00043491,1972,10,27,,,0.0,0.0,0.0,,,,,,,-9999.0,,,,
USC00043491,1972,10,28,,,0.0,0.0,0.0,,,,,,,-9999.0,,,,
USC00043491,1972,10,29,,,0.0,0.0,0.0,,,,,,,-9999.0,,,,
USC00043491,1972,10,3,,,0.0,0.0,0.0,,,,,,,-9999.0,,,,
USC00043491,1972,10,30,,,0.0,0.0,0.0,,,,,,,-9999.0,,,,
USC00043491,1972,10,31,,,0.0,0.0,0.0,,,,,,,-9999.0,,,,
USC00043491,1972,10,4,,,0.0,0.0,0.0,,,,,,,-9999.0,,,,
USC00043491,1972,10,5,,,0.0,0.0,0.0,,,,,,,-9999.0,,,,
USC00043491,1972,10,6,,,0.0,0.0,0.0,,,,,,,-9999.0,,,,
USC00043491,1972,10,7,,,0.0,0.0,0.0,,,,,,,-9999.0,,,,
USC00043491,1972,10,8,,,0.0,0.0,0.0,,,,,,,-9999.0,,,,
USC00043491,1972,10,9,,,18.0,0.0,0.0,,,,,,,-9999.0,,,,
USC00043491,1972,11,1,,,8.0,0.0,0.0,,,,,,,,,,,
USC00043491,1972,11,10,,,274.0,0.0,0.0,,,,,,,,,,,
USC00043491,1972,11,11,,,259.0,0.0,0.0,,,,,,,,,,,
USC00043491,1972,11,12,,,0.0,0.0,0.0,,,,,,,,,,,
USC00043491,1972,11,13,,,91.0,0.0,0.0,,,,,,,,,,,
USC00043491,1972,11,14,,,399.0,0.0,0.0,,,,,,,,,,,
USC00043491,1972,11,15,,,71.0,0.0,0.0,,,,,,,,,,,
USC00043491,1972,11,16,,,257.0,0.0,0.0,,,,,,,,,,,
USC00043491,1972,11,17,,,0.0,0.0,0.0,,,,,,,,,,,
USC00043491,1972,11,18,,,46.0,0.0,0.0,,,,,,,,,,,
USC00043491,1972,11,19,,,160.0,0.0,0.0,,,,,,,,,,,
USC00043491,1972,11,2,,,0.0,0.0,0.0,,,,,,,,,,,
USC00043491,1972,11,20,,,0.0,0.0,0.0,,,,,,,,,,,
USC00043491,1972,11,21,,,8.0,0.0,0.0,,,,,,,,,,,
USC00043491,1972,11,22,,,0.0,0.0,0.0,,,,,,,,,,,
USC00043491,1972,11,23,,,0.0,0.0,0.0,,,,,,,,,,,
USC00043491,1972,11,24,,,0.0,0.0,0.0,,,,,,,,,,,
USC00043491,1972,11,25,,,0.0,0.0,0.0,,,,,,,,,,,
USC00043491,1972,11,26,,,0.0,0.0,0.0,,,,,,,,,,,
USC00043491,1972,11,27,,,0.0,0.0,0.0,,,,,,,,,,,
USC00043491,1972,11,28,,,0.0,0.0,0.0,,,,,,,,,,,
USC00043491,1972,11,29,,,0.0,0.0,0.0,,,,,,,,,,,
USC00043491,1972,11,3,,,196.0,0.0,0.0,,,,,,,,,,,
USC00043491,1972,11,30,,,0.0,0.0,0.0,,,,,,,,,,,
USC00043491,1972,11,31,,,-9999.0,-9999.0,-9999.0,,,,,,,,,,,
USC00043491,1972,11,4,,,704.0,0.0,0.0,,,,,,,,,,,
USC00043491,1972,11,5,,,81.0,0.0,0.0,,,,,,,,,,,
USC00043491,1972,11,6,,,0.0,0.0,0.0,,,,,,,,,,,
USC00043491,1972,11,7,,,221.0,0.0,0.0,,,,,,,,,,,
USC00043491,1972,11,8,,,13.0,0.0,0.0,,,,,,,,,,,
USC00043491,1972,11,9,,,0.0,0.0,0.0,,,,,,,,,,,
USC00043491,1972,12,1,,,0.0,,,,,,,,,,,,,
USC00043491,1972,12,10,,,0.0,,,,,,,,,,,,,
USC00043491,1972,12,11,,,0.0,,,,,,,,,,,,,
USC00043491,1972,12,12,,,0.0,,,,,,,,,,,,,
USC00043491,1972,12,13,,,0.0,,,,,,,,,,,,,
USC00043491,1972,12,14,,,0.0,,,,,,,,,,,,,
USC00043491,1972,12,15,,,0.0,,,,,,,,,,,,,
USC00043491,1972,12,16,,,58.0,,,,,,,,,,,,,
USC00043491,1972,12,17,,,526.0,,,,,,,,,,,,,
USC00043491,1972,12,18,,,33.0,,,,,,,,,,,,,
USC00043491,1972,12,19,,,368.0,,,,,,,,,,,,,
USC00043491,1972,12,2,,,0.0,,,,,,,,,,,,,
USC00043491,1972,12,20,,,0.0,,,,,,,,,,,,,
USC00043491,1972,12,21,,,0.0,,,,,,,,,,,,,
USC00043491,1972,12,22,,,226.0,,,,,,,,,,,,,
USC00043491,1972,12,23,,,3.0,,,,,,,,,,,,,
USC00043491,1972,12,24,,,76.0,,,,,,,,,,,,,
USC00043491,1972,12,25,,,0.0,,,,,,,,,,,,,
USC00043491,1972,12,26,,,0.0,,,,,,,,,,,,,
USC00043491,1972,12,27,,,0.0,,,,,,,,,,,,,
USC00043491,1972,12,28,,,71.0,,,,,,,,,,,,,
USC00043491,1972,12,29,,,0.0,,,,,,,,,,,,,
USC00043491,1972,12,3,,,97.0,,,,,,,,,,,,,
USC00043491,1972,12,30,,,0.0,,,,,,,,,,,,,
USC00043491,1972,12,31,,,0.0,,,,,,,,,,,,,
USC00043491,1972,12,4,,,274.0,,,,,,,,,,,,,
USC00043491,1972,12,5,,,5.0,,,,,,,,,,,,,
USC00043491,1972,12,6,,,300.0,,,,,,,,,,,,,
USC00043491,1972,12,7,,,107.0,,,,,,,,,,,,,
USC00043491,1972,12,8,,,30.0,,,,,,,,,,,,,
USC00043491,1972,12,9,,,0.0,,,,,,,,,,,,,
USC00043491,1973,1,1,,,0.0,,,,,,,,,,,,,
USC00043491,1973,1,10,,,191.0,,,,,,,,,,,,,
USC00043491,1973,1,11,,,615.0,,,,,,,,,,,,,
USC00043491,1973,1,12,,,930.0,,,,,,,,,,,,,
USC00043491,1973,1,13,,,41.0,,,,,,,,,,,,,
USC00043491,1973,1,14,,,0.0,,,,,,,,,,,,,
USC00043491,1973,1,15,,,10.0,,,,,,,,,,,,,
USC00043491,1973,1,16,,,1024.0,,,,,,,,,,,,,
USC00043491,1973,1,17,,,135.0,,,,,,,,,,,,,
USC00043491,1973,1,18,,,376.0,,,,,,,,,,,,,
USC00043491,1973,1,19,,,28.0,,,,,,,,,,,,,
USC00043491,1973,1,2,,,0.0,,,,,,,,,,,,,
USC00043491,1973,1,20,,,0.0,,,,,,,,,,,,,
USC00043491,1973,1,21,,,58.0,,,,,,,,,,,,,
USC00043491,1973,1,22,,,0.0,,,,,,,,,,,,,
USC00043491,1973,1,23,,,0.0,,,,,,,,,,,,,
USC00043491,1973,1,24,,,0.0,,,,,,,,,,,,,
USC00043491,1973,1,25,,,137.0,,,,,,,,,,,,,
USC00043491,1973,1,26,,,66.0,,,,,,,,,,,,,
USC00043491,1973,1,27,,,0.0,,,,,,,,,,,,,
USC00043491,1973,1,28,,,0.0,,,,,,,,,,,,,
USC00043491,1973,1,29,,,58.0,,,,,,,,,,,,,
USC00043491,1973,1,3,,,152.0,,,,,,,,,,,,,
USC00043491,1973,1,30,,,168.0,,,,,,,,,,,,,
USC00043491,1973,1,31,,,79.0,,,,,,,,,,,,,
USC00043491,1973,1,4,,,28.0,,,,,,,,,,,,,
USC00043491,1973,1,5,,,0.0,,,,,,,,,,,,,
USC00043491,1973,1,6,,,0.0,,,,,,,,,,,,,
USC00043491,1973,1,7,,,0.0,,,,,,,,,,,,,
USC00043491,1973,1,8,,,119.0,,,,,,,,,,,,,
USC00043491,1973,1,9,,,411.0,,,,,,,,,,,,,
USC00043491,1973,2,1,,,0.0,,,,,,,,,,,,,
USC00043491,1973,2,10,,,452.0,,,,,,,,,,,,,
USC00043491,1973,2,11,,,358.0,,,,,,,,,,,,,
USC00043491,1973,2,12,,,193.0,,,,,,,,,,,,,
USC00043491,1973,2,13,,,30.0,,,,,,,,,,,,,
USC00043491,1973,2,14,,,211.0,,,,,,,,,,,,,
USC00043491,1973,2,15,,,0.0,,,,,,,,,,,,,
USC00043491,1973,2,16,,,0.0,,,,,,,,,,,,,
USC00043491,1973,2,17,,,0.0,,,,,,,,,,,,,
USC00043491,1973,2,18,,,0.0,,,,,,,,,,,,,
USC00043491,1973,2,19,,,0.0,,,,,,,,,,,,,
USC00043491,1973,2,2,,,0.0,,,,,,,,,,,,,
USC00043491,1973,2,20,,,0.0,,,,,,,,,,,,,
USC00043491,1973,2,21,,,0.0,,,,,,,,,,,,,
USC00043491,1973,2,22,,,0.0,,,,,,,,,,,,,
USC00043491,1973,2,23,,,0.0,,,,,,,,,,,,,
USC00043491,1973,2,24,,,127.0,,,,,,,,,,,,,
USC00043491,1973,2,25,,,43.0,,,,,,,,,,,,,
USC00043491,1973,2,26,,,290.0,,,,,,,,,,,,,
USC00043491,1973,2,27,,,213.0,,,,,,,,,,,,,
USC00043491,1973,2,28,,,198.0,,,,,,,,,,,,,
USC00043491,1973,2,29,,,-9999.0,,,,,,,,,,,,,
USC00043491,1973,2,3,,,114.0,,,,,,,,,,,,,
USC00043491,1973,2,30,,,-9999.0,,,,,,,,,,,,,
USC00043491,1973,2,31,,,-9999.0,,,,,,,,,,,,,
USC00043491,1973,2,4,,,282.0,,,,,,,,,,,,,
USC00043491,1973,2,5,,,0.0,,,,,,,,,,,,,
USC00043491,1973,2,6,,,157.0,,,,,,,,,,,,,
USC00043491,1973,2,7,,,168.0,,,,,,,,,,,,,
USC00043491,1973,2,8,,,20.0,,,,,,,,,,,,,
USC00043491,1973,2,9,,,3.0,,,,,,,,,,,,,
USC00043491,1973,3,1,,,13.0,0.0,0.0,,,,,,,,,,,
USC00043491,1973,3,10,,,89.0,0.0,0.0,,,,,,,,,,,
USC00043491,1973,3,11,,,114.0,0.0,0.0,,,,,,,,,,,
USC00043491,1973,3,12,,,0.0,0.0,0.0,,,,,,,,,,,
USC00043491,1973,3,13,,,0.0,0.0,0.0,,,,,,,,,,,
USC00043491,1973,3,14,,,0.0,0.0,0.0,,,,,,,,,,,
USC00043491,1973,3,15,,,0.0,0.0,0.0,,,,,,,,,,,
USC00043491,1973,3,16,,,0.0,0.0,0.0,,,,,,,,,,,
USC00043491,1973,3,17,,,76.0,0.0,0.0,,,,,,,,,,,
USC00043491,1973,3,18,,,0.0,0.0,0.0,,,,,,,,,,,
USC00043491,1973,3,19,,,18.0,0.0,0.0,,,,,,,,,,,
USC00043491,1973,3,2,,,135.0,0.0,0.0,,,,,,,,,,,
USC00043491,1973,3,20,,,185.0,0.0,0.0,,,,,,,,,,,
USC00043491,1973,3,21,,,137.0,0.0,0.0,,,,,,,,,,,
USC00043491,1973,3,22,,,18.0,0.0,0.0,,,,,,,,,,,
USC00043491,1973,3,23,,,0.0,0.0,0.0,,,,,,,,,,,
USC00043491,1973,3,24,,,0.0,0.0,0.0,,,,,,,,,,,
USC00043491,1973,3,25,,,0.0,0.0,0.0,,,,,,,,,,,
USC00043491,1973,3,26,,,0.0,0.0,0.0,,,,,,,,,,,
USC00043491,1973,3,27,,,18.0,0.0,0.0,,,,,,,,,,,
USC00043491,1973,3,28,,,0.0,0.0,0.0,,,,,,,,,,,
USC00043491,1973,3,29,,,0.0,0.0,0.0,,,,,,,,,,,
USC00043491,1973,3,3,,,107.0,0.0,0.0,,,,,,,,,,,
USC00043491,1973,3,30,,,155.0,0.0,0.0,,,,,,,,,,,
USC00043491,1973,3,31,,,132.0,0.0,0.0,,,,,,,,,,,
USC00043491,1973,3,4,,,127.0,0.0,0.0,,,,,,,,,,,
USC00043491,1973,3,5,,,0.0,0.0,0.0,,,,,,,,,,,
USC00043491,1973,3,6,,,203.0,0.0,0.0,,,,,,,,,,,
USC00043491,1973,3,7,,,3.0,0.0,0.0,,,,,,,,,,,
USC00043491,1973,3,8,,,51.0,0.0,0.0,,,,,,,,,,,
USC00043491,1973,3,9,,,0.0,0.0,0.0,,,,,,,,,,,
USC00043491,1973,4,1,,,15.0,0.0,0.0,,,,,,,,,,,
USC00043491,1973,4,10,,,0.0,0.0,0.0,,,,,,,,,,,
USC00043491,1973,4,11,,,0.0,0.0,0.0,,,,,,,,,,,
USC00043491,1973,4,12,,,0.0,0.0,0.0,,,,,,,,,,,
USC00043491,1973,4,13,,,119.0,0.0,0.0,,,,,,,,,,,
USC00043491,1973,4,14,,,20.0,0.0,0.0,,,,,,,,,,,
USC00043491,1973,4,15,,,28.0,0.0,0.0,,,,,,,,,,,
USC00043491,1973,4,16,,,0.0,0.0,0.0,,,,,,,,,,,
USC00043491,1973,4,17,,,109.0,0.0,0.0,,,,,,,,,,,
USC00043491,1973,4,18,,,0.0,0.0,0.0,,,,,,,,,,,
USC00043491,1973,4,19,,,0.0,0.0,0.0,,,,,,,,,,,
USC00043491,1973,4,2,,,0.0,0.0,0.0,,,,,,,,,,,
USC00043491,1973,4,20,,,0.0,0.0,0.0,,,,,,,,,,,
USC00043491,1973,4,21,,,0.0,0.0,0.0,,,,,,,,,,,
USC00043491,1973,4,22,,,0.0,0.0,0.0,,,,,,,,,,,
USC00043491,1973,4,23,,,0.0,0.0,0.0,,,,,,,,,,,
USC00043491,1973,4,24,,,0.0,0.0,0.0,,,,,,,,,,,
USC00043491,1973,4,25,,,0.0,0.0,0.0,,,,,,,,,,,
USC00043491,1973,4,26,,,0.0,0.0,0.0,,,,,,,,,,,
USC00043491,1973,4,27,,,0.0,0.0,0.0,,,,,,,,,,,
USC00043491,1973,4,28,,,0.0,0.0,0.0,,,,,,,,,,,
USC00043491,1973,4,29,,,0.0,0.0,0.0,,,,,,,,,,,
USC00043491,1973,4,3,,,0.0,0.0,0.0,,,,,,,,,,,
USC00043491,1973,4,30,,,0.0,0.0,0.0,,,,,,,,,,,
USC00043491,1973,4,31,,,-9999.0,-9999.0,-9999.0,,,,,,,,,,,
USC00043491,1973,4,4,,,0.0,0.0,0.0,,,,,,,,,,,
USC00043491,1973,4,5,,,0.0,0.0,0.0,,,,,,,,,,,
USC00043491,1973,4,6,,,0.0,0.0,0.0,,,,,,,,,,,
USC00043491,1973,4,7,,,0.0,0.0,0.0,,,,,,,,,,,
USC00043491,1973,4,8,,,0.0,0.0,0.0,,,,,,,,,,,
USC00043491,1973,4,9,,,0.0,0.0,0.0,,,,,,,,,,,
USC00043491,1973,5,1,,,0.0,0.0,0.0,,,,,,,,,,,
USC00043491,1973,5,10,,,0.0,0.0,0.0,,,,,,,,,,,
USC00043491,1973,5,11,,,0.0,0.0,0.0,,,,,,,,,,,
USC00043491,1973,5,12,,,0.0,0.0,0.0,,,,,,,,,,,
USC00043491,1973,5,13,,,0.0,0.0,0.0,,,,,,,,,,,
USC00043491,1973,5,14,,,0.0,0.0,0.0,,,,,,,,,,,
USC00043491,1973,5,15,,,0.0,0.0,0.0,,,,,,,,,,,
USC00043491,1973,5,16,,,0.0,0.0,0.0,,,,,,,,,,,
USC00043491,1973,5,17,,,0.0,0.0,0.0,,,,,,,,,,,
USC00043491,1973,5,18,,,0.0,0.0,0.0,,,,,,,,,,,
USC00043491,1973,5,19,,,0.0,0.0,0.0,,,,,,,,,,,
USC00043491,1973,5,2,,,0.0,0.0,0.0,,,,,,,,,,,
USC00043491,1973,5,20,,,0.0,0.0,0.0,,,,,,,,,,,
USC00043491,1973,5,21,,,0.0,0.0,0.0,,,,,,,,,,,
USC00043491,1973,5,22,,,0.0,0.0,0.0,,,,,,,,,,,
USC00043491,1973,5,23,,,0.0,0.0,0.0,,,,,,,,,,,
USC00043491,1973,5,24,,,56.0,0.0,0.0,,,,,,,,,,,
USC00043491,1973,5,25,,,20.0,0.0,0.0,,,,,,,,,,,
USC00043491,1973,5,26,,,0.0,0.0,0.0,,,,,,,,,,,
USC00043491,1973,5,27,,,0.0,0.0,0.0,,,,,,,,,,,
USC00043491,1973,5,28,,,0.0,0.0,0.0,,,,,,,,,,,
USC00043491,1973,5,29,,,0.0,0.0,0.0,,,,,,,,,,,
USC00043491,1973,5,3,,,0.0,0.0,0.0,,,,,,,,,,,
USC00043491,1973,5,30,,,0.0,0.0,0.0,,,,,,,,,,,
USC00043491,1973,5,31,,,3.0,0.0,0.0,,,,,,,,,,,
USC00043491,1973,5,4,,,119.0,0.0,0.0,,,,,,,,,,,
USC00043491,1973,5,5,,,0.0,0.0,0.0,,,,,,,,,,,
USC00043491,1973,5,6,,,0.0,0.0,0.0,,,,,,,,,,,
USC00043491,1973,5,7,,,0.0,0.0,0.0,,,,,,,,,,,
USC00043491,1973,5,8,,,0.0,0.0,0.0,,,,,,,,,,,
USC00043491,1973,5,9,,,0.0,0.0,0.0,,,,,,,,,,,
USC00043491,1973,6,1,,,15.0,0.0,0.0,,,,,,,,,,,
USC00043491,1973,6,10,,,0.0,0.0,0.0,,,,,,,,,,,
USC00043491,1973,6,11,,,0.0,0.0,0.0,,,,,,,,,,,
USC00043491,1973,6,12,,,0.0,0.0,0.0,,,,,,,,,,,
USC00043491,1973,6,13,,,0.0,0.0,0.0,,,,,,,,,,,
USC00043491,1973,6,14,,,0.0,0.0,0.0,,,,,,,,,,,
USC00043491,1973,6,15,,,0.0,0.0,0.0,,,,,,,,,,,
USC00043491,1973,6,16,,,0.0,0.0,0.0,,,,,,,,,,,
USC00043491,1973,6,17,,,0.0,0.0,0.0,,,,,,,,,,,
USC00043491,1973,6,18,,,0.0,0.0,0.0,,,,,,,,,,,
USC00043491,1973,6,19,,,0.0,0.0,0.0,,,,,,,,,,,
USC00043491,1973,6,2,,,0.0,0.0,0.0,,,,,,,,,,,
USC00043491,1973,6,20,,,0.0,0.0,0.0,,,,,,,,,,,
USC00043491,1973,6,21,,,0.0,0.0,0.0,,,,,,,,,,,
USC00043491,1973,6,22,,,0.0,0.0,0.0,,,,,,,,,,,
USC00043491,1973,6,23,,,0.0,0.0,0.0,,,,,,,,,,,
USC00043491,1973,6,24,,,0.0,0.0,0.0,,,,,,,,,,,
USC00043491,1973,6,25,,,0.0,0.0,0.0,,,,,,,,,,,
USC00043491,1973,6,26,,,0.0,0.0,0.0,,,,,,,,,,,
USC00043491,1973,6,27,,,0.0,0.0,0.0,,,,,,,,,,,
USC00043491,1973,6,28,,,0.0,0.0,0.0,,,,,,,,,,,
USC00043491,1973,6,29,,,0.0,0.0,0.0,,,,,,,,,,,
USC00043491,1973,6,3,,,0.0,0.0,0.0,,,,,,,,,,,
USC00043491,1973,6,30,,,0.0,0.0,0.0,,,,,,,,,,,
USC00043491,1973,6,31,,,-9999.0,-9999.0,-9999.0,,,,,,,,,,,
USC00043491,1973,6,4,,,0.0,0.0,0.0,,,,,,,,,,,
USC00043491,1973,6,5,,,0.0,0.0,0.0,,,,,,,,,,,
USC00043491,1973,6,6,,,0.0,0.0,0.0,,,,,,,,,,,
USC00043491,1973,6,7,,,0.0,0.0,0.0,,,,,,,,,,,
USC00043491,1973,6,8,,,0.0,0.0,0.0,,,,,,,,,,,
USC00043491,1973,6,9,,,0.0,0.0,0.0,,,,,,,,,,,
USC00043491,1973,7,1,,,0.0,0.0,0.0,,,,,,,,,,,
USC00043491,1973,7,10,,,0.0,0.0,0.0,,,,,,,,,,,
USC00043491,1973,7,11,,,0.0,0.0,0.0,,,,,,,,,,,
USC00043491,1973,7,12,,,0.0,0.0,0.0,,,,,,,,,,,
USC00043491,1973,7,13,,,0.0,0.0,0.0,,,,,,,,,,,
USC00043491,1973,7,14,,,0.0,0.0,0.0,,,,,,,,,,,
USC00043491,1973,7,15,,,0.0,0.0,0.0,,,,,,,,,,,
USC00043491,1973,7,16,,,0.0,0.0,0.0,,,,,,,,,,,
USC00043491,1973,7,17,,,0.0,0.0,0.0,,,,,,,,,,,
USC00043491,1973,7,18,,,0.0,0.0,0.0,,,,,,,,,,,
USC00043491,1973,7,19,,,0.0,0.0,0.0,,,,,,,,,,,
USC00043491,1973,7,2,,,0.0,0.0,0.0,,,,,,,,,,,
USC00043491,1973,7,20,,,0.0,0.0,0.0,,,,,,,,,,,
USC00043491,1973,7,21,,,0.0,0.0,0.0,,,,,,,,,,,
USC00043491,1973,7,22,,,0.0,0.0,0.0,,,,,,,,,,,
USC00043491,1973,7,23,,,0.0,0.0,0.0,,,,,,,,,,,
USC00043491,1973,7,24,,,0.0,0.0,0.0,,,,,,,,,,,
USC00043491,1973,7,25,,,0.0,0.0,0.0,,,,,,,,,,,
USC00043491,1973,7,26,,,0.0,0.0,0.0,,,,,,,,,,,
USC00043491,1973,7,27,,,0.0,0.0,0.0,,,,,,,,,,,
USC00043491,1973,7,28,,,0.0,0.0,0.0,,,,,,,,,,,
USC00043491,1973,7,29,,,0.0,0.0,0.0,,,,,,,,,,,
USC00043491,1973,7,3,,,0.0,0.0,0.0,,,,,,,,,,,
USC00043491,1973,7,30,,,0.0,0.0,0.0,,,,,,,,,,,
USC00043491,1973,7,31,,,0.0,0.0,0.0,,,,,,,,,,,
USC00043491,1973,7,4,,,0.0,0.0,0.0,,,,,,,,,,,
USC00043491,1973,7,5,,,0.0,0.0,0.0,,,,,,,,,,,
USC00043491,1973,7,6,,,0.0,0.0,0.0,,,,,,,,,,,
USC00043491,1973,7,7,,,0.0,0.0,0.0,,,,,,,,,,,
USC00043491,1973,7,8,,,0.0,0.0,0.0,,,,,,,,,,,
USC00043491,1973,7,9,,,0.0,0.0,0.0,,,,,,,,,,,
USC00043491,1973,8,1,,,0.0,0.0,0.0,,,,,,,,,,,
USC00043491,1973,8,10,,,0.0,0.0,0.0,,,,,,,,,,,
USC00043491,1973,8,11,,,0.0,0.0,0.0,,,,,,,,,,,
USC00043491,1973,8,12,,,0.0,0.0,0.0,,,,,,,,,,,
USC00043491,1973,8,13,,,0.0,0.0,0.0,,,,,,,,,,,
USC00043491,1973,8,14,,,0.0,0.0,0.0,,,,,,,,,,,
USC00043491,1973,8,15,,,0.0,0.0,0.0,,,,,,,,,,,
USC00043491,1973,8,16,,,0.0,0.0,0.0,,,,,,,,,,,
USC00043491,1973,8,17,,,0.0,0.0,0.0,,,,,,,,,,,
USC00043491,1973,8,18,,,0.0,0.0,0.0,,,,,,,,,,,
USC00043491,1973,8,19,,,0.0,0.0,0.0,,,,,,,,,,,
USC00043491,1973,8,2,,,0.0,0.0,0.0,,,,,,,,,,,
USC00043491,1973,8,20,,,0.0,0.0,0.0,,,,,,,,,,,
USC00043491,1973,8,21,,,0.0,0.0,0.0,,,,,,,,,,,
USC00043491,1973,8,22,,,0.0,0.0,0.0,,,,,,,,,,,
USC00043491,1973,8,23,,,0.0,0.0,0.0,,,,,,,,,,,
USC00043491,1973,8,24,,,0.0,0.0,0.0,,,,,,,,,,,
USC00043491,1973,8,25,,,0.0,0.0,0.0,,,,,,,,,,,
USC00043491,1973,8,26,,,0.0,0.0,0.0,,,,,,,,,,,
USC00043491,1973,8,27,,,0.0,0.0,0.0,,,,,,,,,,,
USC00043491,1973,8,28,,,0.0,0.0,0.0,,,,,,,,,,,
USC00043491,1973,8,29,,,0.0,0.0,0.0,,,,,,,,,,,
USC00043491,1973,8,3,,,0.0,0.0,0.0,,,,,,,,,,,
USC00043491,1973,8,30,,,0.0,0.0,0.0,,,,,,,,,,,
USC00043491,1973,8,31,,,0.0,0.0,0.0,,,,,,,,,,,
USC00043491,1973,8,4,,,0.0,0.0,0.0,,,,,,,,,,,
USC00043491,1973,8,5,,,0.0,0.0,0.0,,,,,,,,,,,
USC00043491,1973,8,6,,,0.0,0.0,0.0,,,,,,,,,,,
USC00043491,1973,8,7,,,0.0,0.0,0.0,,,,,,,,,,,
USC00043491,1973,8,8,,,0.0,0.0,0.0,,,,,,,,,,,
USC00043491,1973,8,9,,,0.0,0.0,0.0,,,,,,,,,,,
USC00043491,1973,9,1,,,0.0,0.0,0.0,,,,,,,,,,,
USC00043491,1973,9,10,,,0.0,0.0,0.0,,,,,,,,,,,
USC00043491,1973,9,11,,,0.0,0.0,0.0,,,,,,,,,,,
USC00043491,1973,9,12,,,0.0,0.0,0.0,,,,,,,,,,,
USC00043491,1973,9,13,,,0.0,0.0,0.0,,,,,,,,,,,
USC00043491,1973,9,14,,,0.0,0.0,0.0,,,,,,,,,,,
USC00043491,1973,9,15,,,0.0,0.0,0.0,,,,,,,,,,,
USC00043491,1973,9,16,,,0.0,0.0,0.0,,,,,,,,,,,
USC00043491,1973,9,17,,,0.0,0.0,0.0,,,,,,,,,,,
USC00043491,1973,9,18,,,0.0,0.0,0.0,,,,,,,,,,,
USC00043491,1973,9,19,,,0.0,0.0,0.0,,,,,,,,,,,
USC00043491,1973,9,2,,,0.0,0.0,0.0,,,,,,,,,,,
USC00043491,1973,9,20,,,439.0,0.0,0.0,,,,,,,,,,,
USC00043491,1973,9,21,,,0.0,0.0,0.0,,,,,,,,,,,
USC00043491,1973,9,22,,,5.0,0.0,0.0,,,,,,,,,,,
USC00043491,1973,9,23,,,79.0,0.0,0.0,,,,,,,,,,,
USC00043491,1973,9,24,,,69.0,0.0,0.0,,,,,,,,,,,
USC00043491,1973,9,25,,,0.0,0.0,0.0,,,,,,,,,,,
USC00043491,1973,9,26,,,0.0,0.0,0.0,,,,,,,,,,,
USC00043491,1973,9,27,,,0.0,0.0,0.0,,,,,,,,,,,
USC00043491,1973,9,28,,,0.0,0.0,0.0,,,,,,,,,,,
USC00043491,1973,9,29,,,0.0,0.0,0.0,,,,,,,,,,,
USC00043491,1973,9,3,,,0.0,0.0,0.0,,,,,,,,,,,
USC00043491,1973,9,30,,,0.0,0.0,0.0,,,,,,,,,,,
USC00043491,1973,9,31,,,-9999.0,-9999.0,-9999.0,,,,,,,,,,,
USC00043491,1973,9,4,,,0.0,0.0,0.0,,,,,,,,,,,
USC00043491,1973,9,5,,,0.0,0.0,0.0,,,,,,,,,,,
USC00043491,1973,9,6,,,0.0,0.0,0.0,,,,,,,,,,,
USC00043491,1973,9,7,,,0.0,0.0,0.0,,,,,,,,,,,
USC00043491,1973,9,8,,,0.0,0.0,0.0,,,,,,,,,,,
USC00043491,1973,9,9,,,0.0,0.0,0.0,,,,,,,,,,,
USC00043491,1973,10,1,,,0.0,0.0,0.0,,,,,,,,,,,
USC00043491,1973,10,10,,,0.0,0.0,0.0,,,,,,,,,,,
USC00043491,1973,10,11,,,0.0,0.0,0.0,,,,,,,,,,,
USC00043491,1973,10,12,,,0.0,0.0,0.0,,,,,,,,,,,
USC00043491,1973,10,13,,,0.0,0.0,0.0,,,,,,,,,,,
USC00043491,1973,10,14,,,0.0,0.0,0.0,,,,,,,,,,,
USC00043491,1973,10,15,,,0.0,0.0,0.0,,,,,,,,,,,
USC00043491,1973,10,16,,,0.0,0.0,0.0,,,,,,,,,,,
USC00043491,1973,10,17,,,0.0,0.0,0.0,,,,,,,,,,,
USC00043491,1973,10,18,,,0.0,0.0,0.0,,,,,,,,,,,
USC00043491,1973,10,19,,,0.0,0.0,0.0,,,,,,,,,,,
USC00043491,1973,10,2,,,0.0,0.0,0.0,,,,,,,,,,,
USC00043491,1973,10,20,,,15.0,0.0,0.0,,,,,,,,,,,
USC00043491,1973,10,21,,,0.0,0.0,0.0,,,,,,,,,,,
USC00043491,1973,10,22,,,333.0,0.0,0.0,,,,,,,,,,,
USC00043491,1973,10,23,,,320.0,0.0,0.0,,,,,,,,,,,
USC00043491,1973,10,24,,,0.0,0.0,0.0,,,,,,,,,,,
USC00043491,1973,10,25,,,0.0,0.0,0.0,,,,,,,,,,,
USC00043491,1973,10,26,,,0.0,0.0,0.0,,,,,,,,,,,
USC00043491,1973,10,27,,,0.0,0.0,0.0,,,,,,,,,,,
USC00043491,1973,10,28,,,0.0,0.0,0.0,,,,,,,,,,,
USC00043491,1973,10,29,,,0.0,0.0,0.0,,,,,,,,,,,
USC00043491,1973,10,3,,,0.0,0.0,0.0,,,,,,,,,,,
USC00043491,1973,10,30,,,0.0,0.0,0.0,,,,,,,,,,,
USC00043491,1973,10,31,,,0.0,0.0,0.0,,,,,,,,,,,
USC00043491,1973,10,4,,,0.0,0.0,0.0,,,,,,,,,,,
USC00043491,1973,10,5,,,0.0,0.0,0.0,,,,,,,,,,,
USC00043491,1973,10,6,,,0.0,0.0,0.0,,,,,,,,,,,
USC00043491,1973,10,7,,,305.0,0.0,0.0,,,,,,,,,,,
USC00043491,1973,10,8,,,147.0,0.0,0.0,,,,,,,,,,,
USC00043491,1973,10,9,,,0.0,0.0,0.0,,,,,,,,,,,
USC00043491,1973,11,1,,,0.0,,,,,,,,,,,,,
USC00043491,1973,11,10,,,610.0,,,,,,,,,,,,,
USC00043491,1973,11,11,,,602.0,,,,,,,,,,,,,
USC00043491,1973,11,12,,,719.0,,,,,,,,,,,,,
USC00043491,1973,11,13,,,173.0,,,,,,,,,,,,,
USC00043491,1973,11,14,,,191.0,,,,,,,,,,,,,
USC00043491,1973,11,15,,,0.0,,,,,,,,,,,,,
USC00043491,1973,11,16,,,335.0,,,,,,,,,,,,,
USC00043491,1973,11,17,,,508.0,,,,,,,,,,,,,
USC00043491,1973,11,18,,,264.0,,,,,,,,,,,,,
USC00043491,1973,11,19,,,0.0,,,,,,,,,,,,,
USC00043491,1973,11,2,,,0.0,,,,,,,,,,,,,
USC00043491,1973,11,20,,,152.0,,,,,,,,,,,,,
USC00043491,1973,11,21,,,86.0,,,,,,,,,,,,,
USC00043491,1973,11,22,,,53.0,,,,,,,,,,,,,
USC00043491,1973,11,23,,,0.0,,,,,,,,,,,,,
USC00043491,1973,11,24,,,142.0,,,,,,,,,,,,,
USC00043491,1973,11,25,,,20.0,,,,,,,,,,,,,
USC00043491,1973,11,26,,,104.0,,,,,,,,,,,,,
USC00043491,1973,11,27,,,0.0,,,,,,,,,,,,,
USC00043491,1973,11,28,,,0.0,,,,,,,,,,,,,
USC00043491,1973,11,29,,,86.0,,,,,,,,,,,,,
USC00043491,1973,11,3,,,0.0,,,,,,,,,,,,,
USC00043491,1973,11,30,,,66.0,,,,,,,,,,,,,
USC00043491,1973,11,31,,,-9999.0,,,,,,,,,,,,,
USC00043491,1973,11,4,,,0.0,,,,,,,,,,,,,
USC00043491,1973,11,5,,,193.0,,,,,,,,,,,,,
USC00043491,1973,11,6,,,366.0,,,,,,,,,,,,,
USC00043491,1973,11,7,,,790.0,,,,,,,,,,,,,
USC00043491,1973,11,8,,,56.0,,,,,,,,,,,,,
USC00043491,1973,11,9,,,119.0,,,,,,,,,,,,,
USC00043491,1973,12,1,,,787.0,0.0,0.0,,,,,,,,,,,
USC00043491,1973,12,10,,,0.0,0.0,0.0,,,,,,,,,,,
USC00043491,1973,12,11,,,119.0,0.0,0.0,,,,,,,,,,,
USC00043491,1973,12,12,,,5.0,0.0,0.0,,,,,,,,,,,
USC00043491,1973,12,13,,,353.0,0.0,0.0,,,,,,,,,,,
USC00043491,1973,12,14,,,0.0,0.0,0.0,,,,,,,,,,,
USC00043491,1973,12,15,,,0.0,0.0,0.0,,,,,,,,,,,
USC00043491,1973,12,16,,,0.0,0.0,0.0,,,,,,,,,,,
USC00043491,1973,12,17,,,188.0,0.0,0.0,,,,,,,,,,,
USC00043491,1973,12,18,,,0.0,0.0,0.0,,,,,,,,,,,
USC00043491,1973,12,19,,,0.0,0.0,0.0,,,,,,,,,,,
USC00043491,1973,12,2,,,36.0,0.0,0.0,,,,,,,,,,,
USC00043491,1973,12,20,,,0.0,0.0,0.0,,,,,,,,,,,
USC00043491,1973,12,21,,,244.0,0.0,0.0,,,,,,,,,,,
USC00043491,1973,12,22,,,173.0,0.0,0.0,,,,,,,,,,,
USC00043491,1973,12,23,,,30.0,0.0,0.0,,,,,,,,,,,
USC00043491,1973,12,24,,,0.0,0.0,0.0,,,,,,,,,,,
USC00043491,1973,12,25,,,0.0,0.0,0.0,,,,,,,,,,,
USC00043491,1973,12,26,,,64.0,0.0,0.0,,,,,,,,,,,
USC00043491,1973,12,27,,,523.0,0.0,0.0,,,,,,,,,,,
USC00043491,1973,12,28,,,295.0,0.0,0.0,,,,,,,,,,,
USC00043491,1973,12,29,,,490.0,0.0,0.0,,,,,,,,,,,
USC00043491,1973,12,3,,,0.0,0.0,0.0,,,,,,,,,,,
USC00043491,1973,12,30,,,0.0,0.0,0.0,,,,,,,,,,,
USC00043491,1973,12,31,,,38.0,0.0,0.0,,,,,,,,,,,
USC00043491,1973,12,4,,,0.0,0.0,0.0,,,,,,,,,,,
USC00043491,1973,12,5,,,3.0,0.0,0.0,,,,,,,,,,,
USC00043491,1973,12,6,,,0.0,0.0,0.0,,,,,,,,,,,
USC00043491,1973,12,7,,,0.0,0.0,0.0,,,,,,,,,,,
USC00043491,1973,12,8,,,0.0,0.0,0.0,,,,,,,,,,,
USC00043491,1973,12,9,,,0.0,0.0,0.0,,,,,,,,,,,
USC00043491,1974,1,1,,,117.0,,,,,,,,,,,,,
USC00043491,1974,1,10,,,0.0,,,,,,,,,,,,,
USC00043491,1974,1,11,,,0.0,,,,,,,,,,,,,
USC00043491,1974,1,12,,,183.0,,,,,,,,,,,,,
USC00043491,1974,1,13,,,15.0,,,,,,,,,,,,,
USC00043491,1974,1,14,,,282.0,,,,,,,,,,,,,
USC00043491,1974,1,15,,,330.0,,,,,,,,,,,,,
USC00043491,1974,1,16,,,175.0,,,,,,,,,,,,,
USC00043491,1974,1,17,,,427.0,,,,,,,,,,,,,
USC00043491,1974,1,18,,,221.0,,,,,,,,,,,,,
USC00043491,1974,1,19,,,112.0,,,,,,,,,,,,,
USC00043491,1974,1,2,,,0.0,,,,,,,,,,,,,
USC00043491,1974,1,20,,,0.0,,,,,,,,,,,,,
USC00043491,1974,1,21,,,0.0,,,,,,,,,,,,,
USC00043491,1974,1,22,,,0.0,,,,,,,,,,,,,
USC00043491,1974,1,23,,,0.0,,,,,,,,,,,,,
USC00043491,1974,1,24,,,0.0,,,,,,,,,,,,,
USC00043491,1974,1,25,,,0.0,,,,,,,,,,,,,
USC00043491,1974,1,26,,,0.0,,,,,,,,,,,,,
USC00043491,1974,1,27,,,0.0,,,,,,,,,,,,,
USC00043491,1974,1,28,,,0.0,,,,,,,,,,,,,
USC00043491,1974,1,29,,,0.0,,,,,,,,,,,,,
USC00043491,1974,1,3,,,0.0,,,,,,,,,,,,,
USC00043491,1974,1,30,,,0.0,,,,,,,,,,,,,
USC00043491,1974,1,31,,,71.0,,,,,,,,,,,,,
USC00043491,1974,1,4,,,61.0,,,,,,,,,,,,,
USC00043491,1974,1,5,,,122.0,,,,,,,,,,,,,
USC00043491,1974,1,6,,,483.0,,,,,,,,,,,,,
USC00043491,1974,1,7,,,36.0,,,,,,,,,,,,,
USC00043491,1974,1,8,,,0.0,,,,,,,,,,,,,
USC00043491,1974,1,9,,,0.0,,,,,,,,,,,,,
USC00043491,1974,2,1,,,114.0,,,,,,,,,,,,,
USC00043491,1974,2,10,,,0.0,,,,,,,,,,,,,
USC00043491,1974,2,11,,,0.0,,,,,,,,,,,,,
USC00043491,1974,2,12,,,89.0,,,,,,,,,,,,,
USC00043491,1974,2,13,,,13.0,,,,,,,,,,,,,
USC00043491,1974,2,14,,,0.0,,,,,,,,,,,,,
USC00043491,1974,2,15,,,0.0,,,,,,,,,,,,,
USC00043491,1974,2,16,,,262.0,,,,,,,,,,,,,
USC00043491,1974,2,17,,,0.0,,,,,,,,,,,,,
USC00043491,1974,2,18,,,71.0,,,,,,,,,,,,,
USC00043491,1974,2,19,,,406.0,,,,,,,,,,,,,
USC00043491,1974,2,2,,,13.0,,,,,,,,,,,,,
USC00043491,1974,2,20,,,8.0,,,,,,,,,,,,,
USC00043491,1974,2,21,,,109.0,,,,,,,,,,,,,
USC00043491,1974,2,22,,,84.0,,,,,,,,,,,,,
USC00043491,1974,2,23,,,0.0,,,,,,,,,,,,,
USC00043491,1974,2,24,,,0.0,,,,,,,,,,,,,
USC00043491,1974,2,25,,,0.0,,,,,,,,,,,,,
USC00043491,1974,2,26,,,147.0,,,,,,,,,,,,,
USC00043491,1974,2,27,,,8.0,,,,,,,,,,,,,
USC00043491,1974,2,28,,,43.0,,,,,,,,,,,,,
USC00043491,1974,2,29,,,-9999.0,,,,,,,,,,,,,
USC00043491,1974,2,3,,,0.0,,,,,,,,,,,,,
USC00043491,1974,2,30,,,-9999.0,,,,,,,,,,,,,
USC00043491,1974,2,31,,,-9999.0,,,,,,,,,,,,,
USC00043491,1974,2,4,,,0.0,,,,,,,,,,,,,
USC00043491,1974,2,5,,,0.0,,,,,,,,,,,,,
USC00043491,1974,2,6,,,0.0,,,,,,,,,,,,,
USC00043491,1974,2,7,,,0.0,,,,,,,,,,,,,
USC00043491,1974,2,8,,,0.0,,,,,,,,,,,,,
USC00043491,1974,2,9,,,0.0,,,,,,,,,,,,,
USC00043491,1974,3,1,,,986.0,,,,,,,,,,,,,
USC00043491,1974,3,10,,,0.0,,,,,,,,,,,,,
USC00043491,1974,3,11,,,69.0,,,,,,,,,,,,,
USC00043491,1974,3,12,,,178.0,,,,,,,,,,,,,
USC00043491,1974,3,13,,,0.0,,,,,,,,,,,,,
USC00043491,1974,3,14,,,0.0,,,,,,,,,,,,,
USC00043491,1974,3,15,,,0.0,,,,,,,,,,,,,
USC00043491,1974,3,16,,,0.0,,,,,,,,,,,,,
USC00043491,1974,3,17,,,0.0,,,,,,,,,,,,,
USC00043491,1974,3,18,,,0.0,,,,,,,,,,,,,
USC00043491,1974,3,19,,,0.0,,,,,,,,,,,,,
USC00043491,1974,3,2,,,483.0,,,,,,,,,,,,,
USC00043491,1974,3,20,,,0.0,,,,,,,,,,,,,
USC00043491,1974,3,21,,,0.0,,,,,,,,,,,,,
USC00043491,1974,3,22,,,0.0,,,,,,,,,,,,,
USC00043491,1974,3,23,,,0.0,,,,,,,,,,,,,
USC00043491,1974,3,24,,,0.0,,,,,,,,,,,,,
USC00043491,1974,3,25,,,112.0,,,,,,,,,,,,,
USC00043491,1974,3,26,,,25.0,,,,,,,,,,,,,
USC00043491,1974,3,27,,,226.0,,,,,,,,,,,,,
USC00043491,1974,3,28,,,457.0,,,,,,,,,,,,,
USC00043491,1974,3,29,,,406.0,,,,,,,,,,,,,
USC00043491,1974,3,3,,,41.0,,,,,,,,,,,,,
USC00043491,1974,3,30,,,724.0,,,,,,,,,,,,,
USC00043491,1974,3,31,,,114.0,,,,,,,,,,,,,
USC00043491,1974,3,4,,,0.0,,,,,,,,,,,,,
USC00043491,1974,3,5,,,0.0,,,,,,,,,,,,,
USC00043491,1974,3,6,,,0.0,,,,,,,,,,,,,
USC00043491,1974,3,7,,,193.0,,,,,,,,,,,,,
USC00043491,1974,3,8,,,160.0,,,,,,,,,,,,,
USC00043491,1974,3,9,,,0.0,,,,,,,,,,,,,
USC00043491,1974,4,1,,,648.0,,,,,,,,,,,,,
USC00043491,1974,4,10,,,18.0,,,,,,,,,,,,,
USC00043491,1974,4,11,,,0.0,,,,,,,,,,,,,
USC00043491,1974,4,12,,,0.0,,,,,,,,,,,,,
USC00043491,1974,4,13,,,0.0,,,,,,,,,,,,,
USC00043491,1974,4,14,,,0.0,,,,,,,,,,,,,
USC00043491,1974,4,15,,,0.0,,,,,,,,,,,,,
USC00043491,1974,4,16,,,0.0,,,,,,,,,,,,,
USC00043491,1974,4,17,,,0.0,,,,,,,,,,,,,
USC00043491,1974,4,18,,,20.0,,,,,,,,,,,,,
USC00043491,1974,4,19,,,15.0,,,,,,,,,,,,,
USC00043491,1974,4,2,,,107.0,,,,,,,,,,,,,
USC00043491,1974,4,20,,,0.0,,,,,,,,,,,,,
USC00043491,1974,4,21,,,0.0,,,,,,,,,,,,,
USC00043491,1974,4,22,,,0.0,,,,,,,,,,,,,
USC00043491,1974,4,23,,,122.0,,,,,,,,,,,,,
USC00043491,1974,4,24,,,198.0,,,,,,,,,,,,,
USC00043491,1974,4,25,,,30.0,,,,,,,,,,,,,
USC00043491,1974,4,26,,,81.0,,,,,,,,,,,,,
USC00043491,1974,4,27,,,0.0,,,,,,,,,,,,,
USC00043491,1974,4,28,,,0.0,,,,,,,,,,,,,
USC00043491,1974,4,29,,,0.0,,,,,,,,,,,,,
USC00043491,1974,4,3,,,25.0,,,,,,,,,,,,,
USC00043491,1974,4,30,,,0.0,,,,,,,,,,,,,
USC00043491,1974,4,31,,,-9999.0,,,,,,,,,,,,,
USC00043491,1974,4,4,,,0.0,,,,,,,,,,,,,
USC00043491,1974,4,5,,,0.0,,,,,,,,,,,,,
USC00043491,1974,4,6,,,0.0,,,,,,,,,,,,,
USC00043491,1974,4,7,,,0.0,,,,,,,,,,,,,
USC00043491,1974,4,8,,,0.0,,,,,,,,,,,,,
USC00043491,1974,4,9,,,145.0,,,,,,,,,,,,,
USC00043491,1974,5,1,,,0.0,0.0,0.0,,,,,,,,,,,
USC00043491,1974,5,10,,,0.0,0.0,0.0,,,,,,,,,,,
USC00043491,1974,5,11,,,0.0,0.0,0.0,,,,,,,,,,,
USC00043491,1974,5,12,,,0.0,0.0,0.0,,,,,,,,,,,
USC00043491,1974,5,13,,,0.0,0.0,0.0,,,,,,,,,,,
USC00043491,1974,5,14,,,0.0,0.0,0.0,,,,,,,,,,,
USC00043491,1974,5,15,,,0.0,0.0,0.0,,,,,,,,,,,
USC00043491,1974,5,16,,,0.0,0.0,0.0,,,,,,,,,,,
USC00043491,1974,5,17,,,18.0,0.0,0.0,,,,,,,,,,,
USC00043491,1974,5,18,,,0.0,0.0,0.0,,,,,,,,,,,
USC00043491,1974,5,19,,,0.0,0.0,0.0,,,,,,,,,,,
USC00043491,1974,5,2,,,0.0,0.0,0.0,,,,,,,,,,,
USC00043491,1974,5,20,,,0.0,0.0,0.0,,,,,,,,,,,
USC00043491,1974,5,21,,,0.0,0.0,0.0,,,,,,,,,,,
USC00043491,1974,5,22,,,0.0,0.0,0.0,,,,,,,,,,,
USC00043491,1974,5,23,,,0.0,0.0,0.0,,,,,,,,,,,
USC00043491,1974,5,24,,,0.0,0.0,0.0,,,,,,,,,,,
USC00043491,1974,5,25,,,0.0,0.0,0.0,,,,,,,,,,,
USC00043491,1974,5,26,,,0.0,0.0,0.0,,,,,,,,,,,
USC00043491,1974,5,27,,,0.0,0.0,0.0,,,,,,,,,,,
USC00043491,1974,5,28,,,0.0,0.0,0.0,,,,,,,,,,,
USC00043491,1974,5,29,,,0.0,0.0,0.0,,,,,,,,,,,
USC00043491,1974,5,3,,,0.0,0.0,0.0,,,,,,,,,,,
USC00043491,1974,5,30,,,0.0,0.0,0.0,,,,,,,,,,,
USC00043491,1974,5,31,,,0.0,0.0,0.0,,,,,,,,,,,
USC00043491,1974,5,4,,,0.0,0.0,0.0,,,,,,,,,,,
USC00043491,1974,5,5,,,0.0,0.0,0.0,,,,,,,,,,,
USC00043491,1974,5,6,,,0.0,0.0,0.0,,,,,,,,,,,
USC00043491,1974,5,7,,,0.0,0.0,0.0,,,,,,,,,,,
USC00043491,1974,5,8,,,0.0,0.0,0.0,,,,,,,,,,,
USC00043491,1974,5,9,,,0.0,0.0,0.0,,,,,,,,,,,
USC00043491,1974,6,1,,,0.0,0.0,0.0,,,,,,,,,,,
USC00043491,1974,6,10,,,0.0,0.0,0.0,,,,,,,,,,,
USC00043491,1974,6,11,,,0.0,0.0,0.0,,,,,,,,,,,
USC00043491,1974,6,12,,,0.0,0.0,0.0,,,,,,,,,,,
USC00043491,1974,6,13,,,0.0,0.0,0.0,,,,,,,,,,,
USC00043491,1974,6,14,,,0.0,0.0,0.0,,,,,,,,,,,
USC00043491,1974,6,15,,,0.0,0.0,0.0,,,,,,,,,,,
USC00043491,1974,6,16,,,0.0,0.0,0.0,,,,,,,,,,,
USC00043491,1974,6,17,,,0.0,0.0,0.0,,,,,,,,,,,
USC00043491,1974,6,18,,,0.0,0.0,0.0,,,,,,,,,,,
USC00043491,1974,6,19,,,132.0,0.0,0.0,,,,,,,,,,,
USC00043491,1974,6,2,,,0.0,0.0,0.0,,,,,,,,,,,
USC00043491,1974,6,20,,,0.0,0.0,0.0,,,,,,,,,,,
USC00043491,1974,6,21,,,0.0,0.0,0.0,,,,,,,,,,,
USC00043491,1974,6,22,,,0.0,0.0,0.0,,,,,,,,,,,
USC00043491,1974,6,23,,,0.0,0.0,0.0,,,,,,,,,,,
USC00043491,1974,6,24,,,0.0,0.0,0.0,,,,,,,,,,,
USC00043491,1974,6,25,,,0.0,0.0,0.0,,,,,,,,,,,
USC00043491,1974,6,26,,,0.0,0.0,0.0,,,,,,,,,,,
USC00043491,1974,6,27,,,0.0,0.0,0.0,,,,,,,,,,,
USC00043491,1974,6,28,,,0.0,0.0,0.0,,,,,,,,,,,
USC00043491,1974,6,29,,,0.0,0.0,0.0,,,,,,,,,,,
USC00043491,1974,6,3,,,0.0,0.0,0.0,,,,,,,,,,,
USC00043491,1974,6,30,,,0.0,0.0,0.0,,,,,,,,,,,
USC00043491,1974,6,31,,,-9999.0,-9999.0,-9999.0,,,,,,,,,,,
USC00043491,1974,6,4,,,0.0,0.0,0.0,,,,,,,,,,,
USC00043491,1974,6,5,,,0.0,0.0,0.0,,,,,,,,,,,
USC00043491,1974,6,6,,,0.0,0.0,0.0,,,,,,,,,,,
USC00043491,1974,6,7,,,0.0,0.0,0.0,,,,,,,,,,,
USC00043491,1974,6,8,,,0.0,0.0,0.0,,,,,,,,,,,
USC00043491,1974,6,9,,,0.0,0.0,0.0,,,,,,,,,,,
USC00043491,1974,7,1,,,0.0,0.0,0.0,,,,,,,,,,,
USC00043491,1974,7,10,,,0.0,0.0,0.0,,,,,,,,,,,
USC00043491,1974,7,11,,,0.0,0.0,0.0,,,,,,,,,,,
USC00043491,1974,7,12,,,0.0,0.0,0.0,,,,,,,,,,,
USC00043491,1974,7,13,,,0.0,0.0,0.0,,,,,,,,,,,
USC00043491,1974,7,14,,,0.0,0.0,0.0,,,,,,,,,,,
USC00043491,1974,7,15,,,0.0,0.0,0.0,,,,,,,,,,,
USC00043491,1974,7,16,,,0.0,0.0,0.0,,,,,,,,,,,
USC00043491,1974,7,17,,,0.0,0.0,0.0,,,,,,,,,,,
USC00043491,1974,7,18,,,0.0,0.0,0.0,,,,,,,,,,,
USC00043491,1974,7,19,,,0.0,0.0,0.0,,,,,,,,,,,
USC00043491,1974,7,2,,,0.0,0.0,0.0,,,,,,,,,,,
USC00043491,1974,7,20,,,0.0,0.0,0.0,,,,,,,,,,,
USC00043491,1974,7,21,,,0.0,0.0,0.0,,,,,,,,,,,
USC00043491,1974,7,22,,,0.0,0.0,0.0,,,,,,,,,,,
USC00043491,1974,7,23,,,0.0,0.0,0.0,,,,,,,,,,,
USC00043491,1974,7,24,,,0.0,0.0,0.0,,,,,,,,,,,
USC00043491,1974,7,25,,,0.0,0.0,0.0,,,,,,,,,,,
USC00043491,1974,7,26,,,0.0,0.0,0.0,,,,,,,,,,,
USC00043491,1974,7,27,,,0.0,0.0,0.0,,,,,,,,,,,
USC00043491,1974,7,28,,,0.0,0.0,0.0,,,,,,,,,,,
USC00043491,1974,7,29,,,0.0,0.0,0.0,,,,,,,,,,,
USC00043491,1974,7,3,,,0.0,0.0,0.0,,,,,,,,,,,
USC00043491,1974,7,30,,,0.0,0.0,0.0,,,,,,,,,,,
USC00043491,1974,7,31,,,0.0,0.0,0.0,,,,,,,,,,,
USC00043491,1974,7,4,,,0.0,0.0,0.0,,,,,,,,,,,
USC00043491,1974,7,5,,,0.0,0.0,0.0,,,,,,,,,,,
USC00043491,1974,7,6,,,0.0,0.0,0.0,,,,,,,,,,,
USC00043491,1974,7,7,,,0.0,0.0,0.0,,,,,,,,,,,
USC00043491,1974,7,8,,,688.0,0.0,0.0,,,,,,,,,,,
USC00043491,1974,7,9,,,521.0,0.0,0.0,,,,,,,,,,,
USC00043491,1974,9,1,,,0.0,0.0,0.0,,,,,,,,,,,
USC00043491,1974,9,10,,,0.0,0.0,0.0,,,,,,,,,,,
USC00043491,1974,9,11,,,0.0,0.0,0.0,,,,,,,,,,,
USC00043491,1974,9,12,,,0.0,0.0,0.0,,,,,,,,,,,
USC00043491,1974,9,13,,,0.0,0.0,0.0,,,,,,,,,,,
USC00043491,1974,9,14,,,0.0,0.0,0.0,,,,,,,,,,,
USC00043491,1974,9,15,,,0.0,0.0,0.0,,,,,,,,,,,
USC00043491,1974,9,16,,,0.0,0.0,0.0,,,,,,,,,,,
USC00043491,1974,9,17,,,0.0,0.0,0.0,,,,,,,,,,,
USC00043491,1974,9,18,,,0.0,0.0,0.0,,,,,,,,,,,
USC00043491,1974,9,19,,,0.0,0.0,0.0,,,,,,,,,,,
USC00043491,1974,9,2,,,0.0,0.0,0.0,,,,,,,,,,,
USC00043491,1974,9,20,,,0.0,0.0,0.0,,,,,,,,,,,
USC00043491,1974,9,21,,,0.0,0.0,0.0,,,,,,,,,,,
USC00043491,1974,9,22,,,0.0,0.0,0.0,,,,,,,,,,,
USC00043491,1974,9,23,,,0.0,0.0,0.0,,,,,,,,,,,
USC00043491,1974,9,24,,,0.0,0.0,0.0,,,,,,,,,,,
USC00043491,1974,9,25,,,0.0,0.0,0.0,,,,,,,,,,,
USC00043491,1974,9,26,,,0.0,0.0,0.0,,,,,,,,,,,
USC00043491,1974,9,27,,,0.0,0.0,0.0,,,,,,,,,,,
USC00043491,1974,9,28,,,0.0,0.0,0.0,,,,,,,,,,,
USC00043491,1974,9,29,,,0.0,0.0,0.0,,,,,,,,,,,
USC00043491,1974,9,3,,,0.0,0.0,0.0,,,,,,,,,,,
USC00043491,1974,9,30,,,0.0,0.0,0.0,,,,,,,,,,,
USC00043491,1974,9,31,,,-9999.0,-9999.0,-9999.0,,,,,,,,,,,
USC00043491,1974,9,4,,,0.0,0.0,0.0,,,,,,,,,,,
USC00043491,1974,9,5,,,0.0,0.0,0.0,,,,,,,,,,,
USC00043491,1974,9,6,,,0.0,0.0,0.0,,,,,,,,,,,
USC00043491,1974,9,7,,,0.0,0.0,0.0,,,,,,,,,,,
USC00043491,1974,9,8,,,0.0,0.0,0.0,,,,,,,,,,,
USC00043491,1974,9,9,,,0.0,0.0,0.0,,,,,,,,,,,
USC00043491,1974,10,1,,,0.0,0.0,0.0,,,,,,,,,,,
USC00043491,1974,10,10,,,0.0,0.0,0.0,,,,,,,,,,,
USC00043491,1974,10,11,,,0.0,0.0,0.0,,,,,,,,,,,
USC00043491,1974,10,12,,,0.0,0.0,0.0,,,,,,,,,,,
USC00043491,1974,10,13,,,0.0,0.0,0.0,,,,,,,,,,,
USC00043491,1974,10,14,,,0.0,0.0,0.0,,,,,,,,,,,
USC00043491,1974,10,15,,,0.0,0.0,0.0,,,,,,,,,,,
USC00043491,1974,10,16,,,0.0,0.0,0.0,,,,,,,,,,,
USC00043491,1974,10,17,,,0.0,0.0,0.0,,,,,,,,,,,
USC00043491,1974,10,18,,,0.0,0.0,0.0,,,,,,,,,,,
USC00043491,1974,10,19,,,0.0,0.0,0.0,,,,,,,,,,,
USC00043491,1974,10,2,,,0.0,0.0,0.0,,,,,,,,,,,
USC00043491,1974,10,20,,,0.0,0.0,0.0,,,,,,,,,,,
USC00043491,1974,10,21,,,0.0,0.0,0.0,,,,,,,,,,,
USC00043491,1974,10,22,,,0.0,0.0,0.0,,,,,,,,,,,
USC00043491,1974,10,23,,,0.0,0.0,0.0,,,,,,,,,,,
USC00043491,1974,10,24,,,0.0,0.0,0.0,,,,,,,,,,,
USC00043491,1974,10,25,,,0.0,0.0,0.0,,,,,,,,,,,
USC00043491,1974,10,26,,,0.0,0.0,0.0,,,,,,,,,,,
USC00043491,1974,10,27,,,0.0,0.0,0.0,,,,,,,,,,,
USC00043491,1974,10,28,,,638.0,0.0,0.0,,,,,,,,,,,
USC00043491,1974,10,29,,,5.0,0.0,0.0,,,,,,,,,,,
USC00043491,1974,10,3,,,0.0,0.0,0.0,,,,,,,,,,,
USC00043491,1974,10,30,,,0.0,0.0,0.0,,,,,,,,,,,
USC00043491,1974,10,31,,,224.0,0.0,0.0,,,,,,,,,,,
USC00043491,1974,10,4,,,0.0,0.0,0.0,,,,,,,,,,,
USC00043491,1974,10,5,,,0.0,0.0,0.0,,,,,,,,,,,
USC00043491,1974,10,6,,,0.0,0.0,0.0,,,,,,,,,,,
USC00043491,1974,10,7,,,0.0,0.0,0.0,,,,,,,,,,,
USC00043491,1974,10,8,,,13.0,0.0,0.0,,,,,,,,,,,
USC00043491,1974,10,9,,,0.0,0.0,0.0,,,,,,,,,,,
USC00043491,1974,11,1,,,15.0,0.0,0.0,,,,,,,,,,,
USC00043491,1974,11,10,,,0.0,0.0,0.0,,,,,,,,,,,
USC00043491,1974,11,11,,,0.0,0.0,0.0,,,,,,,,,,,
USC00043491,1974,11,12,,,0.0,0.0,0.0,,,,,,,,,,,
USC00043491,1974,11,13,,,0.0,0.0,0.0,,,,,,,,,,,
USC00043491,1974,11,14,,,0.0,0.0,0.0,,,,,,,,,,,
USC00043491,1974,11,15,,,0.0,0.0,0.0,,,,,,,,,,,
USC00043491,1974,11,16,,,0.0,0.0,0.0,,,,,,,,,,,
USC00043491,1974,11,17,,,3.0,0.0,0.0,,,,,,,,,,,
USC00043491,1974,11,18,,,114.0,0.0,0.0,,,,,,,,,,,
USC00043491,1974,11,19,,,0.0,0.0,0.0,,,,,,,,,,,
USC00043491,1974,11,2,,,0.0,0.0,0.0,,,,,,,,,,,
USC00043491,1974,11,20,,,0.0,0.0,0.0,,,,,,,,,,,
USC00043491,1974,11,21,,,302.0,0.0,0.0,,,,,,,,,,,
USC00043491,1974,11,22,,,46.0,0.0,0.0,,,,,,,,,,,
USC00043491,1974,11,23,,,0.0,0.0,0.0,,,,,,,,,,,
USC00043491,1974,11,24,,,0.0,0.0,0.0,,,,,,,,,,,
USC00043491,1974,11,25,,,112.0,0.0,0.0,,,,,,,,,,,
USC00043491,1974,11,26,,,0.0,0.0,0.0,,,,,,,,,,,
USC00043491,1974,11,27,,,0.0,0.0,0.0,,,,,,,,,,,
USC00043491,1974,11,28,,,0.0,0.0,0.0,,,,,,,,,,,
USC00043491,1974,11,29,,,0.0,0.0,0.0,,,,,,,,,,,
USC00043491,1974,11,3,,,0.0,0.0,0.0,,,,,,,,,,,
USC00043491,1974,11,30,,,0.0,0.0,0.0,,,,,,,,,,,
USC00043491,1974,11,31,,,-9999.0,-9999.0,-9999.0,,,,,,,,,,,
USC00043491,1974,11,4,,,0.0,0.0,0.0,,,,,,,,,,,
USC00043491,1974,11,5,,,0.0,0.0,0.0,,,,,,,,,,,
USC00043491,1974,11,6,,,0.0,0.0,0.0,,,,,,,,,,,
USC00043491,1974,11,7,,,117.0,0.0,0.0,,,,,,,,,,,
USC00043491,1974,11,8,,,15.0,0.0,0.0,,,,,,,,,,,
USC00043491,1974,11,9,,,0.0,0.0,0.0,,,,,,,,,,,
USC00043491,1974,12,1,,,0.0,0.0,0.0,,,,,,,,,,,
USC00043491,1974,12,10,,,0.0,0.0,0.0,,,,,,,,,,,
USC00043491,1974,12,11,,,3.0,0.0,0.0,,,,,,,,,,,
USC00043491,1974,12,12,,,66.0,0.0,0.0,,,,,,,,,,,
USC00043491,1974,12,13,,,41.0,0.0,0.0,,,,,,,,,,,
USC00043491,1974,12,14,,,8.0,0.0,0.0,,,,,,,,,,,
USC00043491,1974,12,15,,,3.0,0.0,0.0,,,,,,,,,,,
USC00043491,1974,12,16,,,0.0,0.0,0.0,,,,,,,,,,,
USC00043491,1974,12,17,,,0.0,0.0,0.0,,,,,,,,,,,
USC00043491,1974,12,18,,,0.0,0.0,0.0,,,,,,,,,,,
USC00043491,1974,12,19,,,0.0,0.0,0.0,,,,,,,,,,,
USC00043491,1974,12,2,,,3.0,0.0,0.0,,,,,,,,,,,
USC00043491,1974,12,20,,,0.0,0.0,0.0,,,,,,,,,,,
USC00043491,1974,12,21,,,41.0,0.0,0.0,,,,,,,,,,,
USC00043491,1974,12,22,,,15.0,0.0,0.0,,,,,,,,,,,
USC00043491,1974,12,23,,,0.0,0.0,0.0,,,,,,,,,,,
USC00043491,1974,12,24,,,0.0,0.0,0.0,,,,,,,,,,,
USC00043491,1974,12,25,,,0.0,0.0,0.0,,,,,,,,,,,
USC00043491,1974,12,26,,,0.0,0.0,0.0,,,,,,,,,,,
USC00043491,1974,12,27,,,203.0,0.0,0.0,,,,,,,,,,,
USC00043491,1974,12,28,,,180.0,0.0,0.0,,,,,,,,,,,
USC00043491,1974,12,29,,,0.0,0.0,0.0,,,,,,,,,,,
USC00043491,1974,12,3,,,295.0,0.0,0.0,,,,,,,,,,,
USC00043491,1974,12,30,,,8.0,0.0,0.0,,,,,,,,,,,
USC00043491,1974,12,31,,,0.0,0.0,0.0,,,,,,,,,,,
USC00043491,1974,12,4,,,384.0,0.0,0.0,,,,,,,,,,,
USC00043491,1974,12,5,,,0.0,0.0,0.0,,,,,,,,,,,
USC00043491,1974,12,6,,,0.0,0.0,0.0,,,,,,,,,,,
USC00043491,1974,12,7,,,0.0,0.0,0.0,,,,,,,,,,,
USC00043491,1974,12,8,,,0.0,0.0,0.0,,,,,,,,,,,
USC00043491,1974,12,9,,,0.0,0.0,0.0,,,,,,,,,,,
USC00043491,1975,1,1,,,0.0,,,,,,,,,,,,,
USC00043491,1975,1,10,,,25.0,,,,,,,,,,,,,
USC00043491,1975,1,11,,,0.0,,,,,,,,,,,,,
USC00043491,1975,1,12,,,0.0,,,,,,,,,,,,,
USC00043491,1975,1,13,,,0.0,,,,,,,,,,,,,
USC00043491,1975,1,14,,,0.0,,,,,,,,,,,,,
USC00043491,1975,1,15,,,0.0,,,,,,,,,,,,,
USC00043491,1975,1,16,,,0.0,,,,,,,,,,,,,
USC00043491,1975,1,17,,,0.0,,,,,,,,,,,,,
USC00043491,1975,1,18,,,0.0,,,,,,,,,,,,,
USC00043491,1975,1,19,,,0.0,,,,,,,,,,,,,
USC00043491,1975,1,2,,,0.0,,,,,,,,,,,,,
USC00043491,1975,1,20,,,0.0,,,,,,,,,,,,,
USC00043491,1975,1,21,,,0.0,,,,,,,,,,,,,
USC00043491,1975,1,22,,,0.0,,,,,,,,,,,,,
USC00043491,1975,1,23,,,0.0,,,,,,,,,,,,,
USC00043491,1975,1,24,,,0.0,,,,,,,,,,,,,
USC00043491,1975,1,25,,,0.0,,,,,,,,,,,,,
USC00043491,1975,1,26,,,18.0,,,,,,,,,,,,,
USC00043491,1975,1,27,,,0.0,,,,,,,,,,,,,
USC00043491,1975,1,28,,,0.0,,,,,,,,,,,,,
USC00043491,1975,1,29,,,25.0,,,,,,,,,,,,,
USC00043491,1975,1,3,,,0.0,,,,,,,,,,,,,
USC00043491,1975,1,30,,,0.0,,,,,,,,,,,,,
USC00043491,1975,1,31,,,5.0,,,,,,,,,,,,,
USC00043491,1975,1,4,,,76.0,,,,,,,,,,,,,
USC00043491,1975,1,5,,,18.0,,,,,,,,,,,,,
USC00043491,1975,1,6,,,541.0,,,,,,,,,,,,,
USC00043491,1975,1,7,,,208.0,,,,,,,,,,,,,
USC00043491,1975,1,8,,,531.0,,,,,,,,,,,,,
USC00043491,1975,1,9,,,0.0,,,,,,,,,,,,,
USC00043491,1975,2,1,,,447.0,,,,,,,,,,,,,
USC00043491,1975,2,10,,,297.0,,,,,,,,,,,,,
USC00043491,1975,2,11,,,10.0,,,,,,,,,,,,,
USC00043491,1975,2,12,,,71.0,,,,,,,,,,,,,
USC00043491,1975,2,13,,,699.0,,,,,,,,,,,,,
USC00043491,1975,2,14,,,51.0,,,,,,,,,,,,,
USC00043491,1975,2,15,,,0.0,,,,,,,,,,,,,
USC00043491,1975,2,16,,,0.0,,,,,,,,,,,,,
USC00043491,1975,2,17,,,0.0,,,,,,,,,,,,,
USC00043491,1975,2,18,,,0.0,,,,,,,,,,,,,
USC00043491,1975,2,19,,,371.0,,,,,,,,,,,,,
USC00043491,1975,2,2,,,500.0,,,,,,,,,,,,,
USC00043491,1975,2,20,,,61.0,,,,,,,,,,,,,
USC00043491,1975,2,21,,,0.0,,,,,,,,,,,,,
USC00043491,1975,2,22,,,0.0,,,,,,,,,,,,,
USC00043491,1975,2,23,,,0.0,,,,,,,,,,,,,
USC00043491,1975,2,24,,,0.0,,,,,,,,,,,,,
USC00043491,1975,2,25,,,0.0,,,,,,,,,,,,,
USC00043491,1975,2,26,,,0.0,,,,,,,,,,,,,
USC00043491,1975,2,27,,,0.0,,,,,,,,,,,,,
USC00043491,1975,2,28,,,0.0,,,,,,,,,,,,,
USC00043491,1975,2,29,,,-9999.0,,,,,,,,,,,,,
USC00043491,1975,2,3,,,292.0,,,,,,,,,,,,,
USC00043491,1975,2,30,,,-9999.0,,,,,,,,,,,,,
USC00043491,1975,2,31,,,-9999.0,,,,,,,,,,,,,
USC00043491,1975,2,4,,,274.0,,,,,,,,,,,,,
USC00043491,1975,2,5,,,71.0,,,,,,,,,,,,,
USC00043491,1975,2,6,,,0.0,,,,,,,,,,,,,
USC00043491,1975,2,7,,,89.0,,,,,,,,,,,,,
USC00043491,1975,2,8,,,142.0,,,,,,,,,,,,,
USC00043491,1975,2,9,,,366.0,,,,,,,,,,,,,
USC00043491,1975,3,1,,,0.0,,,,,,,,,,,,,
USC00043491,1975,3,10,,,38.0,,,,,,,,,,,,,
USC00043491,1975,3,11,,,23.0,,,,,,,,,,,,,
USC00043491,1975,3,12,,,0.0,,,,,,,,,,,,,
USC00043491,1975,3,13,,,163.0,,,,,,,,,,,,,
USC00043491,1975,3,14,,,61.0,,,,,,,,,,,,,
USC00043491,1975,3,15,,,0.0,,,,,,,,,,,,,
USC00043491,1975,3,16,,,272.0,,,,,,,,,,,,,
USC00043491,1975,3,17,,,8.0,,,,,,,,,,,,,
USC00043491,1975,3,18,,,36.0,,,,,,,,,,,,,
USC00043491,1975,3,19,,,264.0,,,,,,,,,,,,,
USC00043491,1975,3,2,,,147.0,,,,,,,,,,,,,
USC00043491,1975,3,20,,,0.0,,,,,,,,,,,,,
USC00043491,1975,3,21,,,198.0,,,,,,,,,,,,,
USC00043491,1975,3,22,,,366.0,,,,,,,,,,,,,
USC00043491,1975,3,23,,,20.0,,,,,,,,,,,,,
USC00043491,1975,3,24,,,267.0,,,,,,,,,,,,,
USC00043491,1975,3,25,,,838.0,,,,,,,,,,,,,
USC00043491,1975,3,26,,,0.0,,,,,,,,,,,,,
USC00043491,1975,3,27,,,0.0,,,,,,,,,,,,,
USC00043491,1975,3,28,,,0.0,,,,,,,,,,,,,
USC00043491,1975,3,29,,,0.0,,,,,,,,,,,,,
USC00043491,1975,3,3,,,0.0,,,,,,,,,,,,,
USC00043491,1975,3,30,,,0.0,,,,,,,,,,,,,
USC00043491,1975,3,31,,,0.0,,,,,,,,,,,,,
USC00043491,1975,3,4,,,0.0,,,,,,,,,,,,,
USC00043491,1975,3,5,,,97.0,,,,,,,,,,,,,
USC00043491,1975,3,6,,,102.0,,,,,,,,,,,,,
USC00043491,1975,3,7,,,310.0,,,,,,,,,,,,,
USC00043491,1975,3,8,,,381.0,,,,,,,,,,,,,
USC00043491,1975,3,9,,,18.0,,,,,,,,,,,,,
USC00043491,1975,4,1,,,0.0,,,,,,,,,,,,,
USC00043491,1975,4,10,,,0.0,,,,,,,,,,,,,
USC00043491,1975,4,11,,,0.0,,,,,,,,,,,,,
USC00043491,1975,4,12,,,0.0,,,,,,,,,,,,,
USC00043491,1975,4,13,,,0.0,,,,,,,,,,,,,
USC00043491,1975,4,14,,,51.0,,,,,,,,,,,,,
USC00043491,1975,4,15,,,64.0,,,,,,,,,,,,,
USC00043491,1975,4,16,,,13.0,,,,,,,,,,,,,
USC00043491,1975,4,17,,,0.0,,,,,,,,,,,,,
USC00043491,1975,4,18,,,0.0,,,,,,,,,,,,,
USC00043491,1975,4,19,,,0.0,,,,,,,,,,,,,
USC00043491,1975,4,2,,,0.0,,,,,,,,,,,,,
USC00043491,1975,4,20,,,0.0,,,,,,,,,,,,,
USC00043491,1975,4,21,,,0.0,,,,,,,,,,,,,
USC00043491,1975,4,22,,,0.0,,,,,,,,,,,,,
USC00043491,1975,4,23,,,41.0,,,,,,,,,,,,,
USC00043491,1975,4,24,,,269.0,,,,,,,,,,,,,
USC00043491,1975,4,25,,,104.0,,,,,,,,,,,,,
USC00043491,1975,4,26,,,0.0,,,,,,,,,,,,,
USC00043491,1975,4,27,,,0.0,,,,,,,,,,,,,
USC00043491,1975,4,28,,,0.0,,,,,,,,,,,,,
USC00043491,1975,4,29,,,0.0,,,,,,,,,,,,,
USC00043491,1975,4,3,,,86.0,,,,,,,,,,,,,
USC00043491,1975,4,30,,,5.0,,,,,,,,,,,,,
USC00043491,1975,4,31,,,-9999.0,,,,,,,,,,,,,
USC00043491,1975,4,4,,,178.0,,,,,,,,,,,,,
USC00043491,1975,4,5,,,345.0,,,,,,,,,,,,,
USC00043491,1975,4,6,,,112.0,,,,,,,,,,,,,
USC00043491,1975,4,7,,,99.0,,,,,,,,,,,,,
USC00043491,1975,4,8,,,15.0,,,,,,,,,,,,,
USC00043491,1975,4,9,,,0.0,,,,,,,,,,,,,
USC00043491,1975,5,1,,,0.0,0.0,0.0,,,,,,,,,,,
USC00043491,1975,5,10,,,0.0,0.0,0.0,,,,,,,,,,,
USC00043491,1975,5,11,,,0.0,0.0,0.0,,,,,,,,,,,
USC00043491,1975,5,12,,,0.0,0.0,0.0,,,,,,,,,,,
USC00043491,1975,5,13,,,0.0,0.0,0.0,,,,,,,,,,,
USC00043491,1975,5,14,,,0.0,0.0,0.0,,,,,,,,,,,
USC00043491,1975,5,15,,,0.0,0.0,0.0,,,,,,,,,,,
USC00043491,1975,5,16,,,0.0,0.0,0.0,,,,,,,,,,,
USC00043491,1975,5,17,,,0.0,0.0,0.0,,,,,,,,,,,
USC00043491,1975,5,18,,,0.0,0.0,0.0,,,,,,,,,,,
USC00043491,1975,5,19,,,0.0,0.0,0.0,,,,,,,,,,,
USC00043491,1975,5,2,,,0.0,0.0,0.0,,,,,,,,,,,
USC00043491,1975,5,20,,,0.0,0.0,0.0,,,,,,,,,,,
USC00043491,1975,5,21,,,0.0,0.0,0.0,,,,,,,,,,,
USC00043491,1975,5,22,,,0.0,0.0,0.0,,,,,,,,,,,
USC00043491,1975,5,23,,,0.0,0.0,0.0,,,,,,,,,,,
USC00043491,1975,5,24,,,0.0,0.0,0.0,,,,,,,,,,,
USC00043491,1975,5,25,,,0.0,0.0,0.0,,,,,,,,,,,
USC00043491,1975,5,26,,,0.0,0.0,0.0,,,,,,,,,,,
USC00043491,1975,5,27,,,0.0,0.0,0.0,,,,,,,,,,,
USC00043491,1975,5,28,,,0.0,0.0,0.0,,,,,,,,,,,
USC00043491,1975,5,29,,,0.0,0.0,0.0,,,,,,,,,,,
USC00043491,1975,5,3,,,196.0,0.0,0.0,,,,,,,,,,,
USC00043491,1975,5,30,,,0.0,0.0,0.0,,,,,,,,,,,
USC00043491,1975,5,31,,,0.0,0.0,0.0,,,,,,,,,,,
USC00043491,1975,5,4,,,15.0,0.0,0.0,,,,,,,,,,,
USC00043491,1975,5,5,,,3.0,0.0,0.0,,,,,,,,,,,
USC00043491,1975,5,6,,,0.0,0.0,0.0,,,,,,,,,,,
USC00043491,1975,5,7,,,0.0,0.0,0.0,,,,,,,,,,,
USC00043491,1975,5,8,,,0.0,0.0,0.0,,,,,,,,,,,
USC00043491,1975,5,9,,,0.0,0.0,0.0,,,,,,,,,,,
USC00043491,1975,6,1,,,15.0,0.0,0.0,,,,,,,,,,,
USC00043491,1975,6,10,,,0.0,0.0,0.0,,,,,,,,,,,
USC00043491,1975,6,11,,,0.0,0.0,0.0,,,,,,,,,,,
USC00043491,1975,6,12,,,0.0,0.0,0.0,,,,,,,,,,,
USC00043491,1975,6,13,,,0.0,0.0,0.0,,,,,,,,,,,
USC00043491,1975,6,14,,,0.0,0.0,0.0,,,,,,,,,,,
USC00043491,1975,6,15,,,0.0,0.0,0.0,,,,,,,,,,,
USC00043491,1975,6,16,,,0.0,0.0,0.0,,,,,,,,,,,
USC00043491,1975,6,17,,,0.0,0.0,0.0,,,,,,,,,,,
USC00043491,1975,6,18,,,0.0,0.0,0.0,,,,,,,,,,,
USC00043491,1975,6,19,,,0.0,0.0,0.0,,,,,,,,,,,
USC00043491,1975,6,2,,,0.0,0.0,0.0,,,,,,,,,,,
USC00043491,1975,6,20,,,0.0,0.0,0.0,,,,,,,,,,,
USC00043491,1975,6,21,,,0.0,0.0,0.0,,,,,,,,,,,
USC00043491,1975,6,22,,,0.0,0.0,0.0,,,,,,,,,,,
USC00043491,1975,6,23,,,0.0,0.0,0.0,,,,,,,,,,,
USC00043491,1975,6,24,,,127.0,0.0,0.0,,,,,,,,,,,
USC00043491,1975,6,25,,,3.0,0.0,0.0,,,,,,,,,,,
USC00043491,1975,6,26,,,0.0,0.0,0.0,,,,,,,,,,,
USC00043491,1975,6,27,,,0.0,0.0,0.0,,,,,,,,,,,
USC00043491,1975,6,28,,,0.0,0.0,0.0,,,,,,,,,,,
USC00043491,1975,6,29,,,0.0,0.0,0.0,,,,,,,,,,,
USC00043491,1975,6,3,,,0.0,0.0,0.0,,,,,,,,,,,
USC00043491,1975,6,30,,,0.0,0.0,0.0,,,,,,,,,,,
USC00043491,1975,6,31,,,-9999.0,-9999.0,-9999.0,,,,,,,,,,,
USC00043491,1975,6,4,,,0.0,0.0,0.0,,,,,,,,,,,
USC00043491,1975,6,5,,,0.0,0.0,0.0,,,,,,,,,,,
USC00043491,1975,6,6,,,0.0,0.0,0.0,,,,,,,,,,,
USC00043491,1975,6,7,,,0.0,0.0,0.0,,,,,,,,,,,
USC00043491,1975,6,8,,,0.0,0.0,0.0,,,,,,,,,,,
USC00043491,1975,6,9,,,0.0,0.0,0.0,,,,,,,,,,,
USC00043491,1975,7,1,,,0.0,0.0,0.0,,,,,,,,,,,
USC00043491,1975,7,10,,,0.0,0.0,0.0,,,,,,,,,,,
USC00043491,1975,7,11,,,0.0,0.0,0.0,,,,,,,,,,,
USC00043491,1975,7,12,,,0.0,0.0,0.0,,,,,,,,,,,
USC00043491,1975,7,13,,,0.0,0.0,0.0,,,,,,,,,,,
USC00043491,1975,7,14,,,0.0,0.0,0.0,,,,,,,,,,,
USC00043491,1975,7,15,,,5.0,0.0,0.0,,,,,,,,,,,
USC00043491,1975,7,16,,,13.0,0.0,0.0,,,,,,,,,,,
USC00043491,1975,7,17,,,0.0,0.0,0.0,,,,,,,,,,,
USC00043491,1975,7,18,,,0.0,0.0,0.0,,,,,,,,,,,
USC00043491,1975,7,19,,,0.0,0.0,0.0,,,,,,,,,,,
USC00043491,1975,7,2,,,0.0,0.0,0.0,,,,,,,,,,,
USC00043491,1975,7,20,,,0.0,0.0,0.0,,,,,,,,,,,
USC00043491,1975,7,21,,,0.0,0.0,0.0,,,,,,,,,,,
USC00043491,1975,7,22,,,0.0,0.0,0.0,,,,,,,,,,,
USC00043491,1975,7,23,,,0.0,0.0,0.0,,,,,,,,,,,
USC00043491,1975,7,24,,,0.0,0.0,0.0,,,,,,,,,,,
USC00043491,1975,7,25,,,0.0,0.0,0.0,,,,,,,,,,,
USC00043491,1975,7,26,,,0.0,0.0,0.0,,,,,,,,,,,
USC00043491,1975,7,27,,,0.0,0.0,0.0,,,,,,,,,,,
USC00043491,1975,7,28,,,0.0,0.0,0.0,,,,,,,,,,,
USC00043491,1975,7,29,,,0.0,0.0,0.0,,,,,,,,,,,
USC00043491,1975,7,3,,,0.0,0.0,0.0,,,,,,,,,,,
USC00043491,1975,7,30,,,0.0,0.0,0.0,,,,,,,,,,,
USC00043491,1975,7,31,,,0.0,0.0,0.0,,,,,,,,,,,
USC00043491,1975,7,4,,,0.0,0.0,0.0,,,,,,,,,,,
USC00043491,1975,7,5,,,0.0,0.0,0.0,,,,,,,,,,,
USC00043491,1975,7,6,,,0.0,0.0,0.0,,,,,,,,,,,
USC00043491,1975,7,7,,,0.0,0.0,0.0,,,,,,,,,,,
USC00043491,1975,7,8,,,0.0,0.0,0.0,,,,,,,,,,,
USC00043491,1975,7,9,,,0.0,0.0,0.0,,,,,,,,,,,
USC00043491,1975,8,1,,,0.0,0.0,0.0,,,,,,,,,,,
USC00043491,1975,8,10,,,0.0,0.0,0.0,,,,,,,,,,,
USC00043491,1975,8,11,,,0.0,0.0,0.0,,,,,,,,,,,
USC00043491,1975,8,12,,,0.0,0.0,0.0,,,,,,,,,,,
USC00043491,1975,8,13,,,0.0,0.0,0.0,,,,,,,,,,,
USC00043491,1975,8,14,,,0.0,0.0,0.0,,,,,,,,,,,
USC00043491,1975,8,15,,,0.0,0.0,0.0,,,,,,,,,,,
USC00043491,1975,8,16,,,0.0,0.0,0.0,,,,,,,,,,,
USC00043491,1975,8,17,,,0.0,0.0,0.0,,,,,,,,,,,
USC00043491,1975,8,18,,,191.0,0.0,0.0,,,,,,,,,,,
USC00043491,1975,8,19,,,91.0,0.0,0.0,,,,,,,,,,,
USC00043491,1975,8,2,,,0.0,0.0,0.0,,,,,,,,,,,
USC00043491,1975,8,20,,,3.0,0.0,0.0,,,,,,,,,,,
USC00043491,1975,8,21,,,137.0,0.0,0.0,,,,,,,,,,,
USC00043491,1975,8,22,,,0.0,0.0,0.0,,,,,,,,,,,
USC00043491,1975,8,23,,,0.0,0.0,0.0,,,,,,,,,,,
USC00043491,1975,8,24,,,0.0,0.0,0.0,,,,,,,,,,,
USC00043491,1975,8,25,,,0.0,0.0,0.0,,,,,,,,,,,
USC00043491,1975,8,26,,,0.0,0.0,0.0,,,,,,,,,,,
USC00043491,1975,8,27,,,0.0,0.0,0.0,,,,,,,,,,,
USC00043491,1975,8,28,,,0.0,0.0,0.0,,,,,,,,,,,
USC00043491,1975,8,29,,,0.0,0.0,0.0,,,,,,,,,,,
USC00043491,1975,8,3,,,0.0,0.0,0.0,,,,,,,,,,,
USC00043491,1975,8,30,,,0.0,0.0,0.0,,,,,,,,,,,
USC00043491,1975,8,31,,,0.0,0.0,0.0,,,,,,,,,,,
USC00043491,1975,8,4,,,0.0,0.0,0.0,,,,,,,,,,,
USC00043491,1975,8,5,,,0.0,0.0,0.0,,,,,,,,,,,
USC00043491,1975,8,6,,,0.0,0.0,0.0,,,,,,,,,,,
USC00043491,1975,8,7,,,0.0,0.0,0.0,,,,,,,,,,,
USC00043491,1975,8,8,,,0.0,0.0,0.0,,,,,,,,,,,
USC00043491,1975,8,9,,,0.0,0.0,0.0,,,,,,,,,,,
USC00043491,1975,9,1,,,0.0,0.0,0.0,,,,,,,,,,,
USC00043491,1975,9,10,,,0.0,0.0,0.0,,,,,,,,,,,
USC00043491,1975,9,11,,,0.0,0.0,0.0,,,,,,,,,,,
USC00043491,1975,9,12,,,0.0,0.0,0.0,,,,,,,,,,,
USC00043491,1975,9,13,,,0.0,0.0,0.0,,,,,,,,,,,
USC00043491,1975,9,14,,,0.0,0.0,0.0,,,,,,,,,,,
USC00043491,1975,9,15,,,0.0,0.0,0.0,,,,,,,,,,,
USC00043491,1975,9,16,,,0.0,0.0,0.0,,,,,,,,,,,
USC00043491,1975,9,17,,,0.0,0.0,0.0,,,,,,,,,,,
USC00043491,1975,9,18,,,0.0,0.0,0.0,,,,,,,,,,,
USC00043491,1975,9,19,,,0.0,0.0,0.0,,,,,,,,,,,
USC00043491,1975,9,2,,,0.0,0.0,0.0,,,,,,,,,,,
USC00043491,1975,9,20,,,0.0,0.0,0.0,,,,,,,,,,,
USC00043491,1975,9,21,,,0.0,0.0,0.0,,,,,,,,,,,
USC00043491,1975,9,22,,,0.0,0.0,0.0,,,,,,,,,,,
USC00043491,1975,9,23,,,0.0,0.0,0.0,,,,,,,,,,,
USC00043491,1975,9,24,,,0.0,0.0,0.0,,,,,,,,,,,
USC00043491,1975,9,25,,,0.0,0.0,0.0,,,,,,,,,,,
USC00043491,1975,9,26,,,0.0,0.0,0.0,,,,,,,,,,,
USC00043491,1975,9,27,,,0.0,0.0,0.0,,,,,,,,,,,
USC00043491,1975,9,28,,,0.0,0.0,0.0,,,,,,,,,,,
USC00043491,1975,9,29,,,0.0,0.0,0.0,,,,,,,,,,,
USC00043491,1975,9,3,,,0.0,0.0,0.0,,,,,,,,,,,
USC00043491,1975,9,30,,,0.0,0.0,0.0,,,,,,,,,,,
USC00043491,1975,9,31,,,-9999.0,-9999.0,-9999.0,,,,,,,,,,,
USC00043491,1975,9,4,,,0.0,0.0,0.0,,,,,,,,,,,
USC00043491,1975,9,5,,,0.0,0.0,0.0,,,,,,,,,,,
USC00043491,1975,9,6,,,0.0,0.0,0.0,,,,,,,,,,,
USC00043491,1975,9,7,,,0.0,0.0,0.0,,,,,,,,,,,
USC00043491,1975,9,8,,,0.0,0.0,0.0,,,,,,,,,,,
USC00043491,1975,9,9,,,10.0,0.0,0.0,,,,,,,,,,,
USC00043491,1975,10,1,,,0.0,0.0,0.0,,,,,,,,,,,
USC00043491,1975,10,10,,,544.0,0.0,0.0,,,,,,,,,,,
USC00043491,1975,10,11,,,254.0,0.0,0.0,,,,,,,,,,,
USC00043491,1975,10,12,,,3.0,0.0,0.0,,,,,,,,,,,
USC00043491,1975,10,13,,,0.0,0.0,0.0,,,,,,,,,,,
USC00043491,1975,10,14,,,0.0,0.0,0.0,,,,,,,,,,,
USC00043491,1975,10,15,,,0.0,0.0,0.0,,,,,,,,,,,
USC00043491,1975,10,16,,,0.0,0.0,0.0,,,,,,,,,,,
USC00043491,1975,10,17,,,0.0,0.0,0.0,,,,,,,,,,,
USC00043491,1975,10,18,,,0.0,0.0,0.0,,,,,,,,,,,
USC00043491,1975,10,19,,,0.0,0.0,0.0,,,,,,,,,,,
USC00043491,1975,10,2,,,0.0,0.0,0.0,,,,,,,,,,,
USC00043491,1975,10,20,,,0.0,0.0,0.0,,,,,,,,,,,
USC00043491,1975,10,21,,,0.0,0.0,0.0,,,,,,,,,,,
USC00043491,1975,10,22,,,3.0,0.0,0.0,,,,,,,,,,,
USC00043491,1975,10,23,,,13.0,0.0,0.0,,,,,,,,,,,
USC00043491,1975,10,24,,,0.0,0.0,0.0,,,,,,,,,,,
USC00043491,1975,10,25,,,5.0,0.0,0.0,,,,,,,,,,,
USC00043491,1975,10,26,,,922.0,0.0,0.0,,,,,,,,,,,
USC00043491,1975,10,27,,,36.0,0.0,0.0,,,,,,,,,,,
USC00043491,1975,10,28,,,0.0,0.0,0.0,,,,,,,,,,,
USC00043491,1975,10,29,,,0.0,0.0,0.0,,,,,,,,,,,
USC00043491,1975,10,3,,,0.0,0.0,0.0,,,,,,,,,,,
USC00043491,1975,10,30,,,257.0,0.0,0.0,,,,,,,,,,,
USC00043491,1975,10,31,,,0.0,0.0,0.0,,,,,,,,,,,
USC00043491,1975,10,4,,,0.0,0.0,0.0,,,,,,,,,,,
USC00043491,1975,10,5,,,0.0,0.0,0.0,,,,,,,,,,,
USC00043491,1975,10,6,,,43.0,0.0,0.0,,,,,,,,,,,
USC00043491,1975,10,7,,,94.0,0.0,0.0,,,,,,,,,,,
USC00043491,1975,10,8,,,0.0,0.0,0.0,,,,,,,,,,,
USC00043491,1975,10,9,,,0.0,0.0,0.0,,,,,,,,,,,
USC00043491,1975,11,1,,,0.0,,,,,,,,,,,,,
USC00043491,1975,11,10,,,152.0,,,,,,,,,,,,,
USC00043491,1975,11,11,,,0.0,,,,,,,,,,,,,
USC00043491,1975,11,12,,,0.0,,,,,,,,,,,,,
USC00043491,1975,11,13,,,0.0,,,,,,,,,,,,,
USC00043491,1975,11,14,,,0.0,,,,,,,,,,,,,
USC00043491,1975,11,15,,,76.0,,,,,,,,,,,,,
USC00043491,1975,11,16,,,257.0,,,,,,,,,,,,,
USC00043491,1975,11,17,,,0.0,,,,,,,,,,,,,
USC00043491,1975,11,18,,,0.0,,,,,,,,,,,,,
USC00043491,1975,11,19,,,0.0,,,,,,,,,,,,,
USC00043491,1975,11,2,,,0.0,,,,,,,,,,,,,
USC00043491,1975,11,20,,,18.0,,,,,,,,,,,,,
USC00043491,1975,11,21,,,0.0,,,,,,,,,,,,,
USC00043491,1975,11,22,,,0.0,,,,,,,,,,,,,
USC00043491,1975,11,23,,,0.0,,,,,,,,,,,,,
USC00043491,1975,11,24,,,0.0,,,,,,,,,,,,,
USC00043491,1975,11,25,,,0.0,,,,,,,,,,,,,
USC00043491,1975,11,26,,,0.0,,,,,,,,,,,,,
USC00043491,1975,11,27,,,132.0,,,,,,,,,,,,,
USC00043491,1975,11,28,,,25.0,,,,,,,,,,,,,
USC00043491,1975,11,29,,,3.0,,,,,,,,,,,,,
USC00043491,1975,11,3,,,0.0,,,,,,,,,,,,,
USC00043491,1975,11,30,,,0.0,,,,,,,,,,,,,
USC00043491,1975,11,31,,,-9999.0,,,,,,,,,,,,,
USC00043491,1975,11,4,,,0.0,,,,,,,,,,,,,
USC00043491,1975,11,5,,,0.0,,,,,,,,,,,,,
USC00043491,1975,11,6,,,0.0,,,,,,,,,,,,,
USC00043491,1975,11,7,,,163.0,,,,,,,,,,,,,
USC00043491,1975,11,8,,,5.0,,,,,,,,,,,,,
USC00043491,1975,11,9,,,0.0,,,,,,,,,,,,,
USC00043491,1975,12,1,,,0.0,,,,,,,,,,,,,
USC00043491,1975,12,10,,,0.0,,,,,,,,,,,,,
USC00043491,1975,12,11,,,0.0,,,,,,,,,,,,,
USC00043491,1975,12,12,,,196.0,,,,,,,,,,,,,
USC00043491,1975,12,13,,,25.0,,,,,,,,,,,,,
USC00043491,1975,12,14,,,0.0,,,,,,,,,,,,,
USC00043491,1975,12,15,,,0.0,,,,,,,,,,,,,
USC00043491,1975,12,16,,,0.0,,,,,,,,,,,,,
USC00043491,1975,12,17,,,0.0,,,,,,,,,,,,,
USC00043491,1975,12,18,,,0.0,,,,,,,,,,,,,
USC00043491,1975,12,19,,,0.0,,,,,,,,,,,,,
USC00043491,1975,12,2,,,0.0,,,,,,,,,,,,,
USC00043491,1975,12,20,,,0.0,,,,,,,,,,,,,
USC00043491,1975,12,21,,,0.0,,,,,,,,,,,,,
USC00043491,1975,12,22,,,221.0,,,,,,,,,,,,,
USC00043491,1975,12,23,,,0.0,,,,,,,,,,,,,
USC00043491,1975,12,24,,,0.0,,,,,,,,,,,,,
USC00043491,1975,12,25,,,0.0,,,,,,,,,,,,,
USC00043491,1975,12,26,,,0.0,,,,,,,,,,,,,
USC00043491,1975,12,27,,,0.0,,,,,,,,,,,,,
USC00043491,1975,12,28,,,0.0,,,,,,,,,,,,,
USC00043491,1975,12,29,,,0.0,,,,,,,,,,,,,
USC00043491,1975,12,3,,,0.0,,,,,,,,,,,,,
USC00043491,1975,12,30,,,0.0,,,,,,,,,,,,,
USC00043491,1975,12,31,,,0.0,,,,,,,,,,,,,
USC00043491,1975,12,4,,,0.0,,,,,,,,,,,,,
USC00043491,1975,12,5,,,145.0,,,,,,,,,,,,,
USC00043491,1975,12,6,,,3.0,,,,,,,,,,,,,
USC00043491,1975,12,7,,,0.0,,,,,,,,,,,,,
USC00043491,1975,12,8,,,0.0,,,,,,,,,,,,,
USC00043491,1975,12,9,,,0.0,,,,,,,,,,,,,
USC00043491,1976,1,1,,,0.0,,,,,,,,,,,,,
USC00043491,1976,1,10,,,0.0,,,,,,,,,,,,,
USC00043491,1976,1,11,,,0.0,,,,,,,,,,,,,
USC00043491,1976,1,12,,,0.0,,,,,,,,,,,,,
USC00043491,1976,1,13,,,0.0,,,,,,,,,,,,,
USC00043491,1976,1,14,,,0.0,,,,,,,,,,,,,
USC00043491,1976,1,15,,,0.0,,,,,,,,,,,,,
USC00043491,1976,1,16,,,0.0,,,,,,,,,,,,,
USC00043491,1976,1,17,,,0.0,,,,,,,,,,,,,
USC00043491,1976,1,18,,,0.0,,,,,,,,,,,,,
USC00043491,1976,1,19,,,0.0,,,,,,,,,,,,,
USC00043491,1976,1,2,,,0.0,,,,,,,,,,,,,
USC00043491,1976,1,20,,,0.0,,,,,,,,,,,,,
USC00043491,1976,1,21,,,0.0,,,,,,,,,,,,,
USC00043491,1976,1,22,,,0.0,,,,,,,,,,,,,
USC00043491,1976,1,23,,,5.0,,,,,,,,,,,,,
USC00043491,1976,1,24,,,0.0,,,,,,,,,,,,,
USC00043491,1976,1,25,,,0.0,,,,,,,,,,,,,
USC00043491,1976,1,26,,,0.0,,,,,,,,,,,,,
USC00043491,1976,1,27,,,0.0,,,,,,,,,,,,,
USC00043491,1976,1,28,,,0.0,,,,,,,,,,,,,
USC00043491,1976,1,29,,,0.0,,,,,,,,,,,,,
USC00043491,1976,1,3,,,0.0,,,,,,,,,,,,,
USC00043491,1976,1,30,,,0.0,,,,,,,,,,,,,
USC00043491,1976,1,31,,,0.0,,,,,,,,,,,,,
USC00043491,1976,1,4,,,0.0,,,,,,,,,,,,,
USC00043491,1976,1,5,,,38.0,,,,,,,,,,,,,
USC00043491,1976,1,6,,,5.0,,,,,,,,,,,,,
USC00043491,1976,1,7,,,0.0,,,,,,,,,,,,,
USC00043491,1976,1,8,,,0.0,,,,,,,,,,,,,
USC00043491,1976,1,9,,,229.0,,,,,,,,,,,,,
USC00043491,1976,2,1,,,0.0,0.0,0.0,,,,,,,,,,,
USC00043491,1976,2,10,,,0.0,0.0,0.0,,,,,,,,,,,
USC00043491,1976,2,11,,,0.0,0.0,0.0,,,,,,,,,,,
USC00043491,1976,2,12,,,0.0,0.0,0.0,,,,,,,,,,,
USC00043491,1976,2,13,,,23.0,0.0,0.0,,,,,,,,,,,
USC00043491,1976,2,14,,,312.0,0.0,0.0,,,,,,,,,,,
USC00043491,1976,2,15,,,147.0,0.0,0.0,,,,,,,,,,,
USC00043491,1976,2,16,,,145.0,0.0,0.0,,,,,,,,,,,
USC00043491,1976,2,17,,,23.0,0.0,0.0,,,,,,,,,,,
USC00043491,1976,2,18,,,13.0,0.0,0.0,,,,,,,,,,,
USC00043491,1976,2,19,,,264.0,0.0,0.0,,,,,,,,,,,
USC00043491,1976,2,2,,,0.0,0.0,0.0,,,,,,,,,,,
USC00043491,1976,2,20,,,3.0,0.0,0.0,,,,,,,,,,,
USC00043491,1976,2,21,,,0.0,0.0,0.0,,,,,,,,,,,
USC00043491,1976,2,22,,,0.0,0.0,0.0,,,,,,,,,,,
USC00043491,1976,2,23,,,0.0,0.0,0.0,,,,,,,,,,,
USC00043491,1976,2,24,,,0.0,0.0,0.0,,,,,,,,,,,
USC00043491,1976,2,25,,,8.0,0.0,0.0,,,,,,,,,,,
USC00043491,1976,2,26,,,0.0,0.0,0.0,,,,,,,,,,,
USC00043491,1976,2,27,,,5.0,0.0,0.0,,,,,,,,,,,
USC00043491,1976,2,28,,,28.0,0.0,0.0,,,,,,,,,,,
USC00043491,1976,2,29,,,340.0,0.0,0.0,,,,,,,,,,,
USC00043491,1976,2,3,,,0.0,0.0,0.0,,,,,,,,,,,
USC00043491,1976,2,30,,,-9999.0,-9999.0,-9999.0,,,,,,,,,,,
USC00043491,1976,2,31,,,-9999.0,-9999.0,-9999.0,,,,,,,,,,,
USC00043491,1976,2,4,,,173.0,0.0,0.0,,,,,,,,,,,
USC00043491,1976,2,5,,,8.0,0.0,0.0,,,,,,,,,,,
USC00043491,1976,2,6,,,0.0,0.0,0.0,,,,,,,,,,,
USC00043491,1976,2,7,,,0.0,0.0,0.0,,,,,,,,,,,
USC00043491,1976,2,8,,,0.0,0.0,0.0,,,,,,,,,,,
USC00043491,1976,2,9,,,0.0,0.0,0.0,,,,,,,,,,,
USC00043491,1976,3,1,,,61.0,0.0,0.0,,,,,,,,,,,
USC00043491,1976,3,10,,,0.0,0.0,0.0,,,,,,,,,,,
USC00043491,1976,3,11,,,0.0,0.0,0.0,,,,,,,,,,,
USC00043491,1976,3,12,,,0.0,0.0,0.0,,,,,,,,,,,
USC00043491,1976,3,13,,,0.0,0.0,0.0,,,,,,,,,,,
USC00043491,1976,3,14,,,0.0,0.0,0.0,,,,,,,,,,,
USC00043491,1976,3,15,,,0.0,0.0,0.0,,,,,,,,,,,
USC00043491,1976,3,16,,,0.0,0.0,0.0,,,,,,,,,,,
USC00043491,1976,3,17,,,0.0,0.0,0.0,,,,,,,,,,,
USC00043491,1976,3,18,,,203.0,0.0,0.0,,,,,,,,,,,
USC00043491,1976,3,19,,,3.0,0.0,0.0,,,,,,,,,,,
USC00043491,1976,3,2,,,64.0,0.0,0.0,,,,,,,,,,,
USC00043491,1976,3,20,,,0.0,0.0,0.0,,,,,,,,,,,
USC00043491,1976,3,21,,,0.0,0.0,0.0,,,,,,,,,,,
USC00043491,1976,3,22,,,0.0,0.0,0.0,,,,,,,,,,,
USC00043491,1976,3,23,,,0.0,0.0,0.0,,,,,,,,,,,
USC00043491,1976,3,24,,,20.0,0.0,0.0,,,,,,,,,,,
USC00043491,1976,3,25,,,30.0,0.0,0.0,,,,,,,,,,,
USC00043491,1976,3,26,,,0.0,0.0,0.0,,,,,,,,,,,
USC00043491,1976,3,27,,,0.0,0.0,0.0,,,,,,,,,,,
USC00043491,1976,3,28,,,0.0,0.0,0.0,,,,,,,,,,,
USC00043491,1976,3,29,,,0.0,0.0,0.0,,,,,,,,,,,
USC00043491,1976,3,3,,,58.0,0.0,0.0,,,,,,,,,,,
USC00043491,1976,3,30,,,0.0,0.0,0.0,,,,,,,,,,,
USC00043491,1976,3,31,,,13.0,0.0,0.0,,,,,,,,,,,
USC00043491,1976,3,4,,,0.0,0.0,0.0,,,,,,,,,,,
USC00043491,1976,3,5,,,0.0,0.0,0.0,,,,,,,,,,,
USC00043491,1976,3,6,,,0.0,0.0,0.0,,,,,,,,,,,
USC00043491,1976,3,7,,,0.0,0.0,0.0,,,,,,,,,,,
USC00043491,1976,3,8,,,0.0,0.0,0.0,,,,,,,,,,,
USC00043491,1976,3,9,,,0.0,0.0,0.0,,,,,,,,,,,
USC00043491,1976,4,1,,,3.0,0.0,0.0,,,,,,,,,,,
USC00043491,1976,4,10,,,18.0,0.0,0.0,,,,,,,,,,,
USC00043491,1976,4,11,,,76.0,0.0,0.0,,,,,,,,,,,
USC00043491,1976,4,12,,,112.0,0.0,0.0,,,,,,,,,,,
USC00043491,1976,4,13,,,48.0,0.0,0.0,,,,,,,,,,,
USC00043491,1976,4,14,,,8.0,0.0,0.0,,,,,,,,,,,
USC00043491,1976,4,15,,,36.0,0.0,0.0,,,,,,,,,,,
USC00043491,1976,4,16,,,0.0,0.0,0.0,,,,,,,,,,,
USC00043491,1976,4,17,,,0.0,0.0,0.0,,,,,,,,,,,
USC00043491,1976,4,18,,,53.0,0.0,0.0,,,,,,,,,,,
USC00043491,1976,4,19,,,0.0,0.0,0.0,,,,,,,,,,,
USC00043491,1976,4,2,,,0.0,0.0,0.0,,,,,,,,,,,
USC00043491,1976,4,20,,,0.0,0.0,0.0,,,,,,,,,,,
USC00043491,1976,4,21,,,0.0,0.0,0.0,,,,,,,,,,,
USC00043491,1976,4,22,,,0.0,0.0,0.0,,,,,,,,,,,
USC00043491,1976,4,23,,,0.0,0.0,0.0,,,,,,,,,,,
USC00043491,1976,4,24,,,0.0,0.0,0.0,,,,,,,,,,,
USC00043491,1976,4,25,,,0.0,0.0,0.0,,,,,,,,,,,
USC00043491,1976,4,26,,,0.0,0.0,0.0,,,,,,,,,,,
USC00043491,1976,4,27,,,0.0,0.0,0.0,,,,,,,,,,,
USC00043491,1976,4,28,,,0.0,0.0,0.0,,,,,,,,,,,
USC00043491,1976,4,29,,,0.0,0.0,0.0,,,,,,,,,,,
USC00043491,1976,4,3,,,0.0,0.0,0.0,,,,,,,,,,,
USC00043491,1976,4,30,,,0.0,0.0,0.0,,,,,,,,,,,
USC00043491,1976,4,31,,,-9999.0,-9999.0,-9999.0,,,,,,,,,,,
USC00043491,1976,4,4,,,0.0,0.0,0.0,,,,,,,,,,,
USC00043491,1976,4,5,,,0.0,0.0,0.0,,,,,,,,,,,
USC00043491,1976,4,6,,,20.0,0.0,0.0,,,,,,,,,,,
USC00043491,1976,4,7,,,20.0,0.0,0.0,,,,,,,,,,,
USC00043491,1976,4,8,,,315.0,0.0,0.0,,,,,,,,,,,
USC00043491,1976,4,9,,,3.0,0.0,0.0,,,,,,,,,,,
USC00043491,1976,5,1,,,0.0,0.0,0.0,,,,,,,,,,,
USC00043491,1976,5,10,,,0.0,0.0,0.0,,,,,,,,,,,
USC00043491,1976,5,11,,,0.0,0.0,0.0,,,,,,,,,,,
USC00043491,1976,5,12,,,0.0,0.0,0.0,,,,,,,,,,,
USC00043491,1976,5,13,,,0.0,0.0,0.0,,,,,,,,,,,
USC00043491,1976,5,14,,,0.0,0.0,0.0,,,,,,,,,,,
USC00043491,1976,5,15,,,0.0,0.0,0.0,,,,,,,,,,,
USC00043491,1976,5,16,,,0.0,0.0,0.0,,,,,,,,,,,
USC00043491,1976,5,17,,,0.0,0.0,0.0,,,,,,,,,,,
USC00043491,1976,5,18,,,0.0,0.0,0.0,,,,,,,,,,,
USC00043491,1976,5,19,,,0.0,0.0,0.0,,,,,,,,,,,
USC00043491,1976,5,2,,,0.0,0.0,0.0,,,,,,,,,,,
USC00043491,1976,5,20,,,0.0,0.0,0.0,,,,,,,,,,,
USC00043491,1976,5,21,,,0.0,0.0,0.0,,,,,,,,,,,
USC00043491,1976,5,22,,,0.0,0.0,0.0,,,,,,,,,,,
USC00043491,1976,5,23,,,0.0,0.0,0.0,,,,,,,,,,,
USC00043491,1976,5,24,,,0.0,0.0,0.0,,,,,,,,,,,
USC00043491,1976,5,25,,,0.0,0.0,0.0,,,,,,,,,,,
USC00043491,1976,5,26,,,0.0,0.0,0.0,,,,,,,,,,,
USC00043491,1976,5,27,,,0.0,0.0,0.0,,,,,,,,,,,
USC00043491,1976,5,28,,,0.0,0.0,0.0,,,,,,,,,,,
USC00043491,1976,5,29,,,0.0,0.0,0.0,,,,,,,,,,,
USC00043491,1976,5,3,,,0.0,0.0,0.0,,,,,,,,,,,
USC00043491,1976,5,30,,,0.0,0.0,0.0,,,,,,,,,,,
USC00043491,1976,5,31,,,0.0,0.0,0.0,,,,,,,,,,,
USC00043491,1976,5,4,,,0.0,0.0,0.0,,,,,,,,,,,
USC00043491,1976,5,5,,,0.0,0.0,0.0,,,,,,,,,,,
USC00043491,1976,5,6,,,0.0,0.0,0.0,,,,,,,,,,,
USC00043491,1976,5,7,,,0.0,0.0,0.0,,,,,,,,,,,
USC00043491,1976,5,8,,,0.0,0.0,0.0,,,,,,,,,,,
USC00043491,1976,5,9,,,0.0,0.0,0.0,,,,,,,,,,,
USC00043491,1976,6,1,,,0.0,0.0,0.0,,,,,,,,,,,
USC00043491,1976,6,10,,,10.0,0.0,0.0,,,,,,,,,,,
USC00043491,1976,6,11,,,0.0,0.0,0.0,,,,,,,,,,,
USC00043491,1976,6,12,,,0.0,0.0,0.0,,,,,,,,,,,
USC00043491,1976,6,13,,,0.0,0.0,0.0,,,,,,,,,,,
USC00043491,1976,6,14,,,0.0,0.0,0.0,,,,,,,,,,,
USC00043491,1976,6,15,,,0.0,0.0,0.0,,,,,,,,,,,
USC00043491,1976,6,16,,,0.0,0.0,0.0,,,,,,,,,,,
USC00043491,1976,6,17,,,0.0,0.0,0.0,,,,,,,,,,,
USC00043491,1976,6,18,,,0.0,0.0,0.0,,,,,,,,,,,
USC00043491,1976,6,19,,,0.0,0.0,0.0,,,,,,,,,,,
USC00043491,1976,6,2,,,0.0,0.0,0.0,,,,,,,,,,,
USC00043491,1976,6,20,,,0.0,0.0,0.0,,,,,,,,,,,
USC00043491,1976,6,21,,,0.0,0.0,0.0,,,,,,,,,,,
USC00043491,1976,6,22,,,0.0,0.0,0.0,,,,,,,,,,,
USC00043491,1976,6,23,,,0.0,0.0,0.0,,,,,,,,,,,
USC00043491,1976,6,24,,,0.0,0.0,0.0,,,,,,,,,,,
USC00043491,1976,6,25,,,0.0,0.0,0.0,,,,,,,,,,,
USC00043491,1976,6,26,,,0.0,0.0,0.0,,,,,,,,,,,
USC00043491,1976,6,27,,,0.0,0.0,0.0,,,,,,,,,,,
USC00043491,1976,6,28,,,0.0,0.0,0.0,,,,,,,,,,,
USC00043491,1976,6,29,,,0.0,0.0,0.0,,,,,,,,,,,
USC00043491,1976,6,3,,,0.0,0.0,0.0,,,,,,,,,,,
USC00043491,1976,6,30,,,0.0,0.0,0.0,,,,,,,,,,,
USC00043491,1976,6,31,,,-9999.0,-9999.0,-9999.0,,,,,,,,,,,
USC00043491,1976,6,4,,,0.0,0.0,0.0,,,,,,,,,,,
USC00043491,1976,6,5,,,0.0,0.0,0.0,,,,,,,,,,,
USC00043491,1976,6,6,,,0.0,0.0,0.0,,,,,,,,,,,
USC00043491,1976,6,7,,,0.0,0.0,0.0,,,,,,,,,,,
USC00043491,1976,6,8,,,0.0,0.0,0.0,,,,,,,,,,,
USC00043491,1976,6,9,,,15.0,0.0,0.0,,,,,,,,,,,
USC00043491,1976,7,1,,,0.0,0.0,0.0,,,,,,,,,,,
USC00043491,1976,7,10,,,0.0,0.0,0.0,,,,,,,,,,,
USC00043491,1976,7,11,,,0.0,0.0,0.0,,,,,,,,,,,
USC00043491,1976,7,12,,,0.0,0.0,0.0,,,,,,,,,,,
USC00043491,1976,7,13,,,0.0,0.0,0.0,,,,,,,,,,,
USC00043491,1976,7,14,,,0.0,0.0,0.0,,,,,,,,,,,
USC00043491,1976,7,15,,,0.0,0.0,0.0,,,,,,,,,,,
USC00043491,1976,7,16,,,0.0,0.0,0.0,,,,,,,,,,,
USC00043491,1976,7,17,,,0.0,0.0,0.0,,,,,,,,,,,
USC00043491,1976,7,18,,,0.0,0.0,0.0,,,,,,,,,,,
USC00043491,1976,7,19,,,0.0,0.0,0.0,,,,,,,,,,,
USC00043491,1976,7,2,,,0.0,0.0,0.0,,,,,,,,,,,
USC00043491,1976,7,20,,,0.0,0.0,0.0,,,,,,,,,,,
USC00043491,1976,7,21,,,0.0,0.0,0.0,,,,,,,,,,,
USC00043491,1976,7,22,,,0.0,0.0,0.0,,,,,,,,,,,
USC00043491,1976,7,23,,,3.0,0.0,0.0,,,,,,,,,,,
USC00043491,1976,7,24,,,0.0,0.0,0.0,,,,,,,,,,,
USC00043491,1976,7,25,,,0.0,0.0,0.0,,,,,,,,,,,
USC00043491,1976,7,26,,,0.0,0.0,0.0,,,,,,,,,,,
USC00043491,1976,7,27,,,0.0,0.0,0.0,,,,,,,,,,,
USC00043491,1976,7,28,,,5.0,0.0,0.0,,,,,,,,,,,
USC00043491,1976,7,29,,,0.0,0.0,0.0,,,,,,,,,,,
USC00043491,1976,7,3,,,0.0,0.0,0.0,,,,,,,,,,,
USC00043491,1976,7,30,,,0.0,0.0,0.0,,,,,,,,,,,
USC00043491,1976,7,31,,,0.0,0.0,0.0,,,,,,,,,,,
USC00043491,1976,7,4,,,0.0,0.0,0.0,,,,,,,,,,,
USC00043491,1976,7,5,,,0.0,0.0,0.0,,,,,,,,,,,
USC00043491,1976,7,6,,,0.0,0.0,0.0,,,,,,,,,,,
USC00043491,1976,7,7,,,0.0,0.0,0.0,,,,,,,,,,,
USC00043491,1976,7,8,,,0.0,0.0,0.0,,,,,,,,,,,
USC00043491,1976,7,9,,,0.0,0.0,0.0,,,,,,,,,,,
USC00043491,1976,8,1,,,0.0,0.0,0.0,,,,,,,,,,,
USC00043491,1976,8,10,,,0.0,0.0,0.0,,,,,,,,,,,
USC00043491,1976,8,11,,,0.0,0.0,0.0,,,,,,,,,,,
USC00043491,1976,8,12,,,0.0,0.0,0.0,,,,,,,,,,,
USC00043491,1976,8,13,,,0.0,0.0,0.0,,,,,,,,,,,
USC00043491,1976,8,14,,,193.0,0.0,0.0,,,,,,,,,,,
USC00043491,1976,8,15,,,460.0,0.0,0.0,,,,,,,,,,,
USC00043491,1976,8,16,,,0.0,0.0,0.0,,,,,,,,,,,
USC00043491,1976,8,17,,,0.0,0.0,0.0,,,,,,,,,,,
USC00043491,1976,8,18,,,38.0,0.0,0.0,,,,,,,,,,,
USC00043491,1976,8,19,,,8.0,0.0,0.0,,,,,,,,,,,
USC00043491,1976,8,2,,,0.0,0.0,0.0,,,,,,,,,,,
USC00043491,1976,8,20,,,0.0,0.0,0.0,,,,,,,,,,,
USC00043491,1976,8,21,,,0.0,0.0,0.0,,,,,,,,,,,
USC00043491,1976,8,22,,,56.0,0.0,0.0,,,,,,,,,,,
USC00043491,1976,8,23,,,0.0,0.0,0.0,,,,,,,,,,,
USC00043491,1976,8,24,,,0.0,0.0,0.0,,,,,,,,,,,
USC00043491,1976,8,25,,,0.0,0.0,0.0,,,,,,,,,,,
USC00043491,1976,8,26,,,0.0,0.0,0.0,,,,,,,,,,,
USC00043491,1976,8,27,,,0.0,0.0,0.0,,,,,,,,,,,
USC00043491,1976,8,28,,,0.0,0.0,0.0,,,,,,,,,,,
USC00043491,1976,8,29,,,0.0,0.0,0.0,,,,,,,,,,,
USC00043491,1976,8,3,,,0.0,0.0,0.0,,,,,,,,,,,
USC00043491,1976,8,30,,,0.0,0.0,0.0,,,,,,,,,,,
USC00043491,1976,8,31,,,0.0,0.0,0.0,,,,,,,,,,,
USC00043491,1976,8,4,,,0.0,0.0,0.0,,,,,,,,,,,
USC00043491,1976,8,5,,,0.0,0.0,0.0,,,,,,,,,,,
USC00043491,1976,8,6,,,0.0,0.0,0.0,,,,,,,,,,,
USC00043491,1976,8,7,,,0.0,0.0,0.0,,,,,,,,,,,
USC00043491,1976,8,8,,,0.0,0.0,0.0,,,,,,,,,,,
USC00043491,1976,8,9,,,0.0,0.0,0.0,,,,,,,,,,,
USC00043491,1976,9,1,,,0.0,0.0,0.0,,,,,,,,,,,
USC00043491,1976,9,10,,,0.0,0.0,0.0,,,,,,,,,,,
USC00043491,1976,9,11,,,333.0,0.0,0.0,,,,,,,,,,,
USC00043491,1976,9,12,,,3.0,0.0,0.0,,,,,,,,,,,
USC00043491,1976,9,13,,,0.0,0.0,0.0,,,,,,,,,,,
USC00043491,1976,9,14,,,0.0,0.0,0.0,,,,,,,,,,,
USC00043491,1976,9,15,,,0.0,0.0,0.0,,,,,,,,,,,
USC00043491,1976,9,16,,,0.0,0.0,0.0,,,,,,,,,,,
USC00043491,1976,9,17,,,0.0,0.0,0.0,,,,,,,,,,,
USC00043491,1976,9,18,,,0.0,0.0,0.0,,,,,,,,,,,
USC00043491,1976,9,19,,,0.0,0.0,0.0,,,,,,,,,,,
USC00043491,1976,9,2,,,0.0,0.0,0.0,,,,,,,,,,,
USC00043491,1976,9,20,,,0.0,0.0,0.0,,,,,,,,,,,
USC00043491,1976,9,21,,,0.0,0.0,0.0,,,,,,,,,,,
USC00043491,1976,9,22,,,0.0,0.0,0.0,,,,,,,,,,,
USC00043491,1976,9,23,,,0.0,0.0,0.0,,,,,,,,,,,
USC00043491,1976,9,24,,,0.0,0.0,0.0,,,,,,,,,,,
USC00043491,1976,9,25,,,0.0,0.0,0.0,,,,,,,,,,,
USC00043491,1976,9,26,,,0.0,0.0,0.0,,,,,,,,,,,
USC00043491,1976,9,27,,,0.0,0.0,0.0,,,,,,,,,,,
USC00043491,1976,9,28,,,0.0,0.0,0.0,,,,,,,,,,,
USC00043491,1976,9,29,,,8.0,0.0,0.0,,,,,,,,,,,
USC00043491,1976,9,3,,,0.0,0.0,0.0,,,,,,,,,,,
USC00043491,1976,9,30,,,3.0,0.0,0.0,,,,,,,,,,,
USC00043491,1976,9,31,,,-9999.0,-9999.0,-9999.0,,,,,,,,,,,
USC00043491,1976,9,4,,,0.0,0.0,0.0,,,,,,,,,,,
USC00043491,1976,9,5,,,0.0,0.0,0.0,,,,,,,,,,,
USC00043491,1976,9,6,,,0.0,0.0,0.0,,,,,,,,,,,
USC00043491,1976,9,7,,,0.0,0.0,0.0,,,,,,,,,,,
USC00043491,1976,9,8,,,0.0,0.0,0.0,,,,,,,,,,,
USC00043491,1976,9,9,,,0.0,0.0,0.0,,,,,,,,,,,
USC00043491,1976,10,1,,,0.0,0.0,0.0,,,,,,,,,,,
USC00043491,1976,10,10,,,0.0,0.0,0.0,,,,,,,,,,,
USC00043491,1976,10,11,,,0.0,0.0,0.0,,,,,,,,,,,
USC00043491,1976,10,12,,,0.0,0.0,0.0,,,,,,,,,,,
USC00043491,1976,10,13,,,0.0,0.0,0.0,,,,,,,,,,,
USC00043491,1976,10,14,,,0.0,0.0,0.0,,,,,,,,,,,
USC00043491,1976,10,15,,,0.0,0.0,0.0,,,,,,,,,,,
USC00043491,1976,10,16,,,0.0,0.0,0.0,,,,,,,,,,,
USC00043491,1976,10,17,,,0.0,0.0,0.0,,,,,,,,,,,
USC00043491,1976,10,18,,,0.0,0.0,0.0,,,,,,,,,,,
USC00043491,1976,10,19,,,0.0,0.0,0.0,,,,,,,,,,,
USC00043491,1976,10,2,,,89.0,0.0,0.0,,,,,,,,,,,
USC00043491,1976,10,20,,,0.0,0.0,0.0,,,,,,,,,,,
USC00043491,1976,10,21,,,0.0,0.0,0.0,,,,,,,,,,,
USC00043491,1976,10,22,,,0.0,0.0,0.0,,,,,,,,,,,
USC00043491,1976,10,23,,,0.0,0.0,0.0,,,,,,,,,,,
USC00043491,1976,10,24,,,0.0,0.0,0.0,,,,,,,,,,,
USC00043491,1976,10,25,,,0.0,0.0,0.0,,,,,,,,,,,
USC00043491,1976,10,26,,,0.0,0.0,0.0,,,,,,,,,,,
USC00043491,1976,10,27,,,0.0,0.0,0.0,,,,,,,,,,,
USC00043491,1976,10,28,,,0.0,0.0,0.0,,,,,,,,,,,
USC00043491,1976,10,29,,,0.0,0.0,0.0,,,,,,,,,,,
USC00043491,1976,10,3,,,5.0,0.0,0.0,,,,,,,,,,,
USC00043491,1976,10,30,,,0.0,0.0,0.0,,,,,,,,,,,
USC00043491,1976,10,31,,,0.0,0.0,0.0,,,,,,,,,,,
USC00043491,1976,10,4,,,0.0,0.0,0.0,,,,,,,,,,,
USC00043491,1976,10,5,,,0.0,0.0,0.0,,,,,,,,,,,
USC00043491,1976,10,6,,,0.0,0.0,0.0,,,,,,,,,,,
USC00043491,1976,10,7,,,0.0,0.0,0.0,,,,,,,,,,,
USC00043491,1976,10,8,,,0.0,0.0,0.0,,,,,,,,,,,
USC00043491,1976,10,9,,,0.0,0.0,0.0,,,,,,,,,,,
USC00043491,1976,11,1,,,0.0,0.0,0.0,,,,,,,,,,,
USC00043491,1976,11,10,,,0.0,0.0,0.0,,,,,,,,,,,
USC00043491,1976,11,11,,,0.0,0.0,0.0,,,,,,,,,,,
USC00043491,1976,11,12,,,8.0,0.0,0.0,,,,,,,,,,,
USC00043491,1976,11,13,,,0.0,0.0,0.0,,,,,,,,,,,
USC00043491,1976,11,14,,,544.0,0.0,0.0,,,,,,,,,,,
USC00043491,1976,11,15,,,0.0,0.0,0.0,,,,,,,,,,,
USC00043491,1976,11,16,,,0.0,0.0,0.0,,,,,,,,,,,
USC00043491,1976,11,17,,,0.0,0.0,0.0,,,,,,,,,,,
USC00043491,1976,11,18,,,0.0,0.0,0.0,,,,,,,,,,,
USC00043491,1976,11,19,,,0.0,0.0,0.0,,,,,,,,,,,
USC00043491,1976,11,2,,,0.0,0.0,0.0,,,,,,,,,,,
USC00043491,1976,11,20,,,0.0,0.0,0.0,,,,,,,,,,,
USC00043491,1976,11,21,,,0.0,0.0,0.0,,,,,,,,,,,
USC00043491,1976,11,22,,,0.0,0.0,0.0,,,,,,,,,,,
USC00043491,1976,11,23,,,0.0,0.0,0.0,,,,,,,,,,,
USC00043491,1976,11,24,,,0.0,0.0,0.0,,,,,,,,,,,
USC00043491,1976,11,25,,,0.0,0.0,0.0,,,,,,,,,,,
USC00043491,1976,11,26,,,0.0,0.0,0.0,,,,,,,,,,,
USC00043491,1976,11,27,,,0.0,0.0,0.0,,,,,,,,,,,
USC00043491,1976,11,28,,,0.0,0.0,0.0,,,,,,,,,,,
USC00043491,1976,11,29,,,0.0,0.0,0.0,,,,,,,,,,,
USC00043491,1976,11,3,,,0.0,0.0,0.0,,,,,,,,,,,
USC00043491,1976,11,30,,,0.0,0.0,0.0,,,,,,,,,,,
USC00043491,1976,11,31,,,-9999.0,-9999.0,-9999.0,,,,,,,,,,,
USC00043491,1976,11,4,,,0.0,0.0,0.0,,,,,,,,,,,
USC00043491,1976,11,5,,,0.0,0.0,0.0,,,,,,,,,,,
USC00043491,1976,11,6,,,0.0,0.0,0.0,,,,,,,,,,,
USC00043491,1976,11,7,,,0.0,0.0,0.0,,,,,,,,,,,
USC00043491,1976,11,8,,,0.0,0.0,0.0,,,,,,,,,,,
USC00043491,1976,11,9,,,0.0,0.0,0.0,,,,,,,,,,,
USC00043491,1976,12,1,,,0.0,0.0,0.0,,,,,,,,,,,
USC00043491,1976,12,10,,,0.0,0.0,0.0,,,,,,,,,,,
USC00043491,1976,12,11,,,0.0,0.0,0.0,,,,,,,,,,,
USC00043491,1976,12,12,,,0.0,0.0,0.0,,,,,,,,,,,
USC00043491,1976,12,13,,,0.0,0.0,0.0,,,,,,,,,,,
USC00043491,1976,12,14,,,0.0,0.0,0.0,,,,,,,,,,,
USC00043491,1976,12,15,,,0.0,0.0,0.0,,,,,,,,,,,
USC00043491,1976,12,16,,,0.0,0.0,0.0,,,,,,,,,,,
USC00043491,1976,12,17,,,0.0,0.0,0.0,,,,,,,,,,,
USC00043491,1976,12,18,,,0.0,0.0,0.0,,,,,,,,,,,
USC00043491,1976,12,19,,,0.0,0.0,0.0,,,,,,,,,,,
USC00043491,1976,12,2,,,0.0,0.0,0.0,,,,,,,,,,,
USC00043491,1976,12,20,,,0.0,0.0,0.0,,,,,,,,,,,
USC00043491,1976,12,21,,,0.0,0.0,0.0,,,,,,,,,,,
USC00043491,1976,12,22,,,0.0,0.0,0.0,,,,,,,,,,,
USC00043491,1976,12,23,,,0.0,0.0,0.0,,,,,,,,,,,
USC00043491,1976,12,24,,,0.0,0.0,0.0,,,,,,,,,,,
USC00043491,1976,12,25,,,0.0,0.0,0.0,,,,,,,,,,,
USC00043491,1976,12,26,,,0.0,0.0,0.0,,,,,,,,,,,
USC00043491,1976,12,27,,,0.0,0.0,0.0,,,,,,,,,,,
USC00043491,1976,12,28,,,0.0,0.0,0.0,,,,,,,,,,,
USC00043491,1976,12,29,,,0.0,0.0,0.0,,,,,,,,,,,
USC00043491,1976,12,3,,,0.0,0.0,0.0,,,,,,,,,,,
USC00043491,1976,12,30,,,76.0,0.0,0.0,,,,,,,,,,,
USC00043491,1976,12,31,,,0.0,0.0,0.0,,,,,,,,,,,
USC00043491,1976,12,4,,,0.0,0.0,0.0,,,,,,,,,,,
USC00043491,1976,12,5,,,0.0,0.0,0.0,,,,,,,,,,,
USC00043491,1976,12,6,,,0.0,0.0,0.0,,,,,,,,,,,
USC00043491,1976,12,7,,,0.0,0.0,0.0,,,,,,,,,,,
USC00043491,1976,12,8,,,0.0,0.0,0.0,,,,,,,,,,,
USC00043491,1976,12,9,,,20.0,0.0,0.0,,,,,,,,,,,
USC00043491,1977,1,1,,,3.0,0.0,0.0,,,,,,,,,,,
USC00043491,1977,1,10,,,0.0,0.0,0.0,,,,,,,,,,,
USC00043491,1977,1,11,,,0.0,0.0,0.0,,,,,,,,,,,
USC00043491,1977,1,12,,,61.0,0.0,0.0,,,,,,,,,,,
USC00043491,1977,1,13,,,0.0,0.0,0.0,,,,,,,,,,,
USC00043491,1977,1,14,,,0.0,0.0,0.0,,,,,,,,,,,
USC00043491,1977,1,15,,,0.0,0.0,0.0,,,,,,,,,,,
USC00043491,1977,1,16,,,0.0,0.0,0.0,,,,,,,,,,,
USC00043491,1977,1,17,,,0.0,0.0,0.0,,,,,,,,,,,
USC00043491,1977,1,18,,,0.0,0.0,0.0,,,,,,,,,,,
USC00043491,1977,1,19,,,0.0,0.0,0.0,,,,,,,,,,,
USC00043491,1977,1,2,,,584.0,0.0,0.0,,,,,,,,,,,
USC00043491,1977,1,20,,,0.0,0.0,0.0,,,,,,,,,,,
USC00043491,1977,1,21,,,20.0,0.0,0.0,,,,,,,,,,,
USC00043491,1977,1,22,,,20.0,0.0,0.0,,,,,,,,,,,
USC00043491,1977,1,23,,,0.0,0.0,0.0,,,,,,,,,,,
USC00043491,1977,1,24,,,0.0,0.0,0.0,,,,,,,,,,,
USC00043491,1977,1,25,,,0.0,0.0,0.0,,,,,,,,,,,
USC00043491,1977,1,26,,,0.0,0.0,0.0,,,,,,,,,,,
USC00043491,1977,1,27,,,0.0,0.0,0.0,,,,,,,,,,,
USC00043491,1977,1,28,,,0.0,0.0,0.0,,,,,,,,,,,
USC00043491,1977,1,29,,,0.0,0.0,0.0,,,,,,,,,,,
USC00043491,1977,1,3,,,495.0,0.0,0.0,,,,,,,,,,,
USC00043491,1977,1,30,,,0.0,0.0,0.0,,,,,,,,,,,
USC00043491,1977,1,31,,,0.0,0.0,0.0,,,,,,,,,,,
USC00043491,1977,1,4,,,28.0,0.0,0.0,,,,,,,,,,,
USC00043491,1977,1,5,,,8.0,0.0,0.0,,,,,,,,,,,
USC00043491,1977,1,6,,,0.0,0.0,0.0,,,,,,,,,,,
USC00043491,1977,1,7,,,0.0,0.0,0.0,,,,,,,,,,,
USC00043491,1977,1,8,,,0.0,0.0,0.0,,,,,,,,,,,
USC00043491,1977,1,9,,,0.0,0.0,0.0,,,,,,,,,,,
USC00043491,1977,2,1,,,0.0,0.0,0.0,,,,,,,,,,,
USC00043491,1977,2,10,,,0.0,0.0,0.0,,,,,,,,,,,
USC00043491,1977,2,11,,,0.0,0.0,0.0,,,,,,,,,,,
USC00043491,1977,2,12,,,0.0,0.0,0.0,,,,,,,,,,,
USC00043491,1977,2,13,,,0.0,0.0,0.0,,,,,,,,,,,
USC00043491,1977,2,14,,,0.0,0.0,0.0,,,,,,,,,,,
USC00043491,1977,2,15,,,0.0,0.0,0.0,,,,,,,,,,,
USC00043491,1977,2,16,,,0.0,0.0,0.0,,,,,,,,,,,
USC00043491,1977,2,17,,,0.0,0.0,0.0,,,,,,,,,,,
USC00043491,1977,2,18,,,0.0,0.0,0.0,,,,,,,,,,,
USC00043491,1977,2,19,,,0.0,0.0,0.0,,,,,,,,,,,
USC00043491,1977,2,2,,,0.0,0.0,0.0,,,,,,,,,,,
USC00043491,1977,2,20,,,0.0,0.0,0.0,,,,,,,,,,,
USC00043491,1977,2,21,,,536.0,0.0,0.0,,,,,,,,,,,
USC00043491,1977,2,22,,,25.0,0.0,0.0,,,,,,,,,,,
USC00043491,1977,2,23,,,193.0,0.0,0.0,,,,,,,,,,,
USC00043491,1977,2,24,,,3.0,0.0,0.0,,,,,,,,,,,
USC00043491,1977,2,25,,,0.0,0.0,0.0,,,,,,,,,,,
USC00043491,1977,2,26,,,0.0,0.0,0.0,,,,,,,,,,,
USC00043491,1977,2,27,,,0.0,0.0,0.0,,,,,,,,,,,
USC00043491,1977,2,28,,,58.0,0.0,0.0,,,,,,,,,,,
USC00043491,1977,2,29,,,-9999.0,-9999.0,-9999.0,,,,,,,,,,,
USC00043491,1977,2,3,,,0.0,0.0,0.0,,,,,,,,,,,
USC00043491,1977,2,30,,,-9999.0,-9999.0,-9999.0,,,,,,,,,,,
USC00043491,1977,2,31,,,-9999.0,-9999.0,-9999.0,,,,,,,,,,,
USC00043491,1977,2,4,,,0.0,0.0,0.0,,,,,,,,,,,
USC00043491,1977,2,5,,,0.0,0.0,0.0,,,,,,,,,,,
USC00043491,1977,2,6,,,0.0,0.0,0.0,,,,,,,,,,,
USC00043491,1977,2,7,,,0.0,0.0,0.0,,,,,,,,,,,
USC00043491,1977,2,8,,,119.0,0.0,0.0,,,,,,,,,,,
USC00043491,1977,2,9,,,18.0,0.0,0.0,,,,,,,,,,,
USC00043491,1977,3,1,,,0.0,0.0,0.0,,,,,,,,,,,
USC00043491,1977,3,10,,,0.0,0.0,0.0,,,,,,,,,,,
USC00043491,1977,3,11,,,0.0,0.0,0.0,,,,,,,,,,,
USC00043491,1977,3,12,,,112.0,0.0,0.0,,,,,,,,,,,
USC00043491,1977,3,13,,,41.0,0.0,0.0,,,,,,,,,,,
USC00043491,1977,3,14,,,25.0,0.0,0.0,,,,,,,,,,,
USC00043491,1977,3,15,,,0.0,0.0,0.0,,,,,,,,,,,
USC00043491,1977,3,16,,,48.0,0.0,0.0,,,,,,,,,,,
USC00043491,1977,3,17,,,18.0,0.0,0.0,,,,,,,,,,,
USC00043491,1977,3,18,,,0.0,0.0,0.0,,,,,,,,,,,
USC00043491,1977,3,19,,,0.0,0.0,0.0,,,,,,,,,,,
USC00043491,1977,3,2,,,0.0,0.0,0.0,,,,,,,,,,,
USC00043491,1977,3,20,,,0.0,0.0,0.0,,,,,,,,,,,
USC00043491,1977,3,21,,,0.0,0.0,0.0,,,,,,,,,,,
USC00043491,1977,3,22,,,0.0,0.0,0.0,,,,,,,,,,,
USC00043491,1977,3,23,,,137.0,0.0,0.0,,,,,,,,,,,
USC00043491,1977,3,24,,,53.0,0.0,0.0,,,,,,,,,,,
USC00043491,1977,3,25,,,13.0,0.0,0.0,,,,,,,,,,,
USC00043491,1977,3,26,,,0.0,0.0,0.0,,,,,,,,,,,
USC00043491,1977,3,27,,,0.0,0.0,0.0,,,,,,,,,,,
USC00043491,1977,3,28,,,0.0,0.0,0.0,,,,,,,,,,,
USC00043491,1977,3,29,,,0.0,0.0,0.0,,,,,,,,,,,
USC00043491,1977,3,3,,,3.0,0.0,0.0,,,,,,,,,,,
USC00043491,1977,3,30,,,5.0,0.0,0.0,,,,,,,,,,,
USC00043491,1977,3,31,,,0.0,0.0,0.0,,,,,,,,,,,
USC00043491,1977,3,4,,,0.0,0.0,0.0,,,,,,,,,,,
USC00043491,1977,3,5,,,0.0,0.0,0.0,,,,,,,,,,,
USC00043491,1977,3,6,,,0.0,0.0,0.0,,,,,,,,,,,
USC00043491,1977,3,7,,,0.0,0.0,0.0,,,,,,,,,,,
USC00043491,1977,3,8,,,0.0,0.0,0.0,,,,,,,,,,,
USC00043491,1977,3,9,,,147.0,0.0,0.0,,,,,,,,,,,
USC00043491,1977,4,1,,,0.0,0.0,0.0,,,,,,,,,,,
USC00043491,1977,4,10,,,0.0,0.0,0.0,,,,,,,,,,,
USC00043491,1977,4,11,,,0.0,0.0,0.0,,,,,,,,,,,
USC00043491,1977,4,12,,,0.0,0.0,0.0,,,,,,,,,,,
USC00043491,1977,4,13,,,0.0,0.0,0.0,,,,,,,,,,,
USC00043491,1977,4,14,,,0.0,0.0,0.0,,,,,,,,,,,
USC00043491,1977,4,15,,,0.0,0.0,0.0,,,,,,,,,,,
USC00043491,1977,4,16,,,0.0,0.0,0.0,,,,,,,,,,,
USC00043491,1977,4,17,,,0.0,0.0,0.0,,,,,,,,,,,
USC00043491,1977,4,18,,,0.0,0.0,0.0,,,,,,,,,,,
USC00043491,1977,4,19,,,0.0,0.0,0.0,,,,,,,,,,,
USC00043491,1977,4,2,,,0.0,0.0,0.0,,,,,,,,,,,
USC00043491,1977,4,20,,,0.0,0.0,0.0,,,,,,,,,,,
USC00043491,1977,4,21,,,0.0,0.0,0.0,,,,,,,,,,,
USC00043491,1977,4,22,,,0.0,0.0,0.0,,,,,,,,,,,
USC00043491,1977,4,23,,,0.0,0.0,0.0,,,,,,,,,,,
USC00043491,1977,4,24,,,0.0,0.0,0.0,,,,,,,,,,,
USC00043491,1977,4,25,,,0.0,0.0,0.0,,,,,,,,,,,
USC00043491,1977,4,26,,,0.0,0.0,0.0,,,,,,,,,,,
USC00043491,1977,4,27,,,0.0,0.0,0.0,,,,,,,,,,,
USC00043491,1977,4,28,,,0.0,0.0,0.0,,,,,,,,,,,
USC00043491,1977,4,29,,,0.0,0.0,0.0,,,,,,,,,,,
USC00043491,1977,4,3,,,0.0,0.0,0.0,,,,,,,,,,,
USC00043491,1977,4,30,,,0.0,0.0,0.0,,,,,,,,,,,
USC00043491,1977,4,31,,,-9999.0,-9999.0,-9999.0,,,,,,,,,,,
USC00043491,1977,4,4,,,0.0,0.0,0.0,,,,,,,,,,,
USC00043491,1977,4,5,,,0.0,0.0,0.0,,,,,,,,,,,
USC00043491,1977,4,6,,,0.0,0.0,0.0,,,,,,,,,,,
USC00043491,1977,4,7,,,0.0,0.0,0.0,,,,,,,,,,,
USC00043491,1977,4,8,,,8.0,0.0,0.0,,,,,,,,,,,
USC00043491,1977,4,9,,,71.0,0.0,0.0,,,,,,,,,,,
USC00043491,1977,5,1,,,295.0,0.0,0.0,,,,,,,,,,,
USC00043491,1977,5,10,,,183.0,0.0,0.0,,,,,,,,,,,
USC00043491,1977,5,11,,,30.0,0.0,0.0,,,,,,,,,,,
USC00043491,1977,5,12,,,41.0,0.0,0.0,,,,,,,,,,,
USC00043491,1977,5,13,,,3.0,0.0,0.0,,,,,,,,,,,
USC00043491,1977,5,14,,,0.0,0.0,0.0,,,,,,,,,,,
USC00043491,1977,5,15,,,0.0,0.0,0.0,,,,,,,,,,,
USC00043491,1977,5,16,,,0.0,0.0,0.0,,,,,,,,,,,
USC00043491,1977,5,17,,,10.0,0.0,0.0,,,,,,,,,,,
USC00043491,1977,5,18,,,0.0,0.0,0.0,,,,,,,,,,,
USC00043491,1977,5,19,,,3.0,0.0,0.0,,,,,,,,,,,
USC00043491,1977,5,2,,,117.0,0.0,0.0,,,,,,,,,,,
USC00043491,1977,5,20,,,0.0,0.0,0.0,,,,,,,,,,,
USC00043491,1977,5,21,,,0.0,0.0,0.0,,,,,,,,,,,
USC00043491,1977,5,22,,,0.0,0.0,0.0,,,,,,,,,,,
USC00043491,1977,5,23,,,5.0,0.0,0.0,,,,,,,,,,,
USC00043491,1977,5,24,,,0.0,0.0,0.0,,,,,,,,,,,
USC00043491,1977,5,25,,,0.0,0.0,0.0,,,,,,,,,,,
USC00043491,1977,5,26,,,76.0,0.0,0.0,,,,,,,,,,,
USC00043491,1977,5,27,,,0.0,0.0,0.0,,,,,,,,,,,
USC00043491,1977,5,28,,,0.0,0.0,0.0,,,,,,,,,,,
USC00043491,1977,5,29,,,0.0,0.0,0.0,,,,,,,,,,,
USC00043491,1977,5,3,,,33.0,0.0,0.0,,,,,,,,,,,
USC00043491,1977,5,30,,,0.0,0.0,0.0,,,,,,,,,,,
USC00043491,1977,5,31,,,0.0,0.0,0.0,,,,,,,,,,,
USC00043491,1977,5,4,,,0.0,0.0,0.0,,,,,,,,,,,
USC00043491,1977,5,5,,,8.0,0.0,0.0,,,,,,,,,,,
USC00043491,1977,5,6,,,84.0,0.0,0.0,,,,,,,,,,,
USC00043491,1977,5,7,,,38.0,0.0,0.0,,,,,,,,,,,
USC00043491,1977,5,8,,,0.0,0.0,0.0,,,,,,,,,,,
USC00043491,1977,5,9,,,36.0,0.0,0.0,,,,,,,,,,,
USC00043491,1977,6,1,,,0.0,0.0,0.0,,,,,,,,,,,
USC00043491,1977,6,10,,,0.0,0.0,0.0,,,,,,,,,,,
USC00043491,1977,6,11,,,0.0,0.0,0.0,,,,,,,,,,,
USC00043491,1977,6,12,,,0.0,0.0,0.0,,,,,,,,,,,
USC00043491,1977,6,13,,,0.0,0.0,0.0,,,,,,,,,,,
USC00043491,1977,6,14,,,0.0,0.0,0.0,,,,,,,,,,,
USC00043491,1977,6,15,,,0.0,0.0,0.0,,,,,,,,,,,
USC00043491,1977,6,16,,,0.0,0.0,0.0,,,,,,,,,,,
USC00043491,1977,6,17,,,0.0,0.0,0.0,,,,,,,,,,,
USC00043491,1977,6,18,,,0.0,0.0,0.0,,,,,,,,,,,
USC00043491,1977,6,19,,,0.0,0.0,0.0,,,,,,,,,,,
USC00043491,1977,6,2,,,0.0,0.0,0.0,,,,,,,,,,,
USC00043491,1977,6,20,,,0.0,0.0,0.0,,,,,,,,,,,
USC00043491,1977,6,21,,,0.0,0.0,0.0,,,,,,,,,,,
USC00043491,1977,6,22,,,0.0,0.0,0.0,,,,,,,,,,,
USC00043491,1977,6,23,,,0.0,0.0,0.0,,,,,,,,,,,
USC00043491,1977,6,24,,,0.0,0.0,0.0,,,,,,,,,,,
USC00043491,1977,6,25,,,0.0,0.0,0.0,,,,,,,,,,,
USC00043491,1977,6,26,,,0.0,0.0,0.0,,,,,,,,,,,
USC00043491,1977,6,27,,,0.0,0.0,0.0,,,,,,,,,,,
USC00043491,1977,6,28,,,0.0,0.0,0.0,,,,,,,,,,,
USC00043491,1977,6,29,,,0.0,0.0,0.0,,,,,,,,,,,
USC00043491,1977,6,3,,,0.0,0.0,0.0,,,,,,,,,,,
USC00043491,1977,6,30,,,0.0,0.0,0.0,,,,,,,,,,,
USC00043491,1977,6,31,,,-9999.0,-9999.0,-9999.0,,,,,,,,,,,
USC00043491,1977,6,4,,,0.0,0.0,0.0,,,,,,,,,,,
USC00043491,1977,6,5,,,0.0,0.0,0.0,,,,,,,,,,,
USC00043491,1977,6,6,,,0.0,0.0,0.0,,,,,,,,,,,
USC00043491,1977,6,7,,,0.0,0.0,0.0,,,,,,,,,,,
USC00043491,1977,6,8,,,0.0,0.0,0.0,,,,,,,,,,,
USC00043491,1977,6,9,,,0.0,0.0,0.0,,,,,,,,,,,
USC00043491,1977,7,1,,,3.0,0.0,0.0,,,,,,,,,,,
USC00043491,1977,7,10,,,0.0,0.0,0.0,,,,,,,,,,,
USC00043491,1977,7,11,,,0.0,0.0,0.0,,,,,,,,,,,
USC00043491,1977,7,12,,,0.0,0.0,0.0,,,,,,,,,,,
USC00043491,1977,7,13,,,0.0,0.0,0.0,,,,,,,,,,,
USC00043491,1977,7,14,,,0.0,0.0,0.0,,,,,,,,,,,
USC00043491,1977,7,15,,,0.0,0.0,0.0,,,,,,,,,,,
USC00043491,1977,7,16,,,0.0,0.0,0.0,,,,,,,,,,,
USC00043491,1977,7,17,,,0.0,0.0,0.0,,,,,,,,,,,
USC00043491,1977,7,18,,,0.0,0.0,0.0,,,,,,,,,,,
USC00043491,1977,7,19,,,0.0,0.0,0.0,,,,,,,,,,,
USC00043491,1977,7,2,,,0.0,0.0,0.0,,,,,,,,,,,
USC00043491,1977,7,20,,,0.0,0.0,0.0,,,,,,,,,,,
USC00043491,1977,7,21,,,0.0,0.0,0.0,,,,,,,,,,,
USC00043491,1977,7,22,,,0.0,0.0,0.0,,,,,,,,,,,
USC00043491,1977,7,23,,,0.0,0.0,0.0,,,,,,,,,,,
USC00043491,1977,7,24,,,0.0,0.0,0.0,,,,,,,,,,,
USC00043491,1977,7,25,,,0.0,0.0,0.0,,,,,,,,,,,
USC00043491,1977,7,26,,,0.0,0.0,0.0,,,,,,,,,,,
USC00043491,1977,7,27,,,0.0,0.0,0.0,,,,,,,,,,,
USC00043491,1977,7,28,,,0.0,0.0,0.0,,,,,,,,,,,
USC00043491,1977,7,29,,,0.0,0.0,0.0,,,,,,,,,,,
USC00043491,1977,7,3,,,0.0,0.0,0.0,,,,,,,,,,,
USC00043491,1977,7,30,,,0.0,0.0,0.0,,,,,,,,,,,
USC00043491,1977,7,31,,,0.0,0.0,0.0,,,,,,,,,,,
USC00043491,1977,7,4,,,0.0,0.0,0.0,,,,,,,,,,,
USC00043491,1977,7,5,,,0.0,0.0,0.0,,,,,,,,,,,
USC00043491,1977,7,6,,,0.0,0.0,0.0,,,,,,,,,,,
USC00043491,1977,7,7,,,0.0,0.0,0.0,,,,,,,,,,,
USC00043491,1977,7,8,,,0.0,0.0,0.0,,,,,,,,,,,
USC00043491,1977,7,9,,,0.0,0.0,0.0,,,,,,,,,,,
USC00043491,1977,8,1,,,0.0,0.0,0.0,,,,,,,,,,,
USC00043491,1977,8,10,,,0.0,0.0,0.0,,,,,,,,,,,
USC00043491,1977,8,11,,,0.0,0.0,0.0,,,,,,,,,,,
USC00043491,1977,8,12,,,0.0,0.0,0.0,,,,,,,,,,,
USC00043491,1977,8,13,,,0.0,0.0,0.0,,,,,,,,,,,
USC00043491,1977,8,14,,,0.0,0.0,0.0,,,,,,,,,,,
USC00043491,1977,8,15,,,0.0,0.0,0.0,,,,,,,,,,,
USC00043491,1977,8,16,,,0.0,0.0,0.0,,,,,,,,,,,
USC00043491,1977,8,17,,,0.0,0.0,0.0,,,,,,,,,,,
USC00043491,1977,8,18,,,0.0,0.0,0.0,,,,,,,,,,,
USC00043491,1977,8,19,,,0.0,0.0,0.0,,,,,,,,,,,
USC00043491,1977,8,2,,,0.0,0.0,0.0,,,,,,,,,,,
USC00043491,1977,8,20,,,0.0,0.0,0.0,,,,,,,,,,,
USC00043491,1977,8,21,,,0.0,0.0,0.0,,,,,,,,,,,
USC00043491,1977,8,22,,,0.0,0.0,0.0,,,,,,,,,,,
USC00043491,1977,8,23,,,0.0,0.0,0.0,,,,,,,,,,,
USC00043491,1977,8,24,,,0.0,0.0,0.0,,,,,,,,,,,
USC00043491,1977,8,25,,,0.0,0.0,0.0,,,,,,,,,,,
USC00043491,1977,8,26,,,119.0,0.0,0.0,,,,,,,,,,,
USC00043491,1977,8,27,,,0.0,0.0,0.0,,,,,,,,,,,
USC00043491,1977,8,28,,,0.0,0.0,0.0,,,,,,,,,,,
USC00043491,1977,8,29,,,0.0,0.0,0.0,,,,,,,,,,,
USC00043491,1977,8,3,,,0.0,0.0,0.0,,,,,,,,,,,
USC00043491,1977,8,30,,,0.0,0.0,0.0,,,,,,,,,,,
USC00043491,1977,8,31,,,0.0,0.0,0.0,,,,,,,,,,,
USC00043491,1977,8,4,,,0.0,0.0,0.0,,,,,,,,,,,
USC00043491,1977,8,5,,,0.0,0.0,0.0,,,,,,,,,,,
USC00043491,1977,8,6,,,0.0,0.0,0.0,,,,,,,,,,,
USC00043491,1977,8,7,,,0.0,0.0,0.0,,,,,,,,,,,
USC00043491,1977,8,8,,,0.0,0.0,0.0,,,,,,,,,,,
USC00043491,1977,8,9,,,0.0,0.0,0.0,,,,,,,,,,,
USC00043491,1977,9,1,,,0.0,0.0,0.0,,,,,,,,,,,
USC00043491,1977,9,10,,,0.0,0.0,0.0,,,,,,,,,,,
USC00043491,1977,9,11,,,0.0,0.0,0.0,,,,,,,,,,,
USC00043491,1977,9,12,,,0.0,0.0,0.0,,,,,,,,,,,
USC00043491,1977,9,13,,,0.0,0.0,0.0,,,,,,,,,,,
USC00043491,1977,9,14,,,0.0,0.0,0.0,,,,,,,,,,,
USC00043491,1977,9,15,,,0.0,0.0,0.0,,,,,,,,,,,
USC00043491,1977,9,16,,,13.0,0.0,0.0,,,,,,,,,,,
USC00043491,1977,9,17,,,46.0,0.0,0.0,,,,,,,,,,,
USC00043491,1977,9,18,,,0.0,0.0,0.0,,,,,,,,,,,
USC00043491,1977,9,19,,,48.0,0.0,0.0,,,,,,,,,,,
USC00043491,1977,9,2,,,0.0,0.0,0.0,,,,,,,,,,,
USC00043491,1977,9,20,,,5.0,0.0,0.0,,,,,,,,,,,
USC00043491,1977,9,21,,,0.0,0.0,0.0,,,,,,,,,,,
USC00043491,1977,9,22,,,0.0,0.0,0.0,,,,,,,,,,,
USC00043491,1977,9,23,,,0.0,0.0,0.0,,,,,,,,,,,
USC00043491,1977,9,24,,,0.0,0.0,0.0,,,,,,,,,,,
USC00043491,1977,9,25,,,0.0,0.0,0.0,,,,,,,,,,,
USC00043491,1977,9,26,,,0.0,0.0,0.0,,,,,,,,,,,
USC00043491,1977,9,27,,,0.0,0.0,0.0,,,,,,,,,,,
USC00043491,1977,9,28,,,0.0,0.0,0.0,,,,,,,,,,,
USC00043491,1977,9,29,,,91.0,0.0,0.0,,,,,,,,,,,
USC00043491,1977,9,3,,,0.0,0.0,0.0,,,,,,,,,,,
USC00043491,1977,9,30,,,0.0,0.0,0.0,,,,,,,,,,,
USC00043491,1977,9,31,,,-9999.0,-9999.0,-9999.0,,,,,,,,,,,
USC00043491,1977,9,4,,,0.0,0.0,0.0,,,,,,,,,,,
USC00043491,1977,9,5,,,0.0,0.0,0.0,,,,,,,,,,,
USC00043491,1977,9,6,,,0.0,0.0,0.0,,,,,,,,,,,
USC00043491,1977,9,7,,,0.0,0.0,0.0,,,,,,,,,,,
USC00043491,1977,9,8,,,0.0,0.0,0.0,,,,,,,,,,,
USC00043491,1977,9,9,,,0.0,0.0,0.0,,,,,,,,,,,
USC00043491,1977,10,1,,,0.0,0.0,0.0,,,,,,,,,,,
USC00043491,1977,10,10,,,0.0,0.0,0.0,,,,,,,,,,,
USC00043491,1977,10,11,,,0.0,0.0,0.0,,,,,,,,,,,
USC00043491,1977,10,12,,,0.0,0.0,0.0,,,,,,,,,,,
USC00043491,1977,10,13,,,0.0,0.0,0.0,,,,,,,,,,,
USC00043491,1977,10,14,,,0.0,0.0,0.0,,,,,,,,,,,
USC00043491,1977,10,15,,,0.0,0.0,0.0,,,,,,,,,,,
USC00043491,1977,10,16,,,0.0,0.0,0.0,,,,,,,,,,,
USC00043491,1977,10,17,,,0.0,0.0,0.0,,,,,,,,,,,
USC00043491,1977,10,18,,,0.0,0.0,0.0,,,,,,,,,,,
USC00043491,1977,10,19,,,0.0,0.0,0.0,,,,,,,,,,,
USC00043491,1977,10,2,,,0.0,0.0,0.0,,,,,,,,,,,
USC00043491,1977,10,20,,,0.0,0.0,0.0,,,,,,,,,,,
USC00043491,1977,10,21,,,0.0,0.0,0.0,,,,,,,,,,,
USC00043491,1977,10,22,,,0.0,0.0,0.0,,,,,,,,,,,
USC00043491,1977,10,23,,,0.0,0.0,0.0,,,,,,,,,,,
USC00043491,1977,10,24,,,0.0,0.0,0.0,,,,,,,,,,,
USC00043491,1977,10,25,,,0.0,0.0,0.0,,,,,,,,,,,
USC00043491,1977,10,26,,,0.0,0.0,0.0,,,,,,,,,,,
USC00043491,1977,10,27,,,18.0,0.0,0.0,,,,,,,,,,,
USC00043491,1977,10,28,,,0.0,0.0,0.0,,,,,,,,,,,
USC00043491,1977,10,29,,,28.0,0.0,0.0,,,,,,,,,,,
USC00043491,1977,10,3,,,0.0,0.0,0.0,,,,,,,,,,,
USC00043491,1977,10,30,,,64.0,0.0,0.0,,,,,,,,,,,
USC00043491,1977,10,31,,,0.0,0.0,0.0,,,,,,,,,,,
USC00043491,1977,10,4,,,0.0,0.0,0.0,,,,,,,,,,,
USC00043491,1977,10,5,,,0.0,0.0,0.0,,,,,,,,,,,
USC00043491,1977,10,6,,,0.0,0.0,0.0,,,,,,,,,,,
USC00043491,1977,10,7,,,0.0,0.0,0.0,,,,,,,,,,,
USC00043491,1977,10,8,,,0.0,0.0,0.0,,,,,,,,,,,
USC00043491,1977,10,9,,,0.0,0.0,0.0,,,,,,,,,,,
USC00043491,1977,11,1,,,0.0,0.0,0.0,,,,,,,,,,,
USC00043491,1977,11,10,,,0.0,0.0,0.0,,,,,,,,,,,
USC00043491,1977,11,11,,,0.0,0.0,0.0,,,,,,,,,,,
USC00043491,1977,11,12,,,0.0,0.0,0.0,,,,,,,,,,,
USC00043491,1977,11,13,,,0.0,0.0,0.0,,,,,,,,,,,
USC00043491,1977,11,14,,,0.0,0.0,0.0,,,,,,,,,,,
USC00043491,1977,11,15,,,0.0,0.0,0.0,,,,,,,,,,,
USC00043491,1977,11,16,,,0.0,0.0,0.0,,,,,,,,,,,
USC00043491,1977,11,17,,,0.0,0.0,0.0,,,,,,,,,,,
USC00043491,1977,11,18,,,0.0,0.0,0.0,,,,,,,,,,,
USC00043491,1977,11,19,,,0.0,0.0,0.0,,,,,,,,,,,
USC00043491,1977,11,2,,,0.0,0.0,0.0,,,,,,,,,,,
USC00043491,1977,11,20,,,0.0,0.0,0.0,,,,,,,,,,,
USC00043491,1977,11,21,,,828.0,0.0,0.0,,,,,,,,,,,
USC00043491,1977,11,22,,,602.0,0.0,0.0,,,,,,,,,,,
USC00043491,1977,11,23,,,0.0,0.0,0.0,,,,,,,,,,,
USC00043491,1977,11,24,,,0.0,0.0,0.0,,,,,,,,,,,
USC00043491,1977,11,25,,,0.0,0.0,0.0,,,,,,,,,,,
USC00043491,1977,11,26,,,0.0,0.0,0.0,,,,,,,,,,,
USC00043491,1977,11,27,,,0.0,0.0,0.0,,,,,,,,,,,
USC00043491,1977,11,28,,,0.0,0.0,0.0,,,,,,,,,,,
USC00043491,1977,11,29,,,0.0,0.0,0.0,,,,,,,,,,,
USC00043491,1977,11,3,,,0.0,0.0,0.0,,,,,,,,,,,
USC00043491,1977,11,30,,,0.0,0.0,0.0,,,,,,,,,,,
USC00043491,1977,11,31,,,-9999.0,-9999.0,-9999.0,,,,,,,,,,,
USC00043491,1977,11,4,,,3.0,0.0,0.0,,,,,,,,,,,
USC00043491,1977,11,5,,,277.0,0.0,0.0,,,,,,,,,,,
USC00043491,1977,11,6,,,0.0,0.0,0.0,,,,,,,,,,,
USC00043491,1977,11,7,,,0.0,0.0,0.0,,,,,,,,,,,
USC00043491,1977,11,8,,,0.0,0.0,0.0,,,,,,,,,,,
USC00043491,1977,11,9,,,0.0,0.0,0.0,,,,,,,,,,,
USC00043491,1977,12,1,,,0.0,0.0,0.0,-9999.0,-9999.0,,,,,,,,,
USC00043491,1977,12,10,,,0.0,0.0,0.0,-9999.0,-56.0,,,,,,,,,
USC00043491,1977,12,11,,,130.0,0.0,0.0,156.0,-9999.0,,,,,,,,,
USC00043491,1977,12,12,,,94.0,0.0,0.0,-9999.0,-9999.0,,,,,,,,,
USC00043491,1977,12,13,,,3.0,0.0,0.0,-9999.0,-9999.0,,,,,,,,,
USC00043491,1977,12,14,,,254.0,0.0,0.0,-9999.0,-9999.0,,,,,,,,,
USC00043491,1977,12,15,,,815.0,0.0,0.0,-9999.0,-9999.0,,,,,,,,,
USC00043491,1977,12,16,,,0.0,0.0,0.0,-9999.0,-9999.0,,,,,,,,,
USC00043491,1977,12,17,,,361.0,0.0,0.0,-9999.0,-9999.0,,,,,,,,,
USC00043491,1977,12,18,,,36.0,0.0,0.0,-9999.0,-9999.0,,,,,,,,,
USC00043491,1977,12,19,,,0.0,0.0,0.0,-9999.0,-9999.0,,,,,,,,,
USC00043491,1977,12,2,,,0.0,0.0,0.0,-9999.0,-9999.0,,,,,,,,,
USC00043491,1977,12,20,,,0.0,0.0,0.0,-9999.0,-9999.0,,,,,,,,,
USC00043491,1977,12,21,,,0.0,0.0,0.0,-9999.0,-9999.0,,,,,,,,,
USC00043491,1977,12,22,,,356.0,0.0,0.0,-9999.0,-9999.0,,,,,,,,,
USC00043491,1977,12,23,,,404.0,0.0,0.0,-9999.0,-9999.0,,,,,,,,,
USC00043491,1977,12,24,,,13.0,0.0,0.0,-9999.0,-28.0,,,,,,,,,
USC00043491,1977,12,25,,,0.0,0.0,0.0,-9999.0,-9999.0,,,,,,,,,
USC00043491,1977,12,26,,,43.0,0.0,0.0,-9999.0,-9999.0,,,,,,,,,
USC00043491,1977,12,27,,,300.0,0.0,0.0,-9999.0,-9999.0,,,,,,,,,
USC00043491,1977,12,28,,,201.0,0.0,0.0,-9999.0,-9999.0,,,,,,,,,
USC00043491,1977,12,29,,,445.0,0.0,0.0,-9999.0,-9999.0,,,,,,,,,
USC00043491,1977,12,3,,,0.0,0.0,0.0,-9999.0,-9999.0,,,,,,,,,
USC00043491,1977,12,30,,,147.0,0.0,0.0,-9999.0,-9999.0,,,,,,,,,
USC00043491,1977,12,31,,,0.0,0.0,0.0,-9999.0,-9999.0,,,,,,,,,
USC00043491,1977,12,4,,,0.0,0.0,0.0,-9999.0,-9999.0,,,,,,,,,
USC00043491,1977,12,5,,,0.0,0.0,0.0,-9999.0,-9999.0,,,,,,,,,
USC00043491,1977,12,6,,,0.0,0.0,0.0,-9999.0,-9999.0,,,,,,,,,
USC00043491,1977,12,7,,,0.0,0.0,0.0,-9999.0,-9999.0,,,,,,,,,
USC00043491,1977,12,8,,,0.0,0.0,0.0,-9999.0,-9999.0,,,,,,,,,
USC00043491,1977,12,9,,,0.0,0.0,0.0,-9999.0,-9999.0,,,,,,,,,
USC00043491,1978,1,1,,,0.0,0.0,0.0,,,,,,,,,,,
USC00043491,1978,1,10,,,41.0,0.0,0.0,,,,,,,,,,,
USC00043491,1978,1,11,,,5.0,0.0,0.0,,,,,,,,,,,
USC00043491,1978,1,12,,,0.0,0.0,0.0,,,,,,,,,,,
USC00043491,1978,1,13,,,66.0,0.0,0.0,,,,,,,,,,,
USC00043491,1978,1,14,,,709.0,0.0,0.0,,,,,,,,,,,
USC00043491,1978,1,15,,,597.0,0.0,0.0,,,,,,,,,,,
USC00043491,1978,1,16,,,544.0,0.0,0.0,,,,,,,,,,,
USC00043491,1978,1,17,,,343.0,0.0,0.0,,,,,,,,,,,
USC00043491,1978,1,18,,,5.0,0.0,0.0,,,,,,,,,,,
USC00043491,1978,1,19,,,203.0,0.0,0.0,,,,,,,,,,,
USC00043491,1978,1,2,,,8.0,0.0,0.0,,,,,,,,,,,
USC00043491,1978,1,20,,,3.0,0.0,0.0,,,,,,,,,,,
USC00043491,1978,1,21,,,0.0,0.0,0.0,,,,,,,,,,,
USC00043491,1978,1,22,,,5.0,0.0,0.0,,,,,,,,,,,
USC00043491,1978,1,23,,,0.0,0.0,0.0,,,,,,,,,,,
USC00043491,1978,1,24,,,0.0,0.0,0.0,,,,,,,,,,,
USC00043491,1978,1,25,,,0.0,0.0,0.0,,,,,,,,,,,
USC00043491,1978,1,26,,,0.0,0.0,0.0,,,,,,,,,,,
USC00043491,1978,1,27,,,0.0,0.0,0.0,,,,,,,,,,,
USC00043491,1978,1,28,,,0.0,0.0,0.0,,,,,,,,,,,
USC00043491,1978,1,29,,,0.0,0.0,0.0,,,,,,,,,,,
USC00043491,1978,1,3,,,130.0,0.0,0.0,,,,,,,,,,,
USC00043491,1978,1,30,,,0.0,0.0,0.0,,,,,,,,,,,
USC00043491,1978,1,31,,,0.0,0.0,0.0,,,,,,,,,,,
USC00043491,1978,1,4,,,236.0,0.0,0.0,,,,,,,,,,,
USC00043491,1978,1,5,,,1107.0,0.0,0.0,,,,,,,,,,,
USC00043491,1978,1,6,,,343.0,0.0,0.0,,,,,,,,,,,
USC00043491,1978,1,7,,,0.0,0.0,0.0,,,,,,,,,,,
USC00043491,1978,1,8,,,33.0,0.0,0.0,,,,,,,,,,,
USC00043491,1978,1,9,,,528.0,0.0,0.0,,,,,,,,,,,
USC00043491,1978,2,1,,,13.0,0.0,0.0,,,,,,,,,,,
USC00043491,1978,2,10,,,61.0,0.0,0.0,,,,,,,,,,,
USC00043491,1978,2,11,,,152.0,0.0,0.0,,,,,,,,,,,
USC00043491,1978,2,12,,,165.0,0.0,0.0,,,,,,,,,,,
USC00043491,1978,2,13,,,267.0,0.0,0.0,,,,,,,,,,,
USC00043491,1978,2,14,,,5.0,0.0,0.0,,,,,,,,,,,
USC00043491,1978,2,15,,,183.0,0.0,0.0,,,,,,,,,,,
USC00043491,1978,2,16,,,0.0,0.0,0.0,,,,,,,,,,,
USC00043491,1978,2,17,,,0.0,0.0,0.0,,,,,,,,,,,
USC00043491,1978,2,18,,,0.0,0.0,0.0,,,,,,,,,,,
USC00043491,1978,2,19,,,0.0,0.0,0.0,,,,,,,,,,,
USC00043491,1978,2,2,,,142.0,0.0,0.0,,,,,,,,,,,
USC00043491,1978,2,20,,,0.0,0.0,0.0,,,,,,,,,,,
USC00043491,1978,2,21,,,0.0,0.0,0.0,,,,,,,,,,,
USC00043491,1978,2,22,,,0.0,0.0,0.0,,,,,,,,,,,
USC00043491,1978,2,23,,,0.0,0.0,0.0,,,,,,,,,,,
USC00043491,1978,2,24,,,0.0,0.0,0.0,,,,,,,,,,,
USC00043491,1978,2,25,,,0.0,0.0,0.0,,,,,,,,,,,
USC00043491,1978,2,26,,,0.0,0.0,0.0,,,,,,,,,,,
USC00043491,1978,2,27,,,0.0,0.0,0.0,,,,,,,,,,,
USC00043491,1978,2,28,,,0.0,0.0,0.0,,,,,,,,,,,
USC00043491,1978,2,29,,,-9999.0,-9999.0,-9999.0,,,,,,,,,,,
USC00043491,1978,2,3,,,0.0,0.0,0.0,,,,,,,,,,,
USC00043491,1978,2,30,,,-9999.0,-9999.0,-9999.0,,,,,,,,,,,
USC00043491,1978,2,31,,,-9999.0,-9999.0,-9999.0,,,,,,,,,,,
USC00043491,1978,2,4,,,0.0,0.0,0.0,,,,,,,,,,,
USC00043491,1978,2,5,,,239.0,0.0,0.0,,,,,,,,,,,
USC00043491,1978,2,6,,,269.0,0.0,0.0,,,,,,,,,,,
USC00043491,1978,2,7,,,455.0,0.0,0.0,,,,,,,,,,,
USC00043491,1978,2,8,,,58.0,0.0,0.0,,,,,,,,,,,
USC00043491,1978,2,9,,,246.0,0.0,0.0,,,,,,,,,,,
USC00043491,1978,3,1,,,38.0,0.0,0.0,,,,,,,,,,,
USC00043491,1978,3,10,,,0.0,0.0,0.0,,,,,,,,,,,
USC00043491,1978,3,11,,,61.0,0.0,0.0,,,,,,,,,,,
USC00043491,1978,3,12,,,81.0,0.0,0.0,,,,,,,,,,,
USC00043491,1978,3,13,,,0.0,0.0,0.0,,,,,,,,,,,
USC00043491,1978,3,14,,,0.0,0.0,0.0,,,,,,,,,,,
USC00043491,1978,3,15,,,0.0,0.0,0.0,,,,,,,,,,,
USC00043491,1978,3,16,,,0.0,0.0,0.0,,,,,,,,,,,
USC00043491,1978,3,17,,,0.0,0.0,0.0,,,,,,,,,,,
USC00043491,1978,3,18,,,0.0,0.0,0.0,,,,,,,,,,,
USC00043491,1978,3,19,,,0.0,0.0,0.0,,,,,,,,,,,
USC00043491,1978,3,2,,,526.0,0.0,0.0,,,,,,,,,,,
USC00043491,1978,3,20,,,0.0,0.0,0.0,,,,,,,,,,,
USC00043491,1978,3,21,,,284.0,0.0,0.0,,,,,,,,,,,
USC00043491,1978,3,22,,,99.0,0.0,0.0,,,,,,,,,,,
USC00043491,1978,3,23,,,229.0,0.0,0.0,,,,,,,,,,,
USC00043491,1978,3,24,,,0.0,0.0,0.0,,,,,,,,,,,
USC00043491,1978,3,25,,,0.0,0.0,0.0,,,,,,,,,,,
USC00043491,1978,3,26,,,0.0,0.0,0.0,,,,,,,,,,,
USC00043491,1978,3,27,,,0.0,0.0,0.0,,,,,,,,,,,
USC00043491,1978,3,28,,,0.0,0.0,0.0,,,,,,,,,,,
USC00043491,1978,3,29,,,0.0,0.0,0.0,,,,,,,,,,,
USC00043491,1978,3,3,,,526.0,0.0,0.0,,,,,,,,,,,
USC00043491,1978,3,30,,,5.0,0.0,0.0,,,,,,,,,,,
USC00043491,1978,3,31,,,218.0,0.0,0.0,,,,,,,,,,,
USC00043491,1978,3,4,,,434.0,0.0,0.0,,,,,,,,,,,
USC00043491,1978,3,5,,,526.0,0.0,0.0,,,,,,,,,,,
USC00043491,1978,3,6,,,69.0,0.0,0.0,,,,,,,,,,,
USC00043491,1978,3,7,,,0.0,0.0,0.0,,,,,,,,,,,
USC00043491,1978,3,8,,,0.0,0.0,0.0,,,,,,,,,,,
USC00043491,1978,3,9,,,30.0,0.0,0.0,,,,,,,,,,,
USC00043491,1978,4,1,,,267.0,0.0,0.0,,,,,,,,,,,
USC00043491,1978,4,10,,,0.0,0.0,0.0,,,,,,,,,,,
USC00043491,1978,4,11,,,0.0,0.0,0.0,,,,,,,,,,,
USC00043491,1978,4,12,,,0.0,0.0,0.0,,,,,,,,,,,
USC00043491,1978,4,13,,,0.0,0.0,0.0,,,,,,,,,,,
USC00043491,1978,4,14,,,3.0,0.0,0.0,,,,,,,,,,,
USC00043491,1978,4,15,,,152.0,0.0,0.0,,,,,,,,,,,
USC00043491,1978,4,16,,,292.0,0.0,0.0,,,,,,,,,,,
USC00043491,1978,4,17,,,43.0,0.0,0.0,,,,,,,,,,,
USC00043491,1978,4,18,,,0.0,0.0,0.0,,,,,,,,,,,
USC00043491,1978,4,19,,,0.0,0.0,0.0,,,,,,,,,,,
USC00043491,1978,4,2,,,51.0,0.0,0.0,,,,,,,,,,,
USC00043491,1978,4,20,,,274.0,0.0,0.0,,,,,,,,,,,
USC00043491,1978,4,21,,,0.0,0.0,0.0,,,,,,,,,,,
USC00043491,1978,4,22,,,0.0,0.0,0.0,,,,,,,,,,,
USC00043491,1978,4,23,,,0.0,0.0,0.0,,,,,,,,,,,
USC00043491,1978,4,24,,,76.0,0.0,0.0,,,,,,,,,,,
USC00043491,1978,4,25,,,411.0,0.0,0.0,,,,,,,,,,,
USC00043491,1978,4,26,,,46.0,0.0,0.0,,,,,,,,,,,
USC00043491,1978,4,27,,,0.0,0.0,0.0,,,,,,,,,,,
USC00043491,1978,4,28,,,0.0,0.0,0.0,,,,,,,,,,,
USC00043491,1978,4,29,,,0.0,0.0,0.0,,,,,,,,,,,
USC00043491,1978,4,3,,,196.0,0.0,0.0,,,,,,,,,,,
USC00043491,1978,4,30,,,30.0,0.0,0.0,,,,,,,,,,,
USC00043491,1978,4,31,,,-9999.0,-9999.0,-9999.0,,,,,,,,,,,
USC00043491,1978,4,4,,,0.0,0.0,0.0,,,,,,,,,,,
USC00043491,1978,4,5,,,0.0,0.0,0.0,,,,,,,,,,,
USC00043491,1978,4,6,,,437.0,0.0,0.0,,,,,,,,,,,
USC00043491,1978,4,7,,,15.0,0.0,0.0,,,,,,,,,,,
USC00043491,1978,4,8,,,0.0,0.0,0.0,,,,,,,,,,,
USC00043491,1978,4,9,,,0.0,0.0,0.0,,,,,,,,,,,
USC00043491,1978,5,1,,,23.0,0.0,0.0,,,,,,,,,,,
USC00043491,1978,5,10,,,0.0,0.0,0.0,,,,,,,,,,,
USC00043491,1978,5,11,,,0.0,0.0,0.0,,,,,,,,,,,
USC00043491,1978,5,12,,,0.0,0.0,0.0,,,,,,,,,,,
USC00043491,1978,5,13,,,0.0,0.0,0.0,,,,,,,,,,,
USC00043491,1978,5,14,,,0.0,0.0,0.0,,,,,,,,,,,
USC00043491,1978,5,15,,,99.0,0.0,0.0,,,,,,,,,,,
USC00043491,1978,5,16,,,46.0,0.0,0.0,,,,,,,,,,,
USC00043491,1978,5,17,,,0.0,0.0,0.0,,,,,,,,,,,
USC00043491,1978,5,18,,,0.0,0.0,0.0,,,,,,,,,,,
USC00043491,1978,5,19,,,0.0,0.0,0.0,,,,,,,,,,,
USC00043491,1978,5,2,,,0.0,0.0,0.0,,,,,,,,,,,
USC00043491,1978,5,20,,,0.0,0.0,0.0,,,,,,,,,,,
USC00043491,1978,5,21,,,0.0,0.0,0.0,,,,,,,,,,,
USC00043491,1978,5,22,,,0.0,0.0,0.0,,,,,,,,,,,
USC00043491,1978,5,23,,,13.0,0.0,0.0,,,,,,,,,,,
USC00043491,1978,5,24,,,38.0,0.0,0.0,,,,,,,,,,,
USC00043491,1978,5,25,,,0.0,0.0,0.0,,,,,,,,,,,
USC00043491,1978,5,26,,,0.0,0.0,0.0,,,,,,,,,,,
USC00043491,1978,5,27,,,0.0,0.0,0.0,,,,,,,,,,,
USC00043491,1978,5,28,,,0.0,0.0,0.0,,,,,,,,,,,
USC00043491,1978,5,29,,,0.0,0.0,0.0,,,,,,,,,,,
USC00043491,1978,5,3,,,0.0,0.0,0.0,,,,,,,,,,,
USC00043491,1978,5,30,,,0.0,0.0,0.0,,,,,,,,,,,
USC00043491,1978,5,31,,,0.0,0.0,0.0,,,,,,,,,,,
USC00043491,1978,5,4,,,0.0,0.0,0.0,,,,,,,,,,,
USC00043491,1978,5,5,,,0.0,0.0,0.0,,,,,,,,,,,
USC00043491,1978,5,6,,,0.0,0.0,0.0,,,,,,,,,,,
USC00043491,1978,5,7,,,0.0,0.0,0.0,,,,,,,,,,,
USC00043491,1978,5,8,,,0.0,0.0,0.0,,,,,,,,,,,
USC00043491,1978,5,9,,,0.0,0.0,0.0,,,,,,,,,,,
USC00043491,1978,6,1,,,0.0,0.0,0.0,,,,,,,,,,,
USC00043491,1978,6,10,,,0.0,0.0,0.0,,,,,,,,,,,
USC00043491,1978,6,11,,,0.0,0.0,0.0,,,,,,,,,,,
USC00043491,1978,6,12,,,0.0,0.0,0.0,,,,,,,,,,,
USC00043491,1978,6,13,,,0.0,0.0,0.0,,,,,,,,,,,
USC00043491,1978,6,14,,,0.0,0.0,0.0,,,,,,,,,,,
USC00043491,1978,6,15,,,0.0,0.0,0.0,,,,,,,,,,,
USC00043491,1978,6,16,,,0.0,0.0,0.0,,,,,,,,,,,
USC00043491,1978,6,17,,,0.0,0.0,0.0,,,,,,,,,,,
USC00043491,1978,6,18,,,3.0,0.0,0.0,,,,,,,,,,,
USC00043491,1978,6,19,,,0.0,0.0,0.0,,,,,,,,,,,
USC00043491,1978,6,2,,,0.0,0.0,0.0,,,,,,,,,,,
USC00043491,1978,6,20,,,0.0,0.0,0.0,,,,,,,,,,,
USC00043491,1978,6,21,,,0.0,0.0,0.0,,,,,,,,,,,
USC00043491,1978,6,22,,,0.0,0.0,0.0,,,,,,,,,,,
USC00043491,1978,6,23,,,0.0,0.0,0.0,,,,,,,,,,,
USC00043491,1978,6,24,,,0.0,0.0,0.0,,,,,,,,,,,
USC00043491,1978,6,25,,,0.0,0.0,0.0,,,,,,,,,,,
USC00043491,1978,6,26,,,0.0,0.0,0.0,,,,,,,,,,,
USC00043491,1978,6,27,,,5.0,0.0,0.0,,,,,,,,,,,
USC00043491,1978,6,28,,,25.0,0.0,0.0,,,,,,,,,,,
USC00043491,1978,6,29,,,0.0,0.0,0.0,,,,,,,,,,,
USC00043491,1978,6,3,,,0.0,0.0,0.0,,,,,,,,,,,
USC00043491,1978,6,30,,,0.0,0.0,0.0,,,,,,,,,,,
USC00043491,1978,6,31,,,-9999.0,-9999.0,-9999.0,,,,,,,,,,,
USC00043491,1978,6,4,,,0.0,0.0,0.0,,,,,,,,,,,
USC00043491,1978,6,5,,,0.0,0.0,0.0,,,,,,,,,,,
USC00043491,1978,6,6,,,0.0,0.0,0.0,,,,,,,,,,,
USC00043491,1978,6,7,,,0.0,0.0,0.0,,,,,,,,,,,
USC00043491,1978,6,8,,,0.0,0.0,0.0,,,,,,,,,,,
USC00043491,1978,6,9,,,0.0,0.0,0.0,,,,,,,,,,,
USC00043491,1978,7,1,,,0.0,0.0,0.0,,,,,,,,,,,
USC00043491,1978,7,10,,,0.0,0.0,0.0,,,,,,,,,,,
USC00043491,1978,7,11,,,0.0,0.0,0.0,,,,,,,,,,,
USC00043491,1978,7,12,,,0.0,0.0,0.0,,,,,,,,,,,
USC00043491,1978,7,13,,,0.0,0.0,0.0,,,,,,,,,,,
USC00043491,1978,7,14,,,0.0,0.0,0.0,,,,,,,,,,,
USC00043491,1978,7,15,,,0.0,0.0,0.0,,,,,,,,,,,
USC00043491,1978,7,16,,,0.0,0.0,0.0,,,,,,,,,,,
USC00043491,1978,7,17,,,0.0,0.0,0.0,,,,,,,,,,,
USC00043491,1978,7,18,,,0.0,0.0,0.0,,,,,,,,,,,
USC00043491,1978,7,19,,,0.0,0.0,0.0,,,,,,,,,,,
USC00043491,1978,7,2,,,0.0,0.0,0.0,,,,,,,,,,,
USC00043491,1978,7,20,,,0.0,0.0,0.0,,,,,,,,,,,
USC00043491,1978,7,21,,,0.0,0.0,0.0,,,,,,,,,,,
USC00043491,1978,7,22,,,0.0,0.0,0.0,,,,,,,,,,,
USC00043491,1978,7,23,,,0.0,0.0,0.0,,,,,,,,,,,
USC00043491,1978,7,24,,,0.0,0.0,0.0,,,,,,,,,,,
USC00043491,1978,7,25,,,0.0,0.0,0.0,,,,,,,,,,,
USC00043491,1978,7,26,,,0.0,0.0,0.0,,,,,,,,,,,
USC00043491,1978,7,27,,,0.0,0.0,0.0,,,,,,,,,,,
USC00043491,1978,7,28,,,0.0,0.0,0.0,,,,,,,,,,,
USC00043491,1978,7,29,,,0.0,0.0,0.0,,,,,,,,,,,
USC00043491,1978,7,3,,,0.0,0.0,0.0,,,,,,,,,,,
USC00043491,1978,7,30,,,0.0,0.0,0.0,,,,,,,,,,,
USC00043491,1978,7,31,,,0.0,0.0,0.0,,,,,,,,,,,
USC00043491,1978,7,4,,,0.0,0.0,0.0,,,,,,,,,,,
USC00043491,1978,7,5,,,0.0,0.0,0.0,,,,,,,,,,,
USC00043491,1978,7,6,,,0.0,0.0,0.0,,,,,,,,,,,
USC00043491,1978,7,7,,,0.0,0.0,0.0,,,,,,,,,,,
USC00043491,1978,7,8,,,0.0,0.0,0.0,,,,,,,,,,,
USC00043491,1978,7,9,,,0.0,0.0,0.0,,,,,,,,,,,
USC00043491,1978,8,1,,,0.0,0.0,0.0,,,,,,,,,,,
USC00043491,1978,8,10,,,0.0,0.0,0.0,,,,,,,,,,,
USC00043491,1978,8,11,,,0.0,0.0,0.0,,,,,,,,,,,
USC00043491,1978,8,12,,,0.0,0.0,0.0,,,,,,,,,,,
USC00043491,1978,8,13,,,0.0,0.0,0.0,,,,,,,,,,,
USC00043491,1978,8,14,,,0.0,0.0,0.0,,,,,,,,,,,
USC00043491,1978,8,15,,,0.0,0.0,0.0,,,,,,,,,,,
USC00043491,1978,8,16,,,0.0,0.0,0.0,,,,,,,,,,,
USC00043491,1978,8,17,,,0.0,0.0,0.0,,,,,,,,,,,
USC00043491,1978,8,18,,,0.0,0.0,0.0,,,,,,,,,,,
USC00043491,1978,8,19,,,0.0,0.0,0.0,,,,,,,,,,,
USC00043491,1978,8,2,,,0.0,0.0,0.0,,,,,,,,,,,
USC00043491,1978,8,20,,,0.0,0.0,0.0,,,,,,,,,,,
USC00043491,1978,8,21,,,0.0,0.0,0.0,,,,,,,,,,,
USC00043491,1978,8,22,,,0.0,0.0,0.0,,,,,,,,,,,
USC00043491,1978,8,23,,,0.0,0.0,0.0,,,,,,,,,,,
USC00043491,1978,8,24,,,0.0,0.0,0.0,,,,,,,,,,,
USC00043491,1978,8,25,,,0.0,0.0,0.0,,,,,,,,,,,
USC00043491,1978,8,26,,,0.0,0.0,0.0,,,,,,,,,,,
USC00043491,1978,8,27,,,0.0,0.0,0.0,,,,,,,,,,,
USC00043491,1978,8,28,,,0.0,0.0,0.0,,,,,,,,,,,
USC00043491,1978,8,29,,,0.0,0.0,0.0,,,,,,,,,,,
USC00043491,1978,8,3,,,0.0,0.0,0.0,,,,,,,,,,,
USC00043491,1978,8,30,,,5.0,0.0,0.0,,,,,,,,,,,
USC00043491,1978,8,31,,,0.0,0.0,0.0,,,,,,,,,,,
USC00043491,1978,8,4,,,0.0,0.0,0.0,,,,,,,,,,,
USC00043491,1978,8,5,,,0.0,0.0,0.0,,,,,,,,,,,
USC00043491,1978,8,6,,,0.0,0.0,0.0,,,,,,,,,,,
USC00043491,1978,8,7,,,0.0,0.0,0.0,,,,,,,,,,,
USC00043491,1978,8,8,,,0.0,0.0,0.0,,,,,,,,,,,
USC00043491,1978,8,9,,,0.0,0.0,0.0,,,,,,,,,,,
USC00043491,1978,9,1,,,0.0,0.0,0.0,,,,,,,,,,,
USC00043491,1978,9,10,,,246.0,0.0,0.0,,,,,,,,,,,
USC00043491,1978,9,11,,,0.0,0.0,0.0,,,,,,,,,,,
USC00043491,1978,9,12,,,0.0,0.0,0.0,,,,,,,,,,,
USC00043491,1978,9,13,,,0.0,0.0,0.0,,,,,,,,,,,
USC00043491,1978,9,14,,,5.0,0.0,0.0,,,,,,,,,,,
USC00043491,1978,9,15,,,0.0,0.0,0.0,,,,,,,,,,,
USC00043491,1978,9,16,,,0.0,0.0,0.0,,,,,,,,,,,
USC00043491,1978,9,17,,,0.0,0.0,0.0,,,,,,,,,,,
USC00043491,1978,9,18,,,0.0,0.0,0.0,,,,,,,,,,,
USC00043491,1978,9,19,,,0.0,0.0,0.0,,,,,,,,,,,
USC00043491,1978,9,2,,,0.0,0.0,0.0,,,,,,,,,,,
USC00043491,1978,9,20,,,0.0,0.0,0.0,,,,,,,,,,,
USC00043491,1978,9,21,,,0.0,0.0,0.0,,,,,,,,,,,
USC00043491,1978,9,22,,,0.0,0.0,0.0,,,,,,,,,,,
USC00043491,1978,9,23,,,0.0,0.0,0.0,,,,,,,,,,,
USC00043491,1978,9,24,,,0.0,0.0,0.0,,,,,,,,,,,
USC00043491,1978,9,25,,,0.0,0.0,0.0,,,,,,,,,,,
USC00043491,1978,9,26,,,0.0,0.0,0.0,,,,,,,,,,,
USC00043491,1978,9,27,,,0.0,0.0,0.0,,,,,,,,,,,
USC00043491,1978,9,28,,,0.0,0.0,0.0,,,,,,,,,,,
USC00043491,1978,9,29,,,0.0,0.0,0.0,,,,,,,,,,,
USC00043491,1978,9,3,,,0.0,0.0,0.0,,,,,,,,,,,
USC00043491,1978,9,30,,,0.0,0.0,0.0,,,,,,,,,,,
USC00043491,1978,9,31,,,-9999.0,-9999.0,-9999.0,,,,,,,,,,,
USC00043491,1978,9,4,,,0.0,0.0,0.0,,,,,,,,,,,
USC00043491,1978,9,5,,,546.0,0.0,0.0,,,,,,,,,,,
USC00043491,1978,9,6,,,127.0,0.0,0.0,,,,,,,,,,,
USC00043491,1978,9,7,,,0.0,0.0,0.0,,,,,,,,,,,
USC00043491,1978,9,8,,,0.0,0.0,0.0,,,,,,,,,,,
USC00043491,1978,9,9,,,99.0,0.0,0.0,,,,,,,,,,,
USC00043491,1978,10,1,,,0.0,0.0,0.0,,,,,,,,,,,
USC00043491,1978,10,10,,,0.0,0.0,0.0,,,,,,,,,,,
USC00043491,1978,10,11,,,0.0,0.0,0.0,,,,,,,,,,,
USC00043491,1978,10,12,,,0.0,0.0,0.0,,,,,,,,,,,
USC00043491,1978,10,13,,,0.0,0.0,0.0,,,,,,,,,,,
USC00043491,1978,10,14,,,0.0,0.0,0.0,,,,,,,,,,,
USC00043491,1978,10,15,,,0.0,0.0,0.0,,,,,,,,,,,
USC00043491,1978,10,16,,,0.0,0.0,0.0,,,,,,,,,,,
USC00043491,1978,10,17,,,0.0,0.0,0.0,,,,,,,,,,,
USC00043491,1978,10,18,,,0.0,0.0,0.0,,,,,,,,,,,
USC00043491,1978,10,19,,,0.0,0.0,0.0,,,,,,,,,,,
USC00043491,1978,10,2,,,0.0,0.0,0.0,,,,,,,,,,,
USC00043491,1978,10,20,,,0.0,0.0,0.0,,,,,,,,,,,
USC00043491,1978,10,21,,,0.0,0.0,0.0,,,,,,,,,,,
USC00043491,1978,10,22,,,0.0,0.0,0.0,,,,,,,,,,,
USC00043491,1978,10,23,,,0.0,0.0,0.0,,,,,,,,,,,
USC00043491,1978,10,24,,,0.0,0.0,0.0,,,,,,,,,,,
USC00043491,1978,10,25,,,0.0,0.0,0.0,,,,,,,,,,,
USC00043491,1978,10,26,,,0.0,0.0,0.0,,,,,,,,,,,
USC00043491,1978,10,27,,,0.0,0.0,0.0,,,,,,,,,,,
USC00043491,1978,10,28,,,0.0,0.0,0.0,,,,,,,,,,,
USC00043491,1978,10,29,,,0.0,0.0,0.0,,,,,,,,,,,
USC00043491,1978,10,3,,,0.0,0.0,0.0,,,,,,,,,,,
USC00043491,1978,10,30,,,0.0,0.0,0.0,,,,,,,,,,,
USC00043491,1978,10,31,,,18.0,0.0,0.0,,,,,,,,,,,
USC00043491,1978,10,4,,,0.0,0.0,0.0,,,,,,,,,,,
USC00043491,1978,10,5,,,0.0,0.0,0.0,,,,,,,,,,,
USC00043491,1978,10,6,,,0.0,0.0,0.0,,,,,,,,,,,
USC00043491,1978,10,7,,,0.0,0.0,0.0,,,,,,,,,,,
USC00043491,1978,10,8,,,0.0,0.0,0.0,,,,,,,,,,,
USC00043491,1978,10,9,,,0.0,0.0,0.0,,,,,,,,,,,
USC00043491,1978,11,1,,,18.0,0.0,0.0,,,,,,,,,,,
USC00043491,1978,11,10,,,0.0,0.0,0.0,,,,,,,,,,,
USC00043491,1978,11,11,,,13.0,0.0,0.0,,,,,,,,,,,
USC00043491,1978,11,12,,,74.0,0.0,0.0,,,,,,,,,,,
USC00043491,1978,11,13,,,193.0,0.0,0.0,,,,,,,,,,,
USC00043491,1978,11,14,,,0.0,0.0,0.0,,,,,,,,,,,
USC00043491,1978,11,15,,,0.0,0.0,0.0,,,,,,,,,,,
USC00043491,1978,11,16,,,0.0,0.0,0.0,,,,,,,,,,,
USC00043491,1978,11,17,,,0.0,0.0,0.0,,,,,,,,,,,
USC00043491,1978,11,18,,,0.0,0.0,0.0,,,,,,,,,,,
USC00043491,1978,11,19,,,61.0,0.0,0.0,,,,,,,,,,,
USC00043491,1978,11,2,,,0.0,0.0,0.0,,,,,,,,,,,
USC00043491,1978,11,20,,,447.0,0.0,0.0,,,,,,,,,,,
USC00043491,1978,11,21,,,333.0,0.0,0.0,,,,,,,,,,,
USC00043491,1978,11,22,,,145.0,0.0,0.0,,,,,,,,,,,
USC00043491,1978,11,23,,,0.0,0.0,0.0,,,,,,,,,,,
USC00043491,1978,11,24,,,0.0,0.0,0.0,,,,,,,,,,,
USC00043491,1978,11,25,,,0.0,0.0,0.0,,,,,,,,,,,
USC00043491,1978,11,26,,,0.0,0.0,0.0,,,,,,,,,,,
USC00043491,1978,11,27,,,0.0,0.0,0.0,,,,,,,,,,,
USC00043491,1978,11,28,,,0.0,0.0,0.0,,,,,,,,,,,
USC00043491,1978,11,29,,,0.0,0.0,0.0,,,,,,,,,,,
USC00043491,1978,11,3,,,0.0,0.0,0.0,,,,,,,,,,,
USC00043491,1978,11,30,,,0.0,0.0,0.0,,,,,,,,,,,
USC00043491,1978,11,31,,,-9999.0,-9999.0,-9999.0,,,,,,,,,,,
USC00043491,1978,11,4,,,0.0,0.0,0.0,,,,,,,,,,,
USC00043491,1978,11,5,,,0.0,0.0,0.0,,,,,,,,,,,
USC00043491,1978,11,6,,,0.0,0.0,0.0,,,,,,,,,,,
USC00043491,1978,11,7,,,0.0,0.0,0.0,,,,,,,,,,,
USC00043491,1978,11,8,,,0.0,0.0,0.0,,,,,,,,,,,
USC00043491,1978,11,9,,,0.0,0.0,0.0,,,,,,,,,,,
USC00043491,1978,12,1,,,213.0,0.0,0.0,,,,,,,,,,,
USC00043491,1978,12,10,,,0.0,0.0,0.0,,,,,,,,,,,
USC00043491,1978,12,11,,,0.0,0.0,0.0,,,,,,,,,,,
USC00043491,1978,12,12,,,0.0,0.0,0.0,,,,,,,,,,,
USC00043491,1978,12,13,,,0.0,0.0,0.0,,,,,,,,,,,
USC00043491,1978,12,14,,,0.0,0.0,0.0,,,,,,,,,,,
USC00043491,1978,12,15,,,0.0,0.0,0.0,,,,,,,,,,,
USC00043491,1978,12,16,,,0.0,0.0,0.0,,,,,,,,,,,
USC00043491,1978,12,17,,,236.0,0.0,0.0,,,,,,,,,,,
USC00043491,1978,12,18,,,213.0,0.0,0.0,,,,,,,,,,,
USC00043491,1978,12,19,,,0.0,0.0,0.0,,,,,,,,,,,
USC00043491,1978,12,2,,,0.0,0.0,0.0,,,,,,,,,,,
USC00043491,1978,12,20,,,0.0,0.0,0.0,,,,,,,,,,,
USC00043491,1978,12,21,,,0.0,0.0,0.0,,,,,,,,,,,
USC00043491,1978,12,22,,,0.0,0.0,0.0,,,,,,,,,,,
USC00043491,1978,12,23,,,0.0,0.0,0.0,,,,,,,,,,,
USC00043491,1978,12,24,,,0.0,0.0,0.0,,,,,,,,,,,
USC00043491,1978,12,25,,,0.0,0.0,0.0,,,,,,,,,,,
USC00043491,1978,12,26,,,0.0,0.0,0.0,,,,,,,,,,,
USC00043491,1978,12,27,,,0.0,0.0,0.0,,,,,,,,,,,
USC00043491,1978,12,28,,,0.0,0.0,0.0,,,,,,,,,,,
USC00043491,1978,12,29,,,0.0,0.0,0.0,,,,,,,,,,,
USC00043491,1978,12,3,,,0.0,0.0,0.0,,,,,,,,,,,
USC00043491,1978,12,30,,,0.0,0.0,0.0,,,,,,,,,,,
USC00043491,1978,12,31,,,0.0,0.0,0.0,,,,,,,,,,,
USC00043491,1978,12,4,,,0.0,0.0,0.0,,,,,,,,,,,
USC00043491,1978,12,5,,,28.0,0.0,0.0,,,,,,,,,,,
USC00043491,1978,12,6,,,0.0,0.0,0.0,,,,,,,,,,,
USC00043491,1978,12,7,,,0.0,0.0,0.0,,,,,,,,,,,
USC00043491,1978,12,8,,,0.0,0.0,0.0,,,,,,,,,,,
USC00043491,1978,12,9,,,0.0,0.0,0.0,,,,,,,,,,,
USC00043491,1979,1,1,,,0.0,0.0,0.0,,,,,,,,,,,
USC00043491,1979,1,10,,,28.0,0.0,0.0,,,,,,,,,,,
USC00043491,1979,1,11,,,1499.0,0.0,0.0,,,,,,,,,,,
USC00043491,1979,1,12,,,152.0,0.0,0.0,,,,,,,,,,,
USC00043491,1979,1,13,,,3.0,0.0,0.0,,,,,,,,,,,
USC00043491,1979,1,14,,,353.0,0.0,0.0,,,,,,,,,,,
USC00043491,1979,1,15,,,417.0,0.0,0.0,,,,,,,,,,,
USC00043491,1979,1,16,,,13.0,0.0,0.0,,,,,,,,,,,
USC00043491,1979,1,17,,,0.0,0.0,0.0,,,,,,,,,,,
USC00043491,1979,1,18,,,15.0,0.0,0.0,,,,,,,,,,,
USC00043491,1979,1,19,,,0.0,0.0,0.0,,,,,,,,,,,
USC00043491,1979,1,2,,,0.0,0.0,0.0,,,,,,,,,,,
USC00043491,1979,1,20,,,0.0,0.0,0.0,,,,,,,,,,,
USC00043491,1979,1,21,,,0.0,0.0,0.0,,,,,,,,,,,
USC00043491,1979,1,22,,,0.0,0.0,0.0,,,,,,,,,,,
USC00043491,1979,1,23,,,0.0,0.0,0.0,,,,,,,,,,,
USC00043491,1979,1,24,,,0.0,0.0,0.0,,,,,,,,,,,
USC00043491,1979,1,25,,,20.0,0.0,0.0,,,,,,,,,,,
USC00043491,1979,1,26,,,0.0,0.0,0.0,,,,,,,,,,,
USC00043491,1979,1,27,,,0.0,0.0,0.0,,,,,,,,,,,
USC00043491,1979,1,28,,,0.0,0.0,0.0,,,,,,,,,,,
USC00043491,1979,1,29,,,0.0,0.0,0.0,,,,,,,,,,,
USC00043491,1979,1,3,,,0.0,0.0,0.0,,,,,,,,,,,
USC00043491,1979,1,30,,,0.0,0.0,0.0,,,,,,,,,,,
USC00043491,1979,1,31,,,170.0,0.0,0.0,,,,,,,,,,,
USC00043491,1979,1,4,,,15.0,0.0,0.0,,,,,,,,,,,
USC00043491,1979,1,5,,,5.0,0.0,0.0,,,,,,,,,,,
USC00043491,1979,1,6,,,0.0,0.0,0.0,,,,,,,,,,,
USC00043491,1979,1,7,,,61.0,0.0,0.0,,,,,,,,,,,
USC00043491,1979,1,8,,,340.0,0.0,0.0,,,,,,,,,,,
USC00043491,1979,1,9,,,99.0,0.0,0.0,,,,,,,,,,,
USC00043491,1979,2,1,,,33.0,,,,,,,,,,,,,
USC00043491,1979,2,10,,,0.0,,,,,,,,,,,,,
USC00043491,1979,2,11,,,0.0,,,,,,,,,,,,,
USC00043491,1979,2,12,,,0.0,,,,,,,,,,,,,
USC00043491,1979,2,13,,,445.0,,,,,,,,,,,,,
USC00043491,1979,2,14,,,406.0,,,,,,,,,,,,,
USC00043491,1979,2,15,,,0.0,,,,,,,,,,,,,
USC00043491,1979,2,16,,,302.0,,,,,,,,,,,,,
USC00043491,1979,2,17,,,0.0,,,,,,,,,,,,,
USC00043491,1979,2,18,,,284.0,,,,,,,,,,,,,
USC00043491,1979,2,19,,,208.0,,,,,,,,,,,,,
USC00043491,1979,2,2,,,178.0,,,,,,,,,,,,,
USC00043491,1979,2,20,,,206.0,,,,,,,,,,,,,
USC00043491,1979,2,21,,,508.0,,,,,,,,,,,,,
USC00043491,1979,2,22,,,312.0,,,,,,,,,,,,,
USC00043491,1979,2,23,,,231.0,,,,,,,,,,,,,
USC00043491,1979,2,24,,,0.0,,,,,,,,,,,,,
USC00043491,1979,2,25,,,0.0,,,,,,,,,,,,,
USC00043491,1979,2,26,,,137.0,,,,,,,,,,,,,
USC00043491,1979,2,27,,,0.0,,,,,,,,,,,,,
USC00043491,1979,2,28,,,241.0,,,,,,,,,,,,,
USC00043491,1979,2,29,,,-9999.0,,,,,,,,,,,,,
USC00043491,1979,2,3,,,0.0,,,,,,,,,,,,,
USC00043491,1979,2,30,,,-9999.0,,,,,,,,,,,,,
USC00043491,1979,2,31,,,-9999.0,,,,,,,,,,,,,
USC00043491,1979,2,4,,,0.0,,,,,,,,,,,,,
USC00043491,1979,2,5,,,0.0,,,,,,,,,,,,,
USC00043491,1979,2,6,,,0.0,,,,,,,,,,,,,
USC00043491,1979,2,7,,,0.0,,,,,,,,,,,,,
USC00043491,1979,2,8,,,0.0,,,,,,,,,,,,,
USC00043491,1979,2,9,,,0.0,,,,,,,,,,,,,
USC00043491,1979,3,1,,,660.0,0.0,0.0,,,,,,,,,,,
USC00043491,1979,3,10,,,0.0,0.0,0.0,,,,,,,,,,,
USC00043491,1979,3,11,,,0.0,0.0,0.0,,,,,,,,,,,
USC00043491,1979,3,12,,,0.0,0.0,0.0,,,,,,,,,,,
USC00043491,1979,3,13,,,0.0,0.0,0.0,,,,,,,,,,,
USC00043491,1979,3,14,,,0.0,0.0,0.0,,,,,,,,,,,
USC00043491,1979,3,15,,,419.0,0.0,0.0,,,,,,,,,,,
USC00043491,1979,3,16,,,168.0,0.0,0.0,,,,,,,,,,,
USC00043491,1979,3,17,,,3.0,0.0,0.0,,,,,,,,,,,
USC00043491,1979,3,18,,,10.0,0.0,0.0,,,,,,,,,,,
USC00043491,1979,3,19,,,0.0,0.0,0.0,,,,,,,,,,,
USC00043491,1979,3,2,,,0.0,0.0,0.0,,,,,,,,,,,
USC00043491,1979,3,20,,,15.0,0.0,0.0,,,,,,,,,,,
USC00043491,1979,3,21,,,0.0,0.0,0.0,,,,,,,,,,,
USC00043491,1979,3,22,,,15.0,0.0,0.0,,,,,,,,,,,
USC00043491,1979,3,23,,,8.0,0.0,0.0,,,,,,,,,,,
USC00043491,1979,3,24,,,0.0,0.0,0.0,,,,,,,,,,,
USC00043491,1979,3,25,,,0.0,0.0,0.0,,,,,,,,,,,
USC00043491,1979,3,26,,,33.0,0.0,0.0,,,,,,,,,,,
USC00043491,1979,3,27,,,414.0,0.0,0.0,,,,,,,,,,,
USC00043491,1979,3,28,,,127.0,0.0,0.0,,,,,,,,,,,
USC00043491,1979,3,29,,,10.0,0.0,0.0,,,,,,,,,,,
USC00043491,1979,3,3,,,58.0,0.0,0.0,,,,,,,,,,,
USC00043491,1979,3,30,,,0.0,0.0,0.0,,,,,,,,,,,
USC00043491,1979,3,31,,,0.0,0.0,0.0,,,,,,,,,,,
USC00043491,1979,3,4,,,0.0,0.0,0.0,,,,,,,,,,,
USC00043491,1979,3,5,,,0.0,0.0,0.0,,,,,,,,,,,
USC00043491,1979,3,6,,,0.0,0.0,0.0,,,,,,,,,,,
USC00043491,1979,3,7,,,0.0,0.0,0.0,,,,,,,,,,,
USC00043491,1979,3,8,,,0.0,0.0,0.0,,,,,,,,,,,
USC00043491,1979,3,9,,,0.0,0.0,0.0,,,,,,,,,,,
USC00043491,1979,4,1,,,0.0,0.0,0.0,,,,,,,,,,,
USC00043491,1979,4,10,,,0.0,0.0,0.0,,,,,,,,,,,
USC00043491,1979,4,11,,,30.0,0.0,0.0,,,,,,,,,,,
USC00043491,1979,4,12,,,0.0,0.0,0.0,,,,,,,,,,,
USC00043491,1979,4,13,,,0.0,0.0,0.0,,,,,,,,,,,
USC00043491,1979,4,14,,,0.0,0.0,0.0,,,,,,,,,,,
USC00043491,1979,4,15,,,0.0,0.0,0.0,,,,,,,,,,,
USC00043491,1979,4,16,,,58.0,0.0,0.0,,,,,,,,,,,
USC00043491,1979,4,17,,,191.0,0.0,0.0,,,,,,,,,,,
USC00043491,1979,4,18,,,58.0,0.0,0.0,,,,,,,,,,,
USC00043491,1979,4,19,,,0.0,0.0,0.0,,,,,,,,,,,
USC00043491,1979,4,2,,,0.0,0.0,0.0,,,,,,,,,,,
USC00043491,1979,4,20,,,0.0,0.0,0.0,,,,,,,,,,,
USC00043491,1979,4,21,,,0.0,0.0,0.0,,,,,,,,,,,
USC00043491,1979,4,22,,,46.0,0.0,0.0,,,,,,,,,,,
USC00043491,1979,4,23,,,188.0,0.0,0.0,,,,,,,,,,,
USC00043491,1979,4,24,,,61.0,0.0,0.0,,,,,,,,,,,
USC00043491,1979,4,25,,,0.0,0.0,0.0,,,,,,,,,,,
USC00043491,1979,4,26,,,183.0,0.0,0.0,,,,,,,,,,,
USC00043491,1979,4,27,,,89.0,0.0,0.0,,,,,,,,,,,
USC00043491,1979,4,28,,,0.0,0.0,0.0,,,,,,,,,,,
USC00043491,1979,4,29,,,0.0,0.0,0.0,,,,,,,,,,,
USC00043491,1979,4,3,,,0.0,0.0,0.0,,,,,,,,,,,
USC00043491,1979,4,30,,,0.0,0.0,0.0,,,,,,,,,,,
USC00043491,1979,4,31,,,-9999.0,-9999.0,-9999.0,,,,,,,,,,,
USC00043491,1979,4,4,,,0.0,0.0,0.0,,,,,,,,,,,
USC00043491,1979,4,5,,,0.0,0.0,0.0,,,,,,,,,,,
USC00043491,1979,4,6,,,196.0,0.0,0.0,,,,,,,,,,,
USC00043491,1979,4,7,,,3.0,0.0,0.0,,,,,,,,,,,
USC00043491,1979,4,8,,,0.0,0.0,0.0,,,,,,,,,,,
USC00043491,1979,4,9,,,15.0,0.0,0.0,,,,,,,,,,,
USC00043491,1979,5,1,,,0.0,0.0,0.0,,,,,,,,,,,
USC00043491,1979,5,10,,,0.0,0.0,0.0,,,,,,,,,,,
USC00043491,1979,5,11,,,0.0,0.0,0.0,,,,,,,,,,,
USC00043491,1979,5,12,,,0.0,0.0,0.0,,,,,,,,,,,
USC00043491,1979,5,13,,,0.0,0.0,0.0,,,,,,,,,,,
USC00043491,1979,5,14,,,0.0,0.0,0.0,,,,,,,,,,,
USC00043491,1979,5,15,,,0.0,0.0,0.0,,,,,,,,,,,
USC00043491,1979,5,16,,,0.0,0.0,0.0,,,,,,,,,,,
USC00043491,1979,5,17,,,0.0,0.0,0.0,,,,,,,,,,,
USC00043491,1979,5,18,,,0.0,0.0,0.0,,,,,,,,,,,
USC00043491,1979,5,19,,,0.0,0.0,0.0,,,,,,,,,,,
USC00043491,1979,5,2,,,0.0,0.0,0.0,,,,,,,,,,,
USC00043491,1979,5,20,,,0.0,0.0,0.0,,,,,,,,,,,
USC00043491,1979,5,21,,,0.0,0.0,0.0,,,,,,,,,,,
USC00043491,1979,5,22,,,0.0,0.0,0.0,,,,,,,,,,,
USC00043491,1979,5,23,,,0.0,0.0,0.0,,,,,,,,,,,
USC00043491,1979,5,24,,,0.0,0.0,0.0,,,,,,,,,,,
USC00043491,1979,5,25,,,0.0,0.0,0.0,,,,,,,,,,,
USC00043491,1979,5,26,,,0.0,0.0,0.0,,,,,,,,,,,
USC00043491,1979,5,27,,,0.0,0.0,0.0,,,,,,,,,,,
USC00043491,1979,5,28,,,0.0,0.0,0.0,,,,,,,,,,,
USC00043491,1979,5,29,,,0.0,0.0,0.0,,,,,,,,,,,
USC00043491,1979,5,3,,,0.0,0.0,0.0,,,,,,,,,,,
USC00043491,1979,5,30,,,0.0,0.0,0.0,,,,,,,,,,,
USC00043491,1979,5,31,,,0.0,0.0,0.0,,,,,,,,,,,
USC00043491,1979,5,4,,,0.0,0.0,0.0,,,,,,,,,,,
USC00043491,1979,5,5,,,315.0,0.0,0.0,,,,,,,,,,,
USC00043491,1979,5,6,,,10.0,0.0,0.0,,,,,,,,,,,
USC00043491,1979,5,7,,,284.0,0.0,0.0,,,,,,,,,,,
USC00043491,1979,5,8,,,191.0,0.0,0.0,,,,,,,,,,,
USC00043491,1979,5,9,,,0.0,0.0,0.0,,,,,,,,,,,
USC00043491,1979,6,1,,,0.0,0.0,0.0,,,,,,,,,,,
USC00043491,1979,6,10,,,0.0,0.0,0.0,,,,,,,,,,,
USC00043491,1979,6,11,,,0.0,0.0,0.0,,,,,,,,,,,
USC00043491,1979,6,12,,,0.0,0.0,0.0,,,,,,,,,,,
USC00043491,1979,6,13,,,0.0,0.0,0.0,,,,,,,,,,,
USC00043491,1979,6,14,,,0.0,0.0,0.0,,,,,,,,,,,
USC00043491,1979,6,15,,,0.0,0.0,0.0,,,,,,,,,,,
USC00043491,1979,6,16,,,0.0,0.0,0.0,,,,,,,,,,,
USC00043491,1979,6,17,,,0.0,0.0,0.0,,,,,,,,,,,
USC00043491,1979,6,18,,,0.0,0.0,0.0,,,,,,,,,,,
USC00043491,1979,6,19,,,0.0,0.0,0.0,,,,,,,,,,,
USC00043491,1979,6,2,,,0.0,0.0,0.0,,,,,,,,,,,
USC00043491,1979,6,20,,,0.0,0.0,0.0,,,,,,,,,,,
USC00043491,1979,6,21,,,0.0,0.0,0.0,,,,,,,,,,,
USC00043491,1979,6,22,,,0.0,0.0,0.0,,,,,,,,,,,
USC00043491,1979,6,23,,,0.0,0.0,0.0,,,,,,,,,,,
USC00043491,1979,6,24,,,0.0,0.0,0.0,,,,,,,,,,,
USC00043491,1979,6,25,,,0.0,0.0,0.0,,,,,,,,,,,
USC00043491,1979,6,26,,,0.0,0.0,0.0,,,,,,,,,,,
USC00043491,1979,6,27,,,0.0,0.0,0.0,,,,,,,,,,,
USC00043491,1979,6,28,,,0.0,0.0,0.0,,,,,,,,,,,
USC00043491,1979,6,29,,,0.0,0.0,0.0,,,,,,,,,,,
USC00043491,1979,6,3,,,0.0,0.0,0.0,,,,,,,,,,,
USC00043491,1979,6,30,,,0.0,0.0,0.0,,,,,,,,,,,
USC00043491,1979,6,31,,,-9999.0,-9999.0,-9999.0,,,,,,,,,,,
USC00043491,1979,6,4,,,0.0,0.0,0.0,,,,,,,,,,,
USC00043491,1979,6,5,,,0.0,0.0,0.0,,,,,,,,,,,
USC00043491,1979,6,6,,,0.0,0.0,0.0,,,,,,,,,,,
USC00043491,1979,6,7,,,0.0,0.0,0.0,,,,,,,,,,,
USC00043491,1979,6,8,,,0.0,0.0,0.0,,,,,,,,,,,
USC00043491,1979,6,9,,,0.0,0.0,0.0,,,,,,,,,,,
USC00043491,1979,7,1,,,0.0,0.0,0.0,,,,,,,,,,,
USC00043491,1979,7,10,,,0.0,0.0,0.0,,,,,,,,,,,
USC00043491,1979,7,11,,,0.0,0.0,0.0,,,,,,,,,,,
USC00043491,1979,7,12,,,0.0,0.0,0.0,,,,,,,,,,,
USC00043491,1979,7,13,,,0.0,0.0,0.0,,,,,,,,,,,
USC00043491,1979,7,14,,,0.0,0.0,0.0,,,,,,,,,,,
USC00043491,1979,7,15,,,0.0,0.0,0.0,,,,,,,,,,,
USC00043491,1979,7,16,,,0.0,0.0,0.0,,,,,,,,,,,
USC00043491,1979,7,17,,,0.0,0.0,0.0,,,,,,,,,,,
USC00043491,1979,7,18,,,0.0,0.0,0.0,,,,,,,,,,,
USC00043491,1979,7,19,,,0.0,0.0,0.0,,,,,,,,,,,
USC00043491,1979,7,2,,,0.0,0.0,0.0,,,,,,,,,,,
USC00043491,1979,7,20,,,0.0,0.0,0.0,,,,,,,,,,,
USC00043491,1979,7,21,,,157.0,0.0,0.0,,,,,,,,,,,
USC00043491,1979,7,22,,,3.0,0.0,0.0,,,,,,,,,,,
USC00043491,1979,7,23,,,0.0,0.0,0.0,,,,,,,,,,,
USC00043491,1979,7,24,,,0.0,0.0,0.0,,,,,,,,,,,
USC00043491,1979,7,25,,,0.0,0.0,0.0,,,,,,,,,,,
USC00043491,1979,7,26,,,0.0,0.0,0.0,,,,,,,,,,,
USC00043491,1979,7,27,,,0.0,0.0,0.0,,,,,,,,,,,
USC00043491,1979,7,28,,,0.0,0.0,0.0,,,,,,,,,,,
USC00043491,1979,7,29,,,0.0,0.0,0.0,,,,,,,,,,,
USC00043491,1979,7,3,,,0.0,0.0,0.0,,,,,,,,,,,
USC00043491,1979,7,30,,,0.0,0.0,0.0,,,,,,,,,,,
USC00043491,1979,7,31,,,0.0,0.0,0.0,,,,,,,,,,,
USC00043491,1979,7,4,,,0.0,0.0,0.0,,,,,,,,,,,
USC00043491,1979,7,5,,,0.0,0.0,0.0,,,,,,,,,,,
USC00043491,1979,7,6,,,0.0,0.0,0.0,,,,,,,,,,,
USC00043491,1979,7,7,,,0.0,0.0,0.0,,,,,,,,,,,
USC00043491,1979,7,8,,,0.0,0.0,0.0,,,,,,,,,,,
USC00043491,1979,7,9,,,0.0,0.0,0.0,,,,,,,,,,,
USC00043491,1979,8,1,,,0.0,0.0,0.0,,,,,,,,,,,
USC00043491,1979,8,10,,,0.0,0.0,0.0,,,,,,,,,,,
USC00043491,1979,8,11,,,0.0,0.0,0.0,,,,,,,,,,,
USC00043491,1979,8,12,,,0.0,0.0,0.0,,,,,,,,,,,
USC00043491,1979,8,13,,,0.0,0.0,0.0,,,,,,,,,,,
USC00043491,1979,8,14,,,0.0,0.0,0.0,,,,,,,,,,,
USC00043491,1979,8,15,,,0.0,0.0,0.0,,,,,,,,,,,
USC00043491,1979,8,16,,,0.0,0.0,0.0,,,,,,,,,,,
USC00043491,1979,8,17,,,0.0,0.0,0.0,,,,,,,,,,,
USC00043491,1979,8,18,,,0.0,0.0,0.0,,,,,,,,,,,
USC00043491,1979,8,19,,,0.0,0.0,0.0,,,,,,,,,,,
USC00043491,1979,8,2,,,0.0,0.0,0.0,,,,,,,,,,,
USC00043491,1979,8,20,,,0.0,0.0,0.0,,,,,,,,,,,
USC00043491,1979,8,21,,,0.0,0.0,0.0,,,,,,,,,,,
USC00043491,1979,8,22,,,0.0,0.0,0.0,,,,,,,,,,,
USC00043491,1979,8,23,,,0.0,0.0,0.0,,,,,,,,,,,
USC00043491,1979,8,24,,,0.0,0.0,0.0,,,,,,,,,,,
USC00043491,1979,8,25,,,0.0,0.0,0.0,,,,,,,,,,,
USC00043491,1979,8,26,,,0.0,0.0,0.0,,,,,,,,,,,
USC00043491,1979,8,27,,,0.0,0.0,0.0,,,,,,,,,,,
USC00043491,1979,8,28,,,0.0,0.0,0.0,,,,,,,,,,,
USC00043491,1979,8,29,,,10.0,0.0,0.0,,,,,,,,,,,
USC00043491,1979,8,3,,,0.0,0.0,0.0,,,,,,,,,,,
USC00043491,1979,8,30,,,0.0,0.0,0.0,,,,,,,,,,,
USC00043491,1979,8,31,,,0.0,0.0,0.0,,,,,,,,,,,
USC00043491,1979,8,4,,,0.0,0.0,0.0,,,,,,,,,,,
USC00043491,1979,8,5,,,0.0,0.0,0.0,,,,,,,,,,,
USC00043491,1979,8,6,,,0.0,0.0,0.0,,,,,,,,,,,
USC00043491,1979,8,7,,,0.0,0.0,0.0,,,,,,,,,,,
USC00043491,1979,8,8,,,0.0,0.0,0.0,,,,,,,,,,,
USC00043491,1979,8,9,,,0.0,0.0,0.0,,,,,,,,,,,
USC00043491,1979,9,1,,,0.0,0.0,0.0,,,,,,,,,,,
USC00043491,1979,9,10,,,0.0,0.0,0.0,,,,,,,,,,,
USC00043491,1979,9,11,,,0.0,0.0,0.0,,,,,,,,,,,
USC00043491,1979,9,12,,,0.0,0.0,0.0,,,,,,,,,,,
USC00043491,1979,9,13,,,0.0,0.0,0.0,,,,,,,,,,,
USC00043491,1979,9,14,,,0.0,0.0,0.0,,,,,,,,,,,
USC00043491,1979,9,15,,,0.0,0.0,0.0,,,,,,,,,,,
USC00043491,1979,9,16,,,0.0,0.0,0.0,,,,,,,,,,,
USC00043491,1979,9,17,,,0.0,0.0,0.0,,,,,,,,,,,
USC00043491,1979,9,18,,,0.0,0.0,0.0,,,,,,,,,,,
USC00043491,1979,9,19,,,0.0,0.0,0.0,,,,,,,,,,,
USC00043491,1979,9,2,,,0.0,0.0,0.0,,,,,,,,,,,
USC00043491,1979,9,20,,,0.0,0.0,0.0,,,,,,,,,,,
USC00043491,1979,9,21,,,0.0,0.0,0.0,,,,,,,,,,,
USC00043491,1979,9,22,,,0.0,0.0,0.0,,,,,,,,,,,
USC00043491,1979,9,23,,,0.0,0.0,0.0,,,,,,,,,,,
USC00043491,1979,9,24,,,0.0,0.0,0.0,,,,,,,,,,,
USC00043491,1979,9,25,,,13.0,0.0,0.0,,,,,,,,,,,
USC00043491,1979,9,26,,,0.0,0.0,0.0,,,,,,,,,,,
USC00043491,1979,9,27,,,0.0,0.0,0.0,,,,,,,,,,,
USC00043491,1979,9,28,,,0.0,0.0,0.0,,,,,,,,,,,
USC00043491,1979,9,29,,,0.0,0.0,0.0,,,,,,,,,,,
USC00043491,1979,9,3,,,0.0,0.0,0.0,,,,,,,,,,,
USC00043491,1979,9,30,,,0.0,0.0,0.0,,,,,,,,,,,
USC00043491,1979,9,31,,,-9999.0,-9999.0,-9999.0,,,,,,,,,,,
USC00043491,1979,9,4,,,0.0,0.0,0.0,,,,,,,,,,,
USC00043491,1979,9,5,,,0.0,0.0,0.0,,,,,,,,,,,
USC00043491,1979,9,6,,,0.0,0.0,0.0,,,,,,,,,,,
USC00043491,1979,9,7,,,0.0,0.0,0.0,,,,,,,,,,,
USC00043491,1979,9,8,,,0.0,0.0,0.0,,,,,,,,,,,
USC00043491,1979,9,9,,,0.0,0.0,0.0,,,,,,,,,,,
USC00043491,1979,10,1,,,0.0,0.0,0.0,,,,,,,,,,,
USC00043491,1979,10,10,,,0.0,0.0,0.0,,,,,,,,,,,
USC00043491,1979,10,11,,,0.0,0.0,0.0,,,,,,,,,,,
USC00043491,1979,10,12,,,0.0,0.0,0.0,,,,,,,,,,,
USC00043491,1979,10,13,,,0.0,0.0,0.0,,,,,,,,,,,
USC00043491,1979,10,14,,,160.0,0.0,0.0,,,,,,,,,,,
USC00043491,1979,10,15,,,56.0,0.0,0.0,,,,,,,,,,,
USC00043491,1979,10,16,,,0.0,0.0,0.0,,,,,,,,,,,
USC00043491,1979,10,17,,,0.0,0.0,0.0,,,,,,,,,,,
USC00043491,1979,10,18,,,23.0,0.0,0.0,,,,,,,,,,,
USC00043491,1979,10,19,,,704.0,0.0,0.0,,,,,,,,,,,
USC00043491,1979,10,2,,,0.0,0.0,0.0,,,,,,,,,,,
USC00043491,1979,10,20,,,221.0,0.0,0.0,,,,,,,,,,,
USC00043491,1979,10,21,,,61.0,0.0,0.0,,,,,,,,,,,
USC00043491,1979,10,22,,,0.0,0.0,0.0,,,,,,,,,,,
USC00043491,1979,10,23,,,0.0,0.0,0.0,,,,,,,,,,,
USC00043491,1979,10,24,,,0.0,0.0,0.0,,,,,,,,,,,
USC00043491,1979,10,25,,,460.0,0.0,0.0,,,,,,,,,,,
USC00043491,1979,10,26,,,0.0,0.0,0.0,,,,,,,,,,,
USC00043491,1979,10,27,,,0.0,0.0,0.0,,,,,,,,,,,
USC00043491,1979,10,28,,,8.0,0.0,0.0,,,,,,,,,,,
USC00043491,1979,10,29,,,0.0,0.0,0.0,,,,,,,,,,,
USC00043491,1979,10,3,,,0.0,0.0,0.0,,,,,,,,,,,
USC00043491,1979,10,30,,,3.0,0.0,0.0,,,,,,,,,,,
USC00043491,1979,10,31,,,0.0,0.0,0.0,,,,,,,,,,,
USC00043491,1979,10,4,,,0.0,0.0,0.0,,,,,,,,,,,
USC00043491,1979,10,5,,,0.0,0.0,0.0,,,,,,,,,,,
USC00043491,1979,10,6,,,0.0,0.0,0.0,,,,,,,,,,,
USC00043491,1979,10,7,,,0.0,0.0,0.0,,,,,,,,,,,
USC00043491,1979,10,8,,,0.0,0.0,0.0,,,,,,,,,,,
USC00043491,1979,10,9,,,0.0,0.0,0.0,,,,,,,,,,,
USC00043491,1979,11,1,,,0.0,0.0,0.0,,,,,,,,,,,
USC00043491,1979,11,10,,,0.0,0.0,0.0,,,,,,,,,,,
USC00043491,1979,11,11,,,0.0,0.0,0.0,,,,,,,,,,,
USC00043491,1979,11,12,,,0.0,0.0,0.0,,,,,,,,,,,
USC00043491,1979,11,13,,,0.0,0.0,0.0,,,,,,,,,,,
USC00043491,1979,11,14,,,0.0,0.0,0.0,,,,,,,,,,,
USC00043491,1979,11,15,,,0.0,0.0,0.0,,,,,,,,,,,
USC00043491,1979,11,16,,,0.0,0.0,0.0,,,,,,,,,,,
USC00043491,1979,11,17,,,312.0,0.0,0.0,,,,,,,,,,,
USC00043491,1979,11,18,,,127.0,0.0,0.0,,,,,,,,,,,
USC00043491,1979,11,19,,,0.0,0.0,0.0,,,,,,,,,,,
USC00043491,1979,11,2,,,0.0,0.0,0.0,,,,,,,,,,,
USC00043491,1979,11,20,,,0.0,0.0,0.0,,,,,,,,,,,
USC00043491,1979,11,21,,,0.0,0.0,0.0,,,,,,,,,,,
USC00043491,1979,11,22,,,25.0,0.0,0.0,,,,,,,,,,,
USC00043491,1979,11,23,,,173.0,0.0,0.0,,,,,,,,,,,
USC00043491,1979,11,24,,,224.0,0.0,0.0,,,,,,,,,,,
USC00043491,1979,11,25,,,145.0,0.0,0.0,,,,,,,,,,,
USC00043491,1979,11,26,,,196.0,0.0,0.0,,,,,,,,,,,
USC00043491,1979,11,27,,,0.0,0.0,0.0,,,,,,,,,,,
USC00043491,1979,11,28,,,0.0,0.0,0.0,,,,,,,,,,,
USC00043491,1979,11,29,,,0.0,0.0,0.0,,,,,,,,,,,
USC00043491,1979,11,3,,,170.0,0.0,0.0,,,,,,,,,,,
USC00043491,1979,11,30,,,0.0,0.0,0.0,,,,,,,,,,,
USC00043491,1979,11,31,,,-9999.0,-9999.0,-9999.0,,,,,,,,,,,
USC00043491,1979,11,4,,,196.0,0.0,0.0,,,,,,,,,,,
USC00043491,1979,11,5,,,0.0,0.0,0.0,,,,,,,,,,,
USC00043491,1979,11,6,,,0.0,0.0,0.0,,,,,,,,,,,
USC00043491,1979,11,7,,,0.0,0.0,0.0,,,,,,,,,,,
USC00043491,1979,11,8,,,0.0,0.0,0.0,,,,,,,,,,,
USC00043491,1979,11,9,,,0.0,0.0,0.0,,,,,,,,,,,
USC00043491,1979,12,1,,,0.0,,,,,,,,,,,,,
USC00043491,1979,12,10,,,0.0,,,,,,,,,,,,,
USC00043491,1979,12,11,,,0.0,,,,,,,,,,,,,
USC00043491,1979,12,12,,,0.0,,,,,,,,,,,,,
USC00043491,1979,12,13,,,0.0,,,,,,,,,,,,,
USC00043491,1979,12,14,,,0.0,,,,,,,,,,,,,
USC00043491,1979,12,15,,,0.0,,,,,,,,,,,,,
USC00043491,1979,12,16,,,0.0,,,,,,,,,,,,,
USC00043491,1979,12,17,,,0.0,,,,,,,,,,,,,
USC00043491,1979,12,18,,,0.0,,,,,,,,,,,,,
USC00043491,1979,12,19,,,76.0,,,,,,,,,,,,,
USC00043491,1979,12,2,,,0.0,,,,,,,,,,,,,
USC00043491,1979,12,20,,,51.0,,,,,,,,,,,,,
USC00043491,1979,12,21,,,523.0,,,,,,,,,,,,,
USC00043491,1979,12,22,,,0.0,,,,,,,,,,,,,
USC00043491,1979,12,23,,,102.0,,,,,,,,,,,,,
USC00043491,1979,12,24,,,564.0,,,,,,,,,,,,,
USC00043491,1979,12,25,,,605.0,,,,,,,,,,,,,
USC00043491,1979,12,26,,,0.0,,,,,,,,,,,,,
USC00043491,1979,12,27,,,0.0,,,,,,,,,,,,,
USC00043491,1979,12,28,,,0.0,,,,,,,,,,,,,
USC00043491,1979,12,29,,,0.0,,,,,,,,,,,,,
USC00043491,1979,12,3,,,0.0,,,,,,,,,,,,,
USC00043491,1979,12,30,,,361.0,,,,,,,,,,,,,
USC00043491,1979,12,31,,,508.0,,,,,,,,,,,,,
USC00043491,1979,12,4,,,0.0,,,,,,,,,,,,,
USC00043491,1979,12,5,,,0.0,,,,,,,,,,,,,
USC00043491,1979,12,6,,,0.0,,,,,,,,,,,,,
USC00043491,1979,12,7,,,0.0,,,,,,,,,,,,,
USC00043491,1979,12,8,,,0.0,,,,,,,,,,,,,
USC00043491,1979,12,9,,,0.0,,,,,,,,,,,,,
USC00043491,1980,1,1,,,36.0,,,,,,,,,,,,,
USC00043491,1980,1,10,,,180.0,,,,,,,,,,,,,
USC00043491,1980,1,11,,,264.0,,,,,,,,,,,,,
USC00043491,1980,1,12,,,1224.0,,,,,,,,,,,,,
USC00043491,1980,1,13,,,856.0,,,,,,,,,,,,,
USC00043491,1980,1,14,,,386.0,,,,,,,,,,,,,
USC00043491,1980,1,15,,,371.0,,,,,,,,,,,,,
USC00043491,1980,1,16,,,503.0,,,,,,,,,,,,,
USC00043491,1980,1,17,,,71.0,,,,,,,,,,,,,
USC00043491,1980,1,18,,,10.0,,,,,,,,,,,,,
USC00043491,1980,1,19,,,0.0,,,,,,,,,,,,,
USC00043491,1980,1,2,,,0.0,,,,,,,,,,,,,
USC00043491,1980,1,20,,,0.0,,,,,,,,,,,,,
USC00043491,1980,1,21,,,0.0,,,,,,,,,,,,,
USC00043491,1980,1,22,,,0.0,,,,,,,,,,,,,
USC00043491,1980,1,23,,,0.0,,,,,,,,,,,,,
USC00043491,1980,1,24,,,0.0,,,,,,,,,,,,,
USC00043491,1980,1,25,,,0.0,,,,,,,,,,,,,
USC00043491,1980,1,26,,,0.0,,,,,,,,,,,,,
USC00043491,1980,1,27,,,43.0,,,,,,,,,,,,,
USC00043491,1980,1,28,,,163.0,,,,,,,,,,,,,
USC00043491,1980,1,29,,,0.0,,,,,,,,,,,,,
USC00043491,1980,1,3,,,0.0,,,,,,,,,,,,,
USC00043491,1980,1,30,,,0.0,,,,,,,,,,,,,
USC00043491,1980,1,31,,,0.0,,,,,,,,,,,,,
USC00043491,1980,1,4,,,0.0,,,,,,,,,,,,,
USC00043491,1980,1,5,,,0.0,,,,,,,,,,,,,
USC00043491,1980,1,6,,,0.0,,,,,,,,,,,,,
USC00043491,1980,1,7,,,18.0,,,,,,,,,,,,,
USC00043491,1980,1,8,,,10.0,,,,,,,,,,,,,
USC00043491,1980,1,9,,,462.0,,,,,,,,,,,,,
USC00043491,1980,2,1,,,0.0,,,,,,,,,,,,,
USC00043491,1980,2,10,,,0.0,,,,,,,,,,,,,
USC00043491,1980,2,11,,,0.0,,,,,,,,,,,,,
USC00043491,1980,2,12,,,0.0,,,,,,,,,,,,,
USC00043491,1980,2,13,,,0.0,,,,,,,,,,,,,
USC00043491,1980,2,14,,,249.0,,,,,,,,,,,,,
USC00043491,1980,2,15,,,508.0,,,,,,,,,,,,,
USC00043491,1980,2,16,,,226.0,,,,,,,,,,,,,
USC00043491,1980,2,17,,,505.0,,,,,,,,,,,,,
USC00043491,1980,2,18,,,833.0,,,,,,,,,,,,,
USC00043491,1980,2,19,,,879.0,,,,,,,,,,,,,
USC00043491,1980,2,2,,,0.0,,,,,,,,,,,,,
USC00043491,1980,2,20,,,178.0,,,,,,,,,,,,,
USC00043491,1980,2,21,,,526.0,,,,,,,,,,,,,
USC00043491,1980,2,22,,,180.0,,,,,,,,,,,,,
USC00043491,1980,2,23,,,8.0,,,,,,,,,,,,,
USC00043491,1980,2,24,,,0.0,,,,,,,,,,,,,
USC00043491,1980,2,25,,,0.0,,,,,,,,,,,,,
USC00043491,1980,2,26,,,0.0,,,,,,,,,,,,,
USC00043491,1980,2,27,,,0.0,,,,,,,,,,,,,
USC00043491,1980,2,28,,,353.0,,,,,,,,,,,,,
USC00043491,1980,2,29,,,0.0,,,,,,,,,,,,,
USC00043491,1980,2,3,,,38.0,,,,,,,,,,,,,
USC00043491,1980,2,30,,,-9999.0,,,,,,,,,,,,,
USC00043491,1980,2,31,,,-9999.0,,,,,,,,,,,,,
USC00043491,1980,2,4,,,0.0,,,,,,,,,,,,,
USC00043491,1980,2,5,,,0.0,,,,,,,,,,,,,
USC00043491,1980,2,6,,,10.0,,,,,,,,,,,,,
USC00043491,1980,2,7,,,0.0,,,,,,,,,,,,,
USC00043491,1980,2,8,,,0.0,,,,,,,,,,,,,
USC00043491,1980,2,9,,,0.0,,,,,,,,,,,,,
USC00043491,1980,3,1,,,0.0,0.0,0.0,,,,,,,,,,,
USC00043491,1980,3,10,,,0.0,0.0,0.0,,,,,,,,,,,
USC00043491,1980,3,11,,,89.0,0.0,0.0,,,,,,,,,,,
USC00043491,1980,3,12,,,0.0,0.0,0.0,,,,,,,,,,,
USC00043491,1980,3,13,,,0.0,0.0,0.0,,,,,,,,,,,
USC00043491,1980,3,14,,,30.0,0.0,0.0,,,,,,,,,,,
USC00043491,1980,3,15,,,173.0,0.0,0.0,,,,,,,,,,,
USC00043491,1980,3,16,,,0.0,0.0,0.0,,,,,,,,,,,
USC00043491,1980,3,17,,,0.0,0.0,0.0,,,,,,,,,,,
USC00043491,1980,3,18,,,89.0,0.0,0.0,,,,,,,,,,,
USC00043491,1980,3,19,,,0.0,0.0,0.0,,,,,,,,,,,
USC00043491,1980,3,2,,,56.0,0.0,0.0,,,,,,,,,,,
USC00043491,1980,3,20,,,8.0,0.0,0.0,,,,,,,,,,,
USC00043491,1980,3,21,,,33.0,0.0,0.0,,,,,,,,,,,
USC00043491,1980,3,22,,,0.0,0.0,0.0,,,,,,,,,,,
USC00043491,1980,3,23,,,0.0,0.0,0.0,,,,,,,,,,,
USC00043491,1980,3,24,,,0.0,0.0,0.0,,,,,,,,,,,
USC00043491,1980,3,25,,,0.0,0.0,0.0,,,,,,,,,,,
USC00043491,1980,3,26,,,0.0,0.0,0.0,,,,,,,,,,,
USC00043491,1980,3,27,,,0.0,0.0,0.0,,,,,,,,,,,
USC00043491,1980,3,28,,,0.0,0.0,0.0,,,,,,,,,,,
USC00043491,1980,3,29,,,0.0,0.0,0.0,,,,,,,,,,,
USC00043491,1980,3,3,,,99.0,0.0,0.0,,,,,,,,,,,
USC00043491,1980,3,30,,,0.0,0.0,0.0,,,,,,,,,,,
USC00043491,1980,3,31,,,0.0,0.0,0.0,,,,,,,,,,,
USC00043491,1980,3,4,,,114.0,0.0,0.0,,,,,,,,,,,
USC00043491,1980,3,5,,,312.0,0.0,0.0,,,,,,,,,,,
USC00043491,1980,3,6,,,361.0,0.0,0.0,,,,,,,,,,,
USC00043491,1980,3,7,,,0.0,0.0,0.0,,,,,,,,,,,
USC00043491,1980,3,8,,,0.0,0.0,0.0,,,,,,,,,,,
USC00043491,1980,3,9,,,0.0,0.0,0.0,,,,,,,,,,,
USC00043491,1980,4,1,,,20.0,0.0,0.0,,,,,,,,,,,
USC00043491,1980,4,10,,,0.0,0.0,0.0,,,,,,,,,,,
USC00043491,1980,4,11,,,0.0,0.0,0.0,,,,,,,,,,,
USC00043491,1980,4,12,,,0.0,0.0,0.0,,,,,,,,,,,
USC00043491,1980,4,13,,,0.0,0.0,0.0,,,,,,,,,,,
USC00043491,1980,4,14,,,3.0,0.0,0.0,,,,,,,,,,,
USC00043491,1980,4,15,,,0.0,0.0,0.0,,,,,,,,,,,
USC00043491,1980,4,16,,,0.0,0.0,0.0,,,,,,,,,,,
USC00043491,1980,4,17,,,0.0,0.0,0.0,,,,,,,,,,,
USC00043491,1980,4,18,,,0.0,0.0,0.0,,,,,,,,,,,
USC00043491,1980,4,19,,,0.0,0.0,0.0,,,,,,,,,,,
USC00043491,1980,4,2,,,0.0,0.0,0.0,,,,,,,,,,,
USC00043491,1980,4,20,,,94.0,0.0,0.0,,,,,,,,,,,
USC00043491,1980,4,21,,,94.0,0.0,0.0,,,,,,,,,,,
USC00043491,1980,4,22,,,18.0,0.0,0.0,,,,,,,,,,,
USC00043491,1980,4,23,,,3.0,0.0,0.0,,,,,,,,,,,
USC00043491,1980,4,24,,,0.0,0.0,0.0,,,,,,,,,,,
USC00043491,1980,4,25,,,0.0,0.0,0.0,,,,,,,,,,,
USC00043491,1980,4,26,,,0.0,0.0,0.0,,,,,,,,,,,
USC00043491,1980,4,27,,,0.0,0.0,0.0,,,,,,,,,,,
USC00043491,1980,4,28,,,0.0,0.0,0.0,,,,,,,,,,,
USC00043491,1980,4,29,,,0.0,0.0,0.0,,,,,,,,,,,
USC00043491,1980,4,3,,,0.0,0.0,0.0,,,,,,,,,,,
USC00043491,1980,4,30,,,0.0,0.0,0.0,,,,,,,,,,,
USC00043491,1980,4,31,,,-9999.0,-9999.0,-9999.0,,,,,,,,,,,
USC00043491,1980,4,4,,,0.0,0.0,0.0,,,,,,,,,,,
USC00043491,1980,4,5,,,404.0,0.0,0.0,,,,,,,,,,,
USC00043491,1980,4,6,,,221.0,0.0,0.0,,,,,,,,,,,
USC00043491,1980,4,7,,,5.0,0.0,0.0,,,,,,,,,,,
USC00043491,1980,4,8,,,0.0,0.0,0.0,,,,,,,,,,,
USC00043491,1980,4,9,,,8.0,0.0,0.0,,,,,,,,,,,
USC00043491,1980,5,1,,,0.0,0.0,0.0,,,,,,,,,,,
USC00043491,1980,5,10,,,330.0,0.0,0.0,,,,,,,,,,,
USC00043491,1980,5,11,,,5.0,0.0,0.0,,,,,,,,,,,
USC00043491,1980,5,12,,,23.0,0.0,0.0,,,,,,,,,,,
USC00043491,1980,5,13,,,0.0,0.0,0.0,,,,,,,,,,,
USC00043491,1980,5,14,,,0.0,0.0,0.0,,,,,,,,,,,
USC00043491,1980,5,15,,,0.0,0.0,0.0,,,,,,,,,,,
USC00043491,1980,5,16,,,0.0,0.0,0.0,,,,,,,,,,,
USC00043491,1980,5,17,,,0.0,0.0,0.0,,,,,,,,,,,
USC00043491,1980,5,18,,,0.0,0.0,0.0,,,,,,,,,,,
USC00043491,1980,5,19,,,0.0,0.0,0.0,,,,,,,,,,,
USC00043491,1980,5,2,,,0.0,0.0,0.0,,,,,,,,,,,
USC00043491,1980,5,20,,,0.0,0.0,0.0,,,,,,,,,,,
USC00043491,1980,5,21,,,0.0,0.0,0.0,,,,,,,,,,,
USC00043491,1980,5,22,,,0.0,0.0,0.0,,,,,,,,,,,
USC00043491,1980,5,23,,,0.0,0.0,0.0,,,,,,,,,,,
USC00043491,1980,5,24,,,18.0,0.0,0.0,,,,,,,,,,,
USC00043491,1980,5,25,,,0.0,0.0,0.0,,,,,,,,,,,
USC00043491,1980,5,26,,,0.0,0.0,0.0,,,,,,,,,,,
USC00043491,1980,5,27,,,0.0,0.0,0.0,,,,,,,,,,,
USC00043491,1980,5,28,,,0.0,0.0,0.0,,,,,,,,,,,
USC00043491,1980,5,29,,,0.0,0.0,0.0,,,,,,,,,,,
USC00043491,1980,5,3,,,0.0,0.0,0.0,,,,,,,,,,,
USC00043491,1980,5,30,,,0.0,0.0,0.0,,,,,,,,,,,
USC00043491,1980,5,31,,,3.0,0.0,0.0,,,,,,,,,,,
USC00043491,1980,5,4,,,0.0,0.0,0.0,,,,,,,,,,,
USC00043491,1980,5,5,,,0.0,0.0,0.0,,,,,,,,,,,
USC00043491,1980,5,6,,,0.0,0.0,0.0,,,,,,,,,,,
USC00043491,1980,5,7,,,0.0,0.0,0.0,,,,,,,,,,,
USC00043491,1980,5,8,,,0.0,0.0,0.0,,,,,,,,,,,
USC00043491,1980,5,9,,,366.0,0.0,0.0,,,,,,,,,,,
USC00043491,1980,6,1,,,0.0,0.0,0.0,,,,,,,,,,,
USC00043491,1980,6,10,,,0.0,0.0,0.0,,,,,,,,,,,
USC00043491,1980,6,11,,,0.0,0.0,0.0,,,,,,,,,,,
USC00043491,1980,6,12,,,0.0,0.0,0.0,,,,,,,,,,,
USC00043491,1980,6,13,,,0.0,0.0,0.0,,,,,,,,,,,
USC00043491,1980,6,14,,,5.0,0.0,0.0,,,,,,,,,,,
USC00043491,1980,6,15,,,0.0,0.0,0.0,,,,,,,,,,,
USC00043491,1980,6,16,,,0.0,0.0,0.0,,,,,,,,,,,
USC00043491,1980,6,17,,,0.0,0.0,0.0,,,,,,,,,,,
USC00043491,1980,6,18,,,0.0,0.0,0.0,,,,,,,,,,,
USC00043491,1980,6,19,,,0.0,0.0,0.0,,,,,,,,,,,
USC00043491,1980,6,2,,,0.0,0.0,0.0,,,,,,,,,,,
USC00043491,1980,6,20,,,0.0,0.0,0.0,,,,,,,,,,,
USC00043491,1980,6,21,,,0.0,0.0,0.0,,,,,,,,,,,
USC00043491,1980,6,22,,,0.0,0.0,0.0,,,,,,,,,,,
USC00043491,1980,6,23,,,0.0,0.0,0.0,,,,,,,,,,,
USC00043491,1980,6,24,,,0.0,0.0,0.0,,,,,,,,,,,
USC00043491,1980,6,25,,,0.0,0.0,0.0,,,,,,,,,,,
USC00043491,1980,6,26,,,0.0,0.0,0.0,,,,,,,,,,,
USC00043491,1980,6,27,,,0.0,0.0,0.0,,,,,,,,,,,
USC00043491,1980,6,28,,,0.0,0.0,0.0,,,,,,,,,,,
USC00043491,1980,6,29,,,0.0,0.0,0.0,,,,,,,,,,,
USC00043491,1980,6,3,,,0.0,0.0,0.0,,,,,,,,,,,
USC00043491,1980,6,30,,,0.0,0.0,0.0,,,,,,,,,,,
USC00043491,1980,6,31,,,-9999.0,-9999.0,-9999.0,,,,,,,,,,,
USC00043491,1980,6,4,,,74.0,0.0,0.0,,,,,,,,,,,
USC00043491,1980,6,5,,,0.0,0.0,0.0,,,,,,,,,,,
USC00043491,1980,6,6,,,0.0,0.0,0.0,,,,,,,,,,,
USC00043491,1980,6,7,,,0.0,0.0,0.0,,,,,,,,,,,
USC00043491,1980,6,8,,,0.0,0.0,0.0,,,,,,,,,,,
USC00043491,1980,6,9,,,0.0,0.0,0.0,,,,,,,,,,,
USC00043491,1980,7,1,,,0.0,0.0,0.0,,,,,,,,,,,
USC00043491,1980,7,10,,,0.0,0.0,0.0,,,,,,,,,,,
USC00043491,1980,7,11,,,0.0,0.0,0.0,,,,,,,,,,,
USC00043491,1980,7,12,,,0.0,0.0,0.0,,,,,,,,,,,
USC00043491,1980,7,13,,,0.0,0.0,0.0,,,,,,,,,,,
USC00043491,1980,7,14,,,0.0,0.0,0.0,,,,,,,,,,,
USC00043491,1980,7,15,,,0.0,0.0,0.0,,,,,,,,,,,
USC00043491,1980,7,16,,,0.0,0.0,0.0,,,,,,,,,,,
USC00043491,1980,7,17,,,0.0,0.0,0.0,,,,,,,,,,,
USC00043491,1980,7,18,,,0.0,0.0,0.0,,,,,,,,,,,
USC00043491,1980,7,19,,,0.0,0.0,0.0,,,,,,,,,,,
USC00043491,1980,7,2,,,224.0,0.0,0.0,,,,,,,,,,,
USC00043491,1980,7,20,,,0.0,0.0,0.0,,,,,,,,,,,
USC00043491,1980,7,21,,,0.0,0.0,0.0,,,,,,,,,,,
USC00043491,1980,7,22,,,0.0,0.0,0.0,,,,,,,,,,,
USC00043491,1980,7,23,,,0.0,0.0,0.0,,,,,,,,,,,
USC00043491,1980,7,24,,,0.0,0.0,0.0,,,,,,,,,,,
USC00043491,1980,7,25,,,0.0,0.0,0.0,,,,,,,,,,,
USC00043491,1980,7,26,,,0.0,0.0,0.0,,,,,,,,,,,
USC00043491,1980,7,27,,,0.0,0.0,0.0,,,,,,,,,,,
USC00043491,1980,7,28,,,0.0,0.0,0.0,,,,,,,,,,,
USC00043491,1980,7,29,,,0.0,0.0,0.0,,,,,,,,,,,
USC00043491,1980,7,3,,,13.0,0.0,0.0,,,,,,,,,,,
USC00043491,1980,7,30,,,0.0,0.0,0.0,,,,,,,,,,,
USC00043491,1980,7,31,,,0.0,0.0,0.0,,,,,,,,,,,
USC00043491,1980,7,4,,,0.0,0.0,0.0,,,,,,,,,,,
USC00043491,1980,7,5,,,0.0,0.0,0.0,,,,,,,,,,,
USC00043491,1980,7,6,,,0.0,0.0,0.0,,,,,,,,,,,
USC00043491,1980,7,7,,,0.0,0.0,0.0,,,,,,,,,,,
USC00043491,1980,7,8,,,0.0,0.0,0.0,,,,,,,,,,,
USC00043491,1980,7,9,,,0.0,0.0,0.0,,,,,,,,,,,
USC00043491,1980,8,1,,,0.0,0.0,0.0,,,,,,,,,,,
USC00043491,1980,8,10,,,0.0,0.0,0.0,,,,,,,,,,,
USC00043491,1980,8,11,,,0.0,0.0,0.0,,,,,,,,,,,
USC00043491,1980,8,12,,,0.0,0.0,0.0,,,,,,,,,,,
USC00043491,1980,8,13,,,0.0,0.0,0.0,,,,,,,,,,,
USC00043491,1980,8,14,,,0.0,0.0,0.0,,,,,,,,,,,
USC00043491,1980,8,15,,,0.0,0.0,0.0,,,,,,,,,,,
USC00043491,1980,8,16,,,0.0,0.0,0.0,,,,,,,,,,,
USC00043491,1980,8,17,,,0.0,0.0,0.0,,,,,,,,,,,
USC00043491,1980,8,18,,,0.0,0.0,0.0,,,,,,,,,,,
USC00043491,1980,8,19,,,0.0,0.0,0.0,,,,,,,,,,,
USC00043491,1980,8,2,,,0.0,0.0,0.0,,,,,,,,,,,
USC00043491,1980,8,20,,,0.0,0.0,0.0,,,,,,,,,,,
USC00043491,1980,8,21,,,0.0,0.0,0.0,,,,,,,,,,,
USC00043491,1980,8,22,,,0.0,0.0,0.0,,,,,,,,,,,
USC00043491,1980,8,23,,,0.0,0.0,0.0,,,,,,,,,,,
USC00043491,1980,8,24,,,15.0,0.0,0.0,,,,,,,,,,,
USC00043491,1980,8,25,,,0.0,0.0,0.0,,,,,,,,,,,
USC00043491,1980,8,26,,,0.0,0.0,0.0,,,,,,,,,,,
USC00043491,1980,8,27,,,0.0,0.0,0.0,,,,,,,,,,,
USC00043491,1980,8,28,,,0.0,0.0,0.0,,,,,,,,,,,
USC00043491,1980,8,29,,,0.0,0.0,0.0,,,,,,,,,,,
USC00043491,1980,8,3,,,0.0,0.0,0.0,,,,,,,,,,,
USC00043491,1980,8,30,,,0.0,0.0,0.0,,,,,,,,,,,
USC00043491,1980,8,31,,,0.0,0.0,0.0,,,,,,,,,,,
USC00043491,1980,8,4,,,0.0,0.0,0.0,,,,,,,,,,,
USC00043491,1980,8,5,,,0.0,0.0,0.0,,,,,,,,,,,
USC00043491,1980,8,6,,,0.0,0.0,0.0,,,,,,,,,,,
USC00043491,1980,8,7,,,0.0,0.0,0.0,,,,,,,,,,,
USC00043491,1980,8,8,,,0.0,0.0,0.0,,,,,,,,,,,
USC00043491,1980,8,9,,,0.0,0.0,0.0,,,,,,,,,,,
USC00043491,1980,9,1,,,0.0,0.0,0.0,,,,,,,,,,,
USC00043491,1980,9,10,,,0.0,0.0,0.0,,,,,,,,,,,
USC00043491,1980,9,11,,,0.0,0.0,0.0,,,,,,,,,,,
USC00043491,1980,9,12,,,0.0,0.0,0.0,,,,,,,,,,,
USC00043491,1980,9,13,,,0.0,0.0,0.0,,,,,,,,,,,
USC00043491,1980,9,14,,,0.0,0.0,0.0,,,,,,,,,,,
USC00043491,1980,9,15,,,0.0,0.0,0.0,,,,,,,,,,,
USC00043491,1980,9,16,,,0.0,0.0,0.0,,,,,,,,,,,
USC00043491,1980,9,17,,,0.0,0.0,0.0,,,,,,,,,,,
USC00043491,1980,9,18,,,0.0,0.0,0.0,,,,,,,,,,,
USC00043491,1980,9,19,,,0.0,0.0,0.0,,,,,,,,,,,
USC00043491,1980,9,2,,,0.0,0.0,0.0,,,,,,,,,,,
USC00043491,1980,9,20,,,0.0,0.0,0.0,,,,,,,,,,,
USC00043491,1980,9,21,,,0.0,0.0,0.0,,,,,,,,,,,
USC00043491,1980,9,22,,,0.0,0.0,0.0,,,,,,,,,,,
USC00043491,1980,9,23,,,0.0,0.0,0.0,,,,,,,,,,,
USC00043491,1980,9,24,,,0.0,0.0,0.0,,,,,,,,,,,
USC00043491,1980,9,25,,,0.0,0.0,0.0,,,,,,,,,,,
USC00043491,1980,9,26,,,0.0,0.0,0.0,,,,,,,,,,,
USC00043491,1980,9,27,,,0.0,0.0,0.0,,,,,,,,,,,
USC00043491,1980,9,28,,,0.0,0.0,0.0,,,,,,,,,,,
USC00043491,1980,9,29,,,0.0,0.0,0.0,,,,,,,,,,,
USC00043491,1980,9,3,,,0.0,0.0,0.0,,,,,,,,,,,
USC00043491,1980,9,30,,,0.0,0.0,0.0,,,,,,,,,,,
USC00043491,1980,9,31,,,-9999.0,-9999.0,-9999.0,,,,,,,,,,,
USC00043491,1980,9,4,,,0.0,0.0,0.0,,,,,,,,,,,
USC00043491,1980,9,5,,,0.0,0.0,0.0,,,,,,,,,,,
USC00043491,1980,9,6,,,0.0,0.0,0.0,,,,,,,,,,,
USC00043491,1980,9,7,,,0.0,0.0,0.0,,,,,,,,,,,
USC00043491,1980,9,8,,,3.0,0.0,0.0,,,,,,,,,,,
USC00043491,1980,9,9,,,3.0,0.0,0.0,,,,,,,,,,,
USC00043491,1980,10,1,,,0.0,0.0,0.0,,,,,,,,,,,
USC00043491,1980,10,10,,,0.0,0.0,0.0,,,,,,,,,,,
USC00043491,1980,10,11,,,0.0,0.0,0.0,,,,,,,,,,,
USC00043491,1980,10,12,,,107.0,0.0,0.0,,,,,,,,,,,
USC00043491,1980,10,13,,,30.0,0.0,0.0,,,,,,,,,,,
USC00043491,1980,10,14,,,20.0,0.0,0.0,,,,,,,,,,,
USC00043491,1980,10,15,,,0.0,0.0,0.0,,,,,,,,,,,
USC00043491,1980,10,16,,,0.0,0.0,0.0,,,,,,,,,,,
USC00043491,1980,10,17,,,0.0,0.0,0.0,,,,,,,,,,,
USC00043491,1980,10,18,,,0.0,0.0,0.0,,,,,,,,,,,
USC00043491,1980,10,19,,,0.0,0.0,0.0,,,,,,,,,,,
USC00043491,1980,10,2,,,0.0,0.0,0.0,,,,,,,,,,,
USC00043491,1980,10,20,,,0.0,0.0,0.0,,,,,,,,,,,
USC00043491,1980,10,21,,,0.0,0.0,0.0,,,,,,,,,,,
USC00043491,1980,10,22,,,0.0,0.0,0.0,,,,,,,,,,,
USC00043491,1980,10,23,,,0.0,0.0,0.0,,,,,,,,,,,
USC00043491,1980,10,24,,,0.0,0.0,0.0,,,,,,,,,,,
USC00043491,1980,10,25,,,76.0,0.0,0.0,,,,,,,,,,,
USC00043491,1980,10,26,,,20.0,0.0,0.0,,,,,,,,,,,
USC00043491,1980,10,27,,,0.0,0.0,0.0,,,,,,,,,,,
USC00043491,1980,10,28,,,0.0,0.0,0.0,,,,,,,,,,,
USC00043491,1980,10,29,,,0.0,0.0,0.0,,,,,,,,,,,
USC00043491,1980,10,3,,,0.0,0.0,0.0,,,,,,,,,,,
USC00043491,1980,10,30,,,0.0,0.0,0.0,,,,,,,,,,,
USC00043491,1980,10,31,,,0.0,0.0,0.0,,,,,,,,,,,
USC00043491,1980,10,4,,,0.0,0.0,0.0,,,,,,,,,,,
USC00043491,1980,10,5,,,0.0,0.0,0.0,,,,,,,,,,,
USC00043491,1980,10,6,,,0.0,0.0,0.0,,,,,,,,,,,
USC00043491,1980,10,7,,,0.0,0.0,0.0,,,,,,,,,,,
USC00043491,1980,10,8,,,0.0,0.0,0.0,,,,,,,,,,,
USC00043491,1980,10,9,,,0.0,0.0,0.0,,,,,,,,,,,
USC00043491,1980,11,1,,,0.0,0.0,0.0,,,,,,,,,,,
USC00043491,1980,11,10,,,0.0,0.0,0.0,,,,,,,,,,,
USC00043491,1980,11,11,,,0.0,0.0,0.0,,,,,,,,,,,
USC00043491,1980,11,12,,,0.0,0.0,0.0,,,,,,,,,,,
USC00043491,1980,11,13,,,0.0,0.0,0.0,,,,,,,,,,,
USC00043491,1980,11,14,,,0.0,0.0,0.0,,,,,,,,,,,
USC00043491,1980,11,15,,,0.0,0.0,0.0,,,,,,,,,,,
USC00043491,1980,11,16,,,0.0,0.0,0.0,,,,,,,,,,,
USC00043491,1980,11,17,,,0.0,0.0,0.0,,,,,,,,,,,
USC00043491,1980,11,18,,,0.0,0.0,0.0,,,,,,,,,,,
USC00043491,1980,11,19,,,0.0,0.0,0.0,,,,,,,,,,,
USC00043491,1980,11,2,,,0.0,0.0,0.0,,,,,,,,,,,
USC00043491,1980,11,20,,,0.0,0.0,0.0,,,,,,,,,,,
USC00043491,1980,11,21,,,0.0,0.0,0.0,,,,,,,,,,,
USC00043491,1980,11,22,,,10.0,0.0,0.0,,,,,,,,,,,
USC00043491,1980,11,23,,,51.0,0.0,0.0,,,,,,,,,,,
USC00043491,1980,11,24,,,10.0,0.0,0.0,,,,,,,,,,,
USC00043491,1980,11,25,,,0.0,0.0,0.0,,,,,,,,,,,
USC00043491,1980,11,26,,,0.0,0.0,0.0,,,,,,,,,,,
USC00043491,1980,11,27,,,0.0,0.0,0.0,,,,,,,,,,,
USC00043491,1980,11,28,,,0.0,0.0,0.0,,,,,,,,,,,
USC00043491,1980,11,29,,,0.0,0.0,0.0,,,,,,,,,,,
USC00043491,1980,11,3,,,0.0,0.0,0.0,,,,,,,,,,,
USC00043491,1980,11,30,,,257.0,0.0,0.0,,,,,,,,,,,
USC00043491,1980,11,31,,,-9999.0,-9999.0,-9999.0,,,,,,,,,,,
USC00043491,1980,11,4,,,0.0,0.0,0.0,,,,,,,,,,,
USC00043491,1980,11,5,,,0.0,0.0,0.0,,,,,,,,,,,
USC00043491,1980,11,6,,,0.0,0.0,0.0,,,,,,,,,,,
USC00043491,1980,11,7,,,122.0,0.0,0.0,,,,,,,,,,,
USC00043491,1980,11,8,,,191.0,0.0,0.0,,,,,,,,,,,
USC00043491,1980,11,9,,,0.0,0.0,0.0,,,,,,,,,,,
USC00043491,1980,12,1,,,0.0,0.0,0.0,,,,,,,,,,,
USC00043491,1980,12,10,,,0.0,0.0,0.0,,,,,,,,,,,
USC00043491,1980,12,11,,,0.0,0.0,0.0,,,,,,,,,,,
USC00043491,1980,12,12,,,0.0,0.0,0.0,,,,,,,,,,,
USC00043491,1980,12,13,,,0.0,0.0,0.0,,,,,,,,,,,
USC00043491,1980,12,14,,,0.0,0.0,0.0,,,,,,,,,,,
USC00043491,1980,12,15,,,0.0,0.0,0.0,,,,,,,,,,,
USC00043491,1980,12,16,,,0.0,0.0,0.0,,,,,,,,,,,
USC00043491,1980,12,17,,,0.0,0.0,0.0,,,,,,,,,,,
USC00043491,1980,12,18,,,0.0,0.0,0.0,,,,,,,,,,,
USC00043491,1980,12,19,,,0.0,0.0,0.0,,,,,,,,,,,
USC00043491,1980,12,2,,,51.0,0.0,0.0,,,,,,,,,,,
USC00043491,1980,12,20,,,0.0,0.0,0.0,,,,,,,,,,,
USC00043491,1980,12,21,,,183.0,0.0,0.0,,,,,,,,,,,
USC00043491,1980,12,22,,,46.0,0.0,0.0,,,,,,,,,,,
USC00043491,1980,12,23,,,0.0,0.0,0.0,,,,,,,,,,,
USC00043491,1980,12,24,,,0.0,0.0,0.0,,,,,,,,,,,
USC00043491,1980,12,25,,,0.0,0.0,0.0,,,,,,,,,,,
USC00043491,1980,12,26,,,0.0,0.0,0.0,,,,,,,,,,,
USC00043491,1980,12,27,,,0.0,0.0,0.0,,,,,,,,,,,
USC00043491,1980,12,28,,,0.0,0.0,0.0,,,,,,,,,,,
USC00043491,1980,12,29,,,0.0,0.0,0.0,,,,,,,,,,,
USC00043491,1980,12,3,,,183.0,0.0,0.0,,,,,,,,,,,
USC00043491,1980,12,30,,,0.0,0.0,0.0,,,,,,,,,,,
USC00043491,1980,12,31,,,0.0,0.0,0.0,,,,,,,,,,,
USC00043491,1980,12,4,,,554.0,0.0,0.0,,,,,,,,,,,
USC00043491,1980,12,5,,,0.0,0.0,0.0,,,,,,,,,,,
USC00043491,1980,12,6,,,0.0,0.0,0.0,,,,,,,,,,,
USC00043491,1980,12,7,,,0.0,0.0,0.0,,,,,,,,,,,
USC00043491,1980,12,8,,,0.0,0.0,0.0,,,,,,,,,,,
USC00043491,1980,12,9,,,0.0,0.0,0.0,,,,,,,,,,,
USC00043491,1981,1,1,,,0.0,0.0,0.0,,,,,,,,,,,
USC00043491,1981,1,10,,,0.0,0.0,0.0,,,,,,,,,,,
USC00043491,1981,1,11,,,0.0,0.0,0.0,,,,,,,,,,,
USC00043491,1981,1,12,,,0.0,0.0,0.0,,,,,,,,,,,
USC00043491,1981,1,13,,,0.0,0.0,0.0,,,,,,,,,,,
USC00043491,1981,1,14,,,0.0,0.0,0.0,,,,,,,,,,,
USC00043491,1981,1,15,,,0.0,0.0,0.0,,,,,,,,,,,
USC00043491,1981,1,16,,,71.0,0.0,0.0,,,,,,,,,,,
USC00043491,1981,1,17,,,18.0,0.0,0.0,,,,,,,,,,,
USC00043491,1981,1,18,,,0.0,0.0,0.0,,,,,,,,,,,
USC00043491,1981,1,19,,,18.0,0.0,0.0,,,,,,,,,,,
USC00043491,1981,1,2,,,0.0,0.0,0.0,,,,,,,,,,,
USC00043491,1981,1,20,,,0.0,0.0,0.0,,,,,,,,,,,
USC00043491,1981,1,21,,,5.0,0.0,0.0,,,,,,,,,,,
USC00043491,1981,1,22,,,15.0,0.0,0.0,,,,,,,,,,,
USC00043491,1981,1,23,,,493.0,0.0,0.0,,,,,,,,,,,
USC00043491,1981,1,24,,,196.0,0.0,0.0,,,,,,,,,,,
USC00043491,1981,1,25,,,0.0,0.0,0.0,,,,,,,,,,,
USC00043491,1981,1,26,,,53.0,0.0,0.0,,,,,,,,,,,
USC00043491,1981,1,27,,,940.0,0.0,0.0,,,,,,,,,,,
USC00043491,1981,1,28,,,495.0,0.0,0.0,,,,,,,,,,,
USC00043491,1981,1,29,,,538.0,0.0,0.0,,,,,,,,,,,
USC00043491,1981,1,3,,,18.0,0.0,0.0,,,,,,,,,,,
USC00043491,1981,1,30,,,234.0,0.0,0.0,,,,,,,,,,,
USC00043491,1981,1,31,,,0.0,0.0,0.0,,,,,,,,,,,
USC00043491,1981,1,4,,,170.0,0.0,0.0,,,,,,,,,,,
USC00043491,1981,1,5,,,0.0,0.0,0.0,,,,,,,,,,,
USC00043491,1981,1,6,,,0.0,0.0,0.0,,,,,,,,,,,
USC00043491,1981,1,7,,,0.0,0.0,0.0,,,,,,,,,,,
USC00043491,1981,1,8,,,0.0,0.0,0.0,,,,,,,,,,,
USC00043491,1981,1,9,,,0.0,0.0,0.0,,,,,,,,,,,
USC00043491,1981,2,1,,,0.0,0.0,0.0,,,,,,,,,,,
USC00043491,1981,2,10,,,0.0,0.0,0.0,,,,,,,,,,,
USC00043491,1981,2,11,,,46.0,0.0,0.0,,,,,,,,,,,
USC00043491,1981,2,12,,,0.0,0.0,0.0,,,,,,,,,,,
USC00043491,1981,2,13,,,135.0,0.0,0.0,,,,,,,,,,,
USC00043491,1981,2,14,,,196.0,0.0,0.0,,,,,,,,,,,
USC00043491,1981,2,15,,,0.0,0.0,0.0,,,,,,,,,,,
USC00043491,1981,2,16,,,23.0,0.0,0.0,,,,,,,,,,,
USC00043491,1981,2,17,,,66.0,0.0,0.0,,,,,,,,,,,
USC00043491,1981,2,18,,,0.0,0.0,0.0,,,,,,,,,,,
USC00043491,1981,2,19,,,15.0,0.0,0.0,,,,,,,,,,,
USC00043491,1981,2,2,,,0.0,0.0,0.0,,,,,,,,,,,
USC00043491,1981,2,20,,,0.0,0.0,0.0,,,,,,,,,,,
USC00043491,1981,2,21,,,0.0,0.0,0.0,,,,,,,,,,,
USC00043491,1981,2,22,,,0.0,0.0,0.0,,,,,,,,,,,
USC00043491,1981,2,23,,,0.0,0.0,0.0,,,,,,,,,,,
USC00043491,1981,2,24,,,361.0,0.0,0.0,,,,,,,,,,,
USC00043491,1981,2,25,,,76.0,0.0,0.0,,,,,,,,,,,
USC00043491,1981,2,26,,,8.0,0.0,0.0,,,,,,,,,,,
USC00043491,1981,2,27,,,0.0,0.0,0.0,,,,,,,,,,,
USC00043491,1981,2,28,,,0.0,0.0,0.0,,,,,,,,,,,
USC00043491,1981,2,29,,,-9999.0,-9999.0,-9999.0,,,,,,,,,,,
USC00043491,1981,2,3,,,0.0,0.0,0.0,,,,,,,,,,,
USC00043491,1981,2,30,,,-9999.0,-9999.0,-9999.0,,,,,,,,,,,
USC00043491,1981,2,31,,,-9999.0,-9999.0,-9999.0,,,,,,,,,,,
USC00043491,1981,2,4,,,0.0,0.0,0.0,,,,,,,,,,,
USC00043491,1981,2,5,,,0.0,0.0,0.0,,,,,,,,,,,
USC00043491,1981,2,6,,,0.0,0.0,0.0,,,,,,,,,,,
USC00043491,1981,2,7,,,0.0,0.0,0.0,,,,,,,,,,,
USC00043491,1981,2,8,,,0.0,0.0,0.0,,,,,,,,,,,
USC00043491,1981,2,9,,,20.0,0.0,0.0,,,,,,,,,,,
USC00043491,1981,3,1,,,28.0,0.0,0.0,,,,,,,,,,,
USC00043491,1981,3,10,,,0.0,0.0,0.0,,,,,,,,,,,
USC00043491,1981,3,11,,,0.0,0.0,0.0,,,,,,,,,,,
USC00043491,1981,3,12,,,0.0,0.0,0.0,,,,,,,,,,,
USC00043491,1981,3,13,,,30.0,0.0,0.0,,,,,,,,,,,
USC00043491,1981,3,14,,,0.0,0.0,0.0,,,,,,,,,,,
USC00043491,1981,3,15,,,48.0,0.0,0.0,,,,,,,,,,,
USC00043491,1981,3,16,,,234.0,0.0,0.0,,,,,,,,,,,
USC00043491,1981,3,17,,,0.0,0.0,0.0,,,,,,,,,,,
USC00043491,1981,3,18,,,10.0,0.0,0.0,,,,,,,,,,,
USC00043491,1981,3,19,,,419.0,0.0,0.0,,,,,,,,,,,
USC00043491,1981,3,2,,,0.0,0.0,0.0,,,,,,,,,,,
USC00043491,1981,3,20,,,292.0,0.0,0.0,,,,,,,,,,,
USC00043491,1981,3,21,,,234.0,0.0,0.0,,,,,,,,,,,
USC00043491,1981,3,22,,,13.0,0.0,0.0,,,,,,,,,,,
USC00043491,1981,3,23,,,0.0,0.0,0.0,,,,,,,,,,,
USC00043491,1981,3,24,,,0.0,0.0,0.0,,,,,,,,,,,
USC00043491,1981,3,25,,,569.0,0.0,0.0,,,,,,,,,,,
USC00043491,1981,3,26,,,86.0,0.0,0.0,,,,,,,,,,,
USC00043491,1981,3,27,,,5.0,0.0,0.0,,,,,,,,,,,
USC00043491,1981,3,28,,,0.0,0.0,0.0,,,,,,,,,,,
USC00043491,1981,3,29,,,33.0,0.0,0.0,,,,,,,,,,,
USC00043491,1981,3,3,,,0.0,0.0,0.0,,,,,,,,,,,
USC00043491,1981,3,30,,,13.0,0.0,0.0,,,,,,,,,,,
USC00043491,1981,3,31,,,0.0,0.0,0.0,,,,,,,,,,,
USC00043491,1981,3,4,,,231.0,0.0,0.0,,,,,,,,,,,
USC00043491,1981,3,5,,,114.0,0.0,0.0,,,,,,,,,,,
USC00043491,1981,3,6,,,0.0,0.0,0.0,,,,,,,,,,,
USC00043491,1981,3,7,,,0.0,0.0,0.0,,,,,,,,,,,
USC00043491,1981,3,8,,,0.0,0.0,0.0,,,,,,,,,,,
USC00043491,1981,3,9,,,0.0,0.0,0.0,,,,,,,,,,,
USC00043491,1981,4,1,,,43.0,0.0,0.0,,,,,,,,,,,
USC00043491,1981,4,10,,,0.0,0.0,0.0,,,,,,,,,,,
USC00043491,1981,4,11,,,0.0,0.0,0.0,,,,,,,,,,,
USC00043491,1981,4,12,,,0.0,0.0,0.0,,,,,,,,,,,
USC00043491,1981,4,13,,,0.0,0.0,0.0,,,,,,,,,,,
USC00043491,1981,4,14,,,0.0,0.0,0.0,,,,,,,,,,,
USC00043491,1981,4,15,,,0.0,0.0,0.0,,,,,,,,,,,
USC00043491,1981,4,16,,,0.0,0.0,0.0,,,,,,,,,,,
USC00043491,1981,4,17,,,0.0,0.0,0.0,,,,,,,,,,,
USC00043491,1981,4,18,,,20.0,0.0,0.0,,,,,,,,,,,
USC00043491,1981,4,19,,,292.0,0.0,0.0,,,,,,,,,,,
USC00043491,1981,4,2,,,0.0,0.0,0.0,,,,,,,,,,,
USC00043491,1981,4,20,,,10.0,0.0,0.0,,,,,,,,,,,
USC00043491,1981,4,21,,,0.0,0.0,0.0,,,,,,,,,,,
USC00043491,1981,4,22,,,0.0,0.0,0.0,,,,,,,,,,,
USC00043491,1981,4,23,,,0.0,0.0,0.0,,,,,,,,,,,
USC00043491,1981,4,24,,,0.0,0.0,0.0,,,,,,,,,,,
USC00043491,1981,4,25,,,0.0,0.0,0.0,,,,,,,,,,,
USC00043491,1981,4,26,,,66.0,0.0,0.0,,,,,,,,,,,
USC00043491,1981,4,27,,,0.0,0.0,0.0,,,,,,,,,,,
USC00043491,1981,4,28,,,0.0,0.0,0.0,,,,,,,,,,,
USC00043491,1981,4,29,,,0.0,0.0,0.0,,,,,,,,,,,
USC00043491,1981,4,3,,,0.0,0.0,0.0,,,,,,,,,,,
USC00043491,1981,4,30,,,0.0,0.0,0.0,,,,,,,,,,,
USC00043491,1981,4,31,,,-9999.0,-9999.0,-9999.0,,,,,,,,,,,
USC00043491,1981,4,4,,,0.0,0.0,0.0,,,,,,,,,,,
USC00043491,1981,4,5,,,0.0,0.0,0.0,,,,,,,,,,,
USC00043491,1981,4,6,,,0.0,0.0,0.0,,,,,,,,,,,
USC00043491,1981,4,7,,,0.0,0.0,0.0,,,,,,,,,,,
USC00043491,1981,4,8,,,0.0,0.0,0.0,,,,,,,,,,,
USC00043491,1981,4,9,,,0.0,0.0,0.0,,,,,,,,,,,
USC00043491,1981,5,1,,,0.0,0.0,0.0,,,,,,,,,,,
USC00043491,1981,5,10,,,0.0,0.0,0.0,,,,,,,,,,,
USC00043491,1981,5,11,,,0.0,0.0,0.0,,,,,,,,,,,
USC00043491,1981,5,12,,,0.0,0.0,0.0,,,,,,,,,,,
USC00043491,1981,5,13,,,0.0,0.0,0.0,,,,,,,,,,,
USC00043491,1981,5,14,,,3.0,0.0,0.0,,,,,,,,,,,
USC00043491,1981,5,15,,,0.0,0.0,0.0,,,,,,,,,,,
USC00043491,1981,5,16,,,3.0,0.0,0.0,,,,,,,,,,,
USC00043491,1981,5,17,,,0.0,0.0,0.0,,,,,,,,,,,
USC00043491,1981,5,18,,,290.0,0.0,0.0,,,,,,,,,,,
USC00043491,1981,5,19,,,71.0,0.0,0.0,,,,,,,,,,,
USC00043491,1981,5,2,,,0.0,0.0,0.0,,,,,,,,,,,
USC00043491,1981,5,20,,,3.0,0.0,0.0,,,,,,,,,,,
USC00043491,1981,5,21,,,0.0,0.0,0.0,,,,,,,,,,,
USC00043491,1981,5,22,,,0.0,0.0,0.0,,,,,,,,,,,
USC00043491,1981,5,23,,,0.0,0.0,0.0,,,,,,,,,,,
USC00043491,1981,5,24,,,0.0,0.0,0.0,,,,,,,,,,,
USC00043491,1981,5,25,,,48.0,0.0,0.0,,,,,,,,,,,
USC00043491,1981,5,26,,,41.0,0.0,0.0,,,,,,,,,,,
USC00043491,1981,5,27,,,137.0,0.0,0.0,,,,,,,,,,,
USC00043491,1981,5,28,,,0.0,0.0,0.0,,,,,,,,,,,
USC00043491,1981,5,29,,,0.0,0.0,0.0,,,,,,,,,,,
USC00043491,1981,5,3,,,0.0,0.0,0.0,,,,,,,,,,,
USC00043491,1981,5,30,,,0.0,0.0,0.0,,,,,,,,,,,
USC00043491,1981,5,31,,,0.0,0.0,0.0,,,,,,,,,,,
USC00043491,1981,5,4,,,0.0,0.0,0.0,,,,,,,,,,,
USC00043491,1981,5,5,,,0.0,0.0,0.0,,,,,,,,,,,
USC00043491,1981,5,6,,,0.0,0.0,0.0,,,,,,,,,,,
USC00043491,1981,5,7,,,0.0,0.0,0.0,,,,,,,,,,,
USC00043491,1981,5,8,,,0.0,0.0,0.0,,,,,,,,,,,
USC00043491,1981,5,9,,,0.0,0.0,0.0,,,,,,,,,,,
USC00043491,1981,6,1,,,0.0,0.0,0.0,,,,,,,,,,,
USC00043491,1981,6,10,,,0.0,0.0,0.0,,,,,,,,,,,
USC00043491,1981,6,11,,,0.0,0.0,0.0,,,,,,,,,,,
USC00043491,1981,6,12,,,0.0,0.0,0.0,,,,,,,,,,,
USC00043491,1981,6,13,,,0.0,0.0,0.0,,,,,,,,,,,
USC00043491,1981,6,14,,,0.0,0.0,0.0,,,,,,,,,,,
USC00043491,1981,6,15,,,0.0,0.0,0.0,,,,,,,,,,,
USC00043491,1981,6,16,,,0.0,0.0,0.0,,,,,,,,,,,
USC00043491,1981,6,17,,,0.0,0.0,0.0,,,,,,,,,,,
USC00043491,1981,6,18,,,0.0,0.0,0.0,,,,,,,,,,,
USC00043491,1981,6,19,,,0.0,0.0,0.0,,,,,,,,,,,
USC00043491,1981,6,2,,,5.0,0.0,0.0,,,,,,,,,,,
USC00043491,1981,6,20,,,0.0,0.0,0.0,,,,,,,,,,,
USC00043491,1981,6,21,,,0.0,0.0,0.0,,,,,,,,,,,
USC00043491,1981,6,22,,,0.0,0.0,0.0,,,,,,,,,,,
USC00043491,1981,6,23,,,0.0,0.0,0.0,,,,,,,,,,,
USC00043491,1981,6,24,,,0.0,0.0,0.0,,,,,,,,,,,
USC00043491,1981,6,25,,,0.0,0.0,0.0,,,,,,,,,,,
USC00043491,1981,6,26,,,0.0,0.0,0.0,,,,,,,,,,,
USC00043491,1981,6,27,,,0.0,0.0,0.0,,,,,,,,,,,
USC00043491,1981,6,28,,,0.0,0.0,0.0,,,,,,,,,,,
USC00043491,1981,6,29,,,0.0,0.0,0.0,,,,,,,,,,,
USC00043491,1981,6,3,,,0.0,0.0,0.0,,,,,,,,,,,
USC00043491,1981,6,30,,,0.0,0.0,0.0,,,,,,,,,,,
USC00043491,1981,6,31,,,-9999.0,-9999.0,-9999.0,,,,,,,,,,,
USC00043491,1981,6,4,,,0.0,0.0,0.0,,,,,,,,,,,
USC00043491,1981,6,5,,,0.0,0.0,0.0,,,,,,,,,,,
USC00043491,1981,6,6,,,0.0,0.0,0.0,,,,,,,,,,,
USC00043491,1981,6,7,,,0.0,0.0,0.0,,,,,,,,,,,
USC00043491,1981,6,8,,,0.0,0.0,0.0,,,,,,,,,,,
USC00043491,1981,6,9,,,0.0,0.0,0.0,,,,,,,,,,,
USC00043491,1981,7,1,,,0.0,0.0,0.0,,,,,,,,,,,
USC00043491,1981,7,10,,,0.0,0.0,0.0,,,,,,,,,,,
USC00043491,1981,7,11,,,0.0,0.0,0.0,,,,,,,,,,,
USC00043491,1981,7,12,,,0.0,0.0,0.0,,,,,,,,,,,
USC00043491,1981,7,13,,,0.0,0.0,0.0,,,,,,,,,,,
USC00043491,1981,7,14,,,0.0,0.0,0.0,,,,,,,,,,,
USC00043491,1981,7,15,,,0.0,0.0,0.0,,,,,,,,,,,
USC00043491,1981,7,16,,,0.0,0.0,0.0,,,,,,,,,,,
USC00043491,1981,7,17,,,0.0,0.0,0.0,,,,,,,,,,,
USC00043491,1981,7,18,,,0.0,0.0,0.0,,,,,,,,,,,
USC00043491,1981,7,19,,,0.0,0.0,0.0,,,,,,,,,,,
USC00043491,1981,7,2,,,0.0,0.0,0.0,,,,,,,,,,,
USC00043491,1981,7,20,,,0.0,0.0,0.0,,,,,,,,,,,
USC00043491,1981,7,21,,,0.0,0.0,0.0,,,,,,,,,,,
USC00043491,1981,7,22,,,0.0,0.0,0.0,,,,,,,,,,,
USC00043491,1981,7,23,,,0.0,0.0,0.0,,,,,,,,,,,
USC00043491,1981,7,24,,,0.0,0.0,0.0,,,,,,,,,,,
USC00043491,1981,7,25,,,0.0,0.0,0.0,,,,,,,,,,,
USC00043491,1981,7,26,,,0.0,0.0,0.0,,,,,,,,,,,
USC00043491,1981,7,27,,,0.0,0.0,0.0,,,,,,,,,,,
USC00043491,1981,7,28,,,0.0,0.0,0.0,,,,,,,,,,,
USC00043491,1981,7,29,,,0.0,0.0,0.0,,,,,,,,,,,
USC00043491,1981,7,3,,,0.0,0.0,0.0,,,,,,,,,,,
USC00043491,1981,7,30,,,0.0,0.0,0.0,,,,,,,,,,,
USC00043491,1981,7,31,,,0.0,0.0,0.0,,,,,,,,,,,
USC00043491,1981,7,4,,,0.0,0.0,0.0,,,,,,,,,,,
USC00043491,1981,7,5,,,0.0,0.0,0.0,,,,,,,,,,,
USC00043491,1981,7,6,,,0.0,0.0,0.0,,,,,,,,,,,
USC00043491,1981,7,7,,,0.0,0.0,0.0,,,,,,,,,,,
USC00043491,1981,7,8,,,0.0,0.0,0.0,,,,,,,,,,,
USC00043491,1981,7,9,,,0.0,0.0,0.0,,,,,,,,,,,
USC00043491,1981,8,1,,,0.0,0.0,0.0,,,,,,,,,,,
USC00043491,1981,8,10,,,0.0,0.0,0.0,,,,,,,,,,,
USC00043491,1981,8,11,,,0.0,0.0,0.0,,,,,,,,,,,
USC00043491,1981,8,12,,,0.0,0.0,0.0,,,,,,,,,,,
USC00043491,1981,8,13,,,0.0,0.0,0.0,,,,,,,,,,,
USC00043491,1981,8,14,,,0.0,0.0,0.0,,,,,,,,,,,
USC00043491,1981,8,15,,,0.0,0.0,0.0,,,,,,,,,,,
USC00043491,1981,8,16,,,0.0,0.0,0.0,,,,,,,,,,,
USC00043491,1981,8,17,,,0.0,0.0,0.0,,,,,,,,,,,
USC00043491,1981,8,18,,,0.0,0.0,0.0,,,,,,,,,,,
USC00043491,1981,8,19,,,0.0,0.0,0.0,,,,,,,,,,,
USC00043491,1981,8,2,,,0.0,0.0,0.0,,,,,,,,,,,
USC00043491,1981,8,20,,,0.0,0.0,0.0,,,,,,,,,,,
USC00043491,1981,8,21,,,0.0,0.0,0.0,,,,,,,,,,,
USC00043491,1981,8,22,,,0.0,0.0,0.0,,,,,,,,,,,
USC00043491,1981,8,23,,,0.0,0.0,0.0,,,,,,,,,,,
USC00043491,1981,8,24,,,0.0,0.0,0.0,,,,,,,,,,,
USC00043491,1981,8,25,,,0.0,0.0,0.0,,,,,,,,,,,
USC00043491,1981,8,26,,,0.0,0.0,0.0,,,,,,,,,,,
USC00043491,1981,8,27,,,0.0,0.0,0.0,,,,,,,,,,,
USC00043491,1981,8,28,,,0.0,0.0,0.0,,,,,,,,,,,
USC00043491,1981,8,29,,,0.0,0.0,0.0,,,,,,,,,,,
USC00043491,1981,8,3,,,0.0,0.0,0.0,,,,,,,,,,,
USC00043491,1981,8,30,,,0.0,0.0,0.0,,,,,,,,,,,
USC00043491,1981,8,31,,,0.0,0.0,0.0,,,,,,,,,,,
USC00043491,1981,8,4,,,0.0,0.0,0.0,,,,,,,,,,,
USC00043491,1981,8,5,,,0.0,0.0,0.0,,,,,,,,,,,
USC00043491,1981,8,6,,,0.0,0.0,0.0,,,,,,,,,,,
USC00043491,1981,8,7,,,0.0,0.0,0.0,,,,,,,,,,,
USC00043491,1981,8,8,,,0.0,0.0,0.0,,,,,,,,,,,
USC00043491,1981,8,9,,,0.0,0.0,0.0,,,,,,,,,,,
USC00043491,1981,9,1,,,0.0,0.0,0.0,,,,,,,,,,,
USC00043491,1981,9,10,,,0.0,0.0,0.0,,,,,,,,,,,
USC00043491,1981,9,11,,,0.0,0.0,0.0,,,,,,,,,,,
USC00043491,1981,9,12,,,0.0,0.0,0.0,,,,,,,,,,,
USC00043491,1981,9,13,,,0.0,0.0,0.0,,,,,,,,,,,
USC00043491,1981,9,14,,,0.0,0.0,0.0,,,,,,,,,,,
USC00043491,1981,9,15,,,0.0,0.0,0.0,,,,,,,,,,,
USC00043491,1981,9,16,,,0.0,0.0,0.0,,,,,,,,,,,
USC00043491,1981,9,17,,,0.0,0.0,0.0,,,,,,,,,,,
USC00043491,1981,9,18,,,0.0,0.0,0.0,,,,,,,,,,,
USC00043491,1981,9,19,,,0.0,0.0,0.0,,,,,,,,,,,
USC00043491,1981,9,2,,,0.0,0.0,0.0,,,,,,,,,,,
USC00043491,1981,9,20,,,0.0,0.0,0.0,,,,,,,,,,,
USC00043491,1981,9,21,,,0.0,0.0,0.0,,,,,,,,,,,
USC00043491,1981,9,22,,,0.0,0.0,0.0,,,,,,,,,,,
USC00043491,1981,9,23,,,0.0,0.0,0.0,,,,,,,,,,,
USC00043491,1981,9,24,,,5.0,0.0,0.0,,,,,,,,,,,
USC00043491,1981,9,25,,,310.0,0.0,0.0,,,,,,,,,,,
USC00043491,1981,9,26,,,0.0,0.0,0.0,,,,,,,,,,,
USC00043491,1981,9,27,,,0.0,0.0,0.0,,,,,,,,,,,
USC00043491,1981,9,28,,,58.0,0.0,0.0,,,,,,,,,,,
USC00043491,1981,9,29,,,0.0,0.0,0.0,,,,,,,,,,,
USC00043491,1981,9,3,,,0.0,0.0,0.0,,,,,,,,,,,
USC00043491,1981,9,30,,,0.0,0.0,0.0,,,,,,,,,,,
USC00043491,1981,9,31,,,-9999.0,-9999.0,-9999.0,,,,,,,,,,,
USC00043491,1981,9,4,,,0.0,0.0,0.0,,,,,,,,,,,
USC00043491,1981,9,5,,,0.0,0.0,0.0,,,,,,,,,,,
USC00043491,1981,9,6,,,0.0,0.0,0.0,,,,,,,,,,,
USC00043491,1981,9,7,,,0.0,0.0,0.0,,,,,,,,,,,
USC00043491,1981,9,8,,,0.0,0.0,0.0,,,,,,,,,,,
USC00043491,1981,9,9,,,0.0,0.0,0.0,,,,,,,,,,,
USC00043491,1981,10,1,,,0.0,0.0,0.0,,,,,,,,,,,
USC00043491,1981,10,10,,,211.0,0.0,0.0,,,,,,,,,,,
USC00043491,1981,10,11,,,191.0,0.0,0.0,,,,,,,,,,,
USC00043491,1981,10,12,,,13.0,0.0,0.0,,,,,,,,,,,
USC00043491,1981,10,13,,,0.0,0.0,0.0,,,,,,,,,,,
USC00043491,1981,10,14,,,0.0,0.0,0.0,,,,,,,,,,,
USC00043491,1981,10,15,,,0.0,0.0,0.0,,,,,,,,,,,
USC00043491,1981,10,16,,,0.0,0.0,0.0,,,,,,,,,,,
USC00043491,1981,10,17,,,0.0,0.0,0.0,,,,,,,,,,,
USC00043491,1981,10,18,,,0.0,0.0,0.0,,,,,,,,,,,
USC00043491,1981,10,19,,,0.0,0.0,0.0,,,,,,,,,,,
USC00043491,1981,10,2,,,0.0,0.0,0.0,,,,,,,,,,,
USC00043491,1981,10,20,,,0.0,0.0,0.0,,,,,,,,,,,
USC00043491,1981,10,21,,,0.0,0.0,0.0,,,,,,,,,,,
USC00043491,1981,10,22,,,0.0,0.0,0.0,,,,,,,,,,,
USC00043491,1981,10,23,,,0.0,0.0,0.0,,,,,,,,,,,
USC00043491,1981,10,24,,,0.0,0.0,0.0,,,,,,,,,,,
USC00043491,1981,10,25,,,0.0,0.0,0.0,,,,,,,,,,,
USC00043491,1981,10,26,,,0.0,0.0,0.0,,,,,,,,,,,
USC00043491,1981,10,27,,,38.0,0.0,0.0,,,,,,,,,,,
USC00043491,1981,10,28,,,597.0,0.0,0.0,,,,,,,,,,,
USC00043491,1981,10,29,,,203.0,0.0,0.0,,,,,,,,,,,
USC00043491,1981,10,3,,,119.0,0.0,0.0,,,,,,,,,,,
USC00043491,1981,10,30,,,0.0,0.0,0.0,,,,,,,,,,,
USC00043491,1981,10,31,,,0.0,0.0,0.0,,,,,,,,,,,
USC00043491,1981,10,4,,,0.0,0.0,0.0,,,,,,,,,,,
USC00043491,1981,10,5,,,0.0,0.0,0.0,,,,,,,,,,,
USC00043491,1981,10,6,,,0.0,0.0,0.0,,,,,,,,,,,
USC00043491,1981,10,7,,,229.0,0.0,0.0,,,,,,,,,,,
USC00043491,1981,10,8,,,0.0,0.0,0.0,,,,,,,,,,,
USC00043491,1981,10,9,,,0.0,0.0,0.0,,,,,,,,,,,
USC00043491,1981,11,1,,,0.0,0.0,0.0,,,,,,,,,,,
USC00043491,1981,11,10,,,20.0,0.0,0.0,,,,,,,,,,,
USC00043491,1981,11,11,,,0.0,0.0,0.0,,,,,,,,,,,
USC00043491,1981,11,12,,,478.0,0.0,0.0,,,,,,,,,,,
USC00043491,1981,11,13,,,724.0,0.0,0.0,,,,,,,,,,,
USC00043491,1981,11,14,,,399.0,0.0,0.0,,,,,,,,,,,
USC00043491,1981,11,15,,,175.0,0.0,0.0,,,,,,,,,,,
USC00043491,1981,11,16,,,38.0,0.0,0.0,,,,,,,,,,,
USC00043491,1981,11,17,,,589.0,0.0,0.0,,,,,,,,,,,
USC00043491,1981,11,18,,,25.0,0.0,0.0,,,,,,,,,,,
USC00043491,1981,11,19,,,0.0,0.0,0.0,,,,,,,,,,,
USC00043491,1981,11,2,,,0.0,0.0,0.0,,,,,,,,,,,
USC00043491,1981,11,20,,,0.0,0.0,0.0,,,,,,,,,,,
USC00043491,1981,11,21,,,838.0,0.0,0.0,,,,,,,,,,,
USC00043491,1981,11,22,,,297.0,0.0,0.0,,,,,,,,,,,
USC00043491,1981,11,23,,,340.0,0.0,0.0,,,,,,,,,,,
USC00043491,1981,11,24,,,752.0,0.0,0.0,,,,,,,,,,,
USC00043491,1981,11,25,,,0.0,0.0,0.0,,,,,,,,,,,
USC00043491,1981,11,26,,,193.0,0.0,0.0,,,,,,,,,,,
USC00043491,1981,11,27,,,66.0,0.0,0.0,,,,,,,,,,,
USC00043491,1981,11,28,,,41.0,0.0,0.0,,,,,,,,,,,
USC00043491,1981,11,29,,,0.0,0.0,0.0,,,,,,,,,,,
USC00043491,1981,11,3,,,0.0,0.0,0.0,,,,,,,,,,,
USC00043491,1981,11,30,,,0.0,0.0,0.0,,,,,,,,,,,
USC00043491,1981,11,31,,,-9999.0,-9999.0,-9999.0,,,,,,,,,,,
USC00043491,1981,11,4,,,0.0,0.0,0.0,,,,,,,,,,,
USC00043491,1981,11,5,,,0.0,0.0,0.0,,,,,,,,,,,
USC00043491,1981,11,6,,,8.0,0.0,0.0,,,,,,,,,,,
USC00043491,1981,11,7,,,0.0,0.0,0.0,,,,,,,,,,,
USC00043491,1981,11,8,,,0.0,0.0,0.0,,,,,,,,,,,
USC00043491,1981,11,9,,,0.0,0.0,0.0,,,,,,,,,,,
USC00043491,1981,12,1,,,0.0,0.0,0.0,,,,,,,,,,,
USC00043491,1981,12,10,,,389.0,0.0,0.0,,,,,,,,,,,
USC00043491,1981,12,11,,,0.0,0.0,0.0,,,,,,,,,,,
USC00043491,1981,12,12,,,114.0,0.0,0.0,,,,,,,,,,,
USC00043491,1981,12,13,,,165.0,0.0,0.0,,,,,,,,,,,
USC00043491,1981,12,14,,,97.0,0.0,0.0,,,,,,,,,,,
USC00043491,1981,12,15,,,142.0,0.0,0.0,,,,,,,,,,,
USC00043491,1981,12,16,,,0.0,0.0,0.0,,,,,,,,,,,
USC00043491,1981,12,17,,,0.0,0.0,0.0,,,,,,,,,,,
USC00043491,1981,12,18,,,97.0,0.0,0.0,,,,,,,,,,,
USC00043491,1981,12,19,,,1397.0,0.0,0.0,,,,,,,,,,,
USC00043491,1981,12,2,,,0.0,0.0,0.0,,,,,,,,,,,
USC00043491,1981,12,20,,,1229.0,0.0,0.0,,,,,,,,,,,
USC00043491,1981,12,21,,,185.0,0.0,0.0,,,,,,,,,,,
USC00043491,1981,12,22,,,0.0,0.0,0.0,,,,,,,,,,,
USC00043491,1981,12,23,,,0.0,0.0,0.0,,,,,,,,,,,
USC00043491,1981,12,24,,,0.0,0.0,0.0,,,,,,,,,,,
USC00043491,1981,12,25,,,0.0,0.0,0.0,,,,,,,,,,,
USC00043491,1981,12,26,,,91.0,0.0,0.0,,,,,,,,,,,
USC00043491,1981,12,27,,,475.0,0.0,0.0,,,,,,,,,,,
USC00043491,1981,12,28,,,10.0,0.0,0.0,,,,,,,,,,,
USC00043491,1981,12,29,,,678.0,0.0,0.0,,,,,,,,,,,
USC00043491,1981,12,3,,,0.0,0.0,0.0,,,,,,,,,,,
USC00043491,1981,12,30,,,340.0,0.0,0.0,,,,,,,,,,,
USC00043491,1981,12,31,,,124.0,0.0,0.0,,,,,,,,,,,
USC00043491,1981,12,4,,,0.0,0.0,0.0,,,,,,,,,,,
USC00043491,1981,12,5,,,0.0,0.0,0.0,,,,,,,,,,,
USC00043491,1981,12,6,,,0.0,0.0,0.0,,,,,,,,,,,
USC00043491,1981,12,7,,,15.0,0.0,0.0,,,,,,,,,,,
USC00043491,1981,12,8,,,0.0,0.0,0.0,,,,,,,,,,,
USC00043491,1981,12,9,,,13.0,0.0,0.0,,,,,,,,,,,
USC00043491,1982,1,1,,,318.0,,,,,,,,,,,,,
USC00043491,1982,1,10,,,0.0,,,,,,,,,,,,,
USC00043491,1982,1,11,,,0.0,,,,,,,,,,,,,
USC00043491,1982,1,12,,,0.0,,,,,,,,,,,,,
USC00043491,1982,1,13,,,0.0,,,,,,,,,,,,,
USC00043491,1982,1,14,,,0.0,,,,,,,,,,,,,
USC00043491,1982,1,15,,,0.0,,,,,,,,,,,,,
USC00043491,1982,1,16,,,0.0,,,,,,,,,,,,,
USC00043491,1982,1,17,,,0.0,,,,,,,,,,,,,
USC00043491,1982,1,18,,,66.0,,,,,,,,,,,,,
USC00043491,1982,1,19,,,196.0,,,,,,,,,,,,,
USC00043491,1982,1,2,,,249.0,,,,,,,,,,,,,
USC00043491,1982,1,20,,,249.0,,,,,,,,,,,,,
USC00043491,1982,1,21,,,188.0,,,,,,,,,,,,,
USC00043491,1982,1,22,,,0.0,,,,,,,,,,,,,
USC00043491,1982,1,23,,,0.0,,,,,,,,,,,,,
USC00043491,1982,1,24,,,0.0,,,,,,,,,,,,,
USC00043491,1982,1,25,,,0.0,,,,,,,,,,,,,
USC00043491,1982,1,26,,,292.0,,,,,,,,,,,,,
USC00043491,1982,1,27,,,5.0,,,,,,,,,,,,,
USC00043491,1982,1,28,,,178.0,,,,,,,,,,,,,
USC00043491,1982,1,29,,,0.0,,,,,,,,,,,,,
USC00043491,1982,1,3,,,0.0,,,,,,,,,,,,,
USC00043491,1982,1,30,,,0.0,,,,,,,,,,,,,
USC00043491,1982,1,31,,,0.0,,,,,,,,,,,,,
USC00043491,1982,1,4,,,668.0,,,,,,,,,,,,,
USC00043491,1982,1,5,,,442.0,,,,,,,,,,,,,
USC00043491,1982,1,6,,,0.0,,,,,,,,,,,,,
USC00043491,1982,1,7,,,0.0,,,,,,,,,,,,,
USC00043491,1982,1,8,,,0.0,,,,,,,,,,,,,
USC00043491,1982,1,9,,,0.0,,,,,,,,,,,,,
USC00043491,1982,2,1,,,0.0,0.0,,,,,,,,,,,,
USC00043491,1982,2,10,,,0.0,0.0,,,,,,,,,,,,
USC00043491,1982,2,11,,,0.0,0.0,,,,,,,,,,,,
USC00043491,1982,2,12,,,0.0,0.0,,,,,,,,,,,,
USC00043491,1982,2,13,,,221.0,0.0,,,,,,,,,,,,
USC00043491,1982,2,14,,,559.0,0.0,,,,,,,,,,,,
USC00043491,1982,2,15,,,1107.0,0.0,,,,,,,,,,,,
USC00043491,1982,2,16,,,691.0,0.0,,,,,,,,,,,,
USC00043491,1982,2,17,,,18.0,0.0,,,,,,,,,,,,
USC00043491,1982,2,18,,,0.0,0.0,,,,,,,,,,,,
USC00043491,1982,2,19,,,0.0,0.0,,,,,,,,,,,,
USC00043491,1982,2,2,,,0.0,0.0,,,,,,,,,,,,
USC00043491,1982,2,20,,,0.0,0.0,,,,,,,,,,,,
USC00043491,1982,2,21,,,0.0,0.0,,,,,,,,,,,,
USC00043491,1982,2,22,,,0.0,0.0,,,,,,,,,,,,
USC00043491,1982,2,23,,,0.0,0.0,,,,,,,,,,,,
USC00043491,1982,2,24,,,0.0,0.0,,,,,,,,,,,,
USC00043491,1982,2,25,,,0.0,0.0,,,,,,,,,,,,
USC00043491,1982,2,26,,,43.0,0.0,,,,,,,,,,,,
USC00043491,1982,2,27,,,33.0,0.0,,,,,,,,,,,,
USC00043491,1982,2,28,,,0.0,0.0,,,,,,,,,,,,
USC00043491,1982,2,29,,,-9999.0,-9999.0,,,,,,,,,,,,
USC00043491,1982,2,3,,,0.0,0.0,,,,,,,,,,,,
USC00043491,1982,2,30,,,-9999.0,-9999.0,,,,,,,,,,,,
USC00043491,1982,2,31,,,-9999.0,-9999.0,,,,,,,,,,,,
USC00043491,1982,2,4,,,0.0,0.0,,,,,,,,,,,,
USC00043491,1982,2,5,,,0.0,0.0,,,,,,,,,,,,
USC00043491,1982,2,6,,,0.0,0.0,,,,,,,,,,,,
USC00043491,1982,2,7,,,0.0,0.0,,,,,,,,,,,,
USC00043491,1982,2,8,,,-9999.0,-9999.0,,,,,,,,,,,,
USC00043491,1982,2,9,,,0.0,0.0,,,,,,,,,,,,
USC00043491,1982,3,1,,,297.0,0.0,0.0,,,,,,,,,,,
USC00043491,1982,3,10,,,297.0,0.0,0.0,,,,,,,,,,,
USC00043491,1982,3,11,,,292.0,0.0,0.0,,,,,,,,,,,
USC00043491,1982,3,12,,,0.0,0.0,0.0,,,,,,,,,,,
USC00043491,1982,3,13,,,0.0,0.0,0.0,,,,,,,,,,,
USC00043491,1982,3,14,,,287.0,0.0,0.0,,,,,,,,,,,
USC00043491,1982,3,15,,,61.0,0.0,0.0,,,,,,,,,,,
USC00043491,1982,3,16,,,147.0,0.0,0.0,,,,,,,,,,,
USC00043491,1982,3,17,,,69.0,0.0,0.0,,,,,,,,,,,
USC00043491,1982,3,18,,,175.0,0.0,0.0,,,,,,,,,,,
USC00043491,1982,3,19,,,89.0,0.0,0.0,,,,,,,,,,,
USC00043491,1982,3,2,,,437.0,0.0,0.0,,,,,,,,,,,
USC00043491,1982,3,20,,,0.0,0.0,0.0,,,,,,,,,,,
USC00043491,1982,3,21,,,0.0,0.0,0.0,,,,,,,,,,,
USC00043491,1982,3,22,,,0.0,0.0,0.0,,,,,,,,,,,
USC00043491,1982,3,23,,,0.0,0.0,0.0,,,,,,,,,,,
USC00043491,1982,3,24,,,0.0,0.0,0.0,,,,,,,,,,,
USC00043491,1982,3,25,,,0.0,0.0,0.0,,,,,,,,,,,
USC00043491,1982,3,26,,,74.0,0.0,0.0,,,,,,,,,,,
USC00043491,1982,3,27,,,97.0,0.0,0.0,,,,,,,,,,,
USC00043491,1982,3,28,,,213.0,0.0,0.0,,,,,,,,,,,
USC00043491,1982,3,29,,,307.0,0.0,0.0,,,,,,,,,,,
USC00043491,1982,3,3,,,36.0,0.0,0.0,,,,,,,,,,,
USC00043491,1982,3,30,,,279.0,0.0,0.0,,,,,,,,,,,
USC00043491,1982,3,31,,,965.0,0.0,0.0,,,,,,,,,,,
USC00043491,1982,3,4,,,5.0,0.0,0.0,,,,,,,,,,,
USC00043491,1982,3,5,,,0.0,0.0,0.0,,,,,,,,,,,
USC00043491,1982,3,6,,,0.0,0.0,0.0,,,,,,,,,,,
USC00043491,1982,3,7,,,0.0,0.0,0.0,,,,,,,,,,,
USC00043491,1982,3,8,,,13.0,0.0,0.0,,,,,,,,,,,
USC00043491,1982,3,9,,,0.0,0.0,0.0,,,,,,,,,,,
USC00043491,1982,4,1,,,112.0,0.0,0.0,,,,,,,,,,,
USC00043491,1982,4,10,,,333.0,0.0,0.0,,,,,,,,,,,
USC00043491,1982,4,11,,,1102.0,0.0,0.0,,,,,,,,,,,
USC00043491,1982,4,12,,,191.0,0.0,0.0,,,,,,,,,,,
USC00043491,1982,4,13,,,0.0,0.0,0.0,,,,,,,,,,,
USC00043491,1982,4,14,,,264.0,0.0,0.0,,,,,,,,,,,
USC00043491,1982,4,15,,,5.0,0.0,0.0,,,,,,,,,,,
USC00043491,1982,4,16,,,0.0,0.0,0.0,,,,,,,,,,,
USC00043491,1982,4,17,,,0.0,0.0,0.0,,,,,,,,,,,
USC00043491,1982,4,18,,,0.0,0.0,0.0,,,,,,,,,,,
USC00043491,1982,4,19,,,0.0,0.0,0.0,,,,,,,,,,,
USC00043491,1982,4,2,,,244.0,0.0,0.0,,,,,,,,,,,
USC00043491,1982,4,20,,,0.0,0.0,0.0,,,,,,,,,,,
USC00043491,1982,4,21,,,0.0,0.0,0.0,,,,,,,,,,,
USC00043491,1982,4,22,,,0.0,0.0,0.0,,,,,,,,,,,
USC00043491,1982,4,23,,,0.0,0.0,0.0,,,,,,,,,,,
USC00043491,1982,4,24,,,0.0,0.0,0.0,,,,,,,,,,,
USC00043491,1982,4,25,,,0.0,0.0,0.0,,,,,,,,,,,
USC00043491,1982,4,26,,,0.0,0.0,0.0,,,,,,,,,,,
USC00043491,1982,4,27,,,0.0,0.0,0.0,,,,,,,,,,,
USC00043491,1982,4,28,,,0.0,0.0,0.0,,,,,,,,,,,
USC00043491,1982,4,29,,,0.0,0.0,0.0,,,,,,,,,,,
USC00043491,1982,4,3,,,457.0,0.0,0.0,,,,,,,,,,,
USC00043491,1982,4,30,,,0.0,0.0,0.0,,,,,,,,,,,
USC00043491,1982,4,31,,,-9999.0,-9999.0,-9999.0,,,,,,,,,,,
USC00043491,1982,4,4,,,99.0,0.0,0.0,,,,,,,,,,,
USC00043491,1982,4,5,,,0.0,0.0,0.0,,,,,,,,,,,
USC00043491,1982,4,6,,,127.0,0.0,0.0,,,,,,,,,,,
USC00043491,1982,4,7,,,0.0,0.0,0.0,,,,,,,,,,,
USC00043491,1982,4,8,,,0.0,0.0,0.0,,,,,,,,,,,
USC00043491,1982,4,9,,,0.0,0.0,0.0,,,,,,,,,,,
USC00043491,1982,5,1,,,0.0,0.0,0.0,,,,,,,,,,,
USC00043491,1982,5,10,,,53.0,0.0,0.0,,,,,,,,,,,
USC00043491,1982,5,11,,,10.0,0.0,0.0,,,,,,,,,,,
USC00043491,1982,5,12,,,0.0,0.0,0.0,,,,,,,,,,,
USC00043491,1982,5,13,,,0.0,0.0,0.0,,,,,,,,,,,
USC00043491,1982,5,14,,,0.0,0.0,0.0,,,,,,,,,,,
USC00043491,1982,5,15,,,0.0,0.0,0.0,,,,,,,,,,,
USC00043491,1982,5,16,,,0.0,0.0,0.0,,,,,,,,,,,
USC00043491,1982,5,17,,,0.0,0.0,0.0,,,,,,,,,,,
USC00043491,1982,5,18,,,0.0,0.0,0.0,,,,,,,,,,,
USC00043491,1982,5,19,,,0.0,0.0,0.0,,,,,,,,,,,
USC00043491,1982,5,2,,,0.0,0.0,0.0,,,,,,,,,,,
USC00043491,1982,5,20,,,0.0,0.0,0.0,,,,,,,,,,,
USC00043491,1982,5,21,,,0.0,0.0,0.0,,,,,,,,,,,
USC00043491,1982,5,22,,,0.0,0.0,0.0,,,,,,,,,,,
USC00043491,1982,5,23,,,0.0,0.0,0.0,,,,,,,,,,,
USC00043491,1982,5,24,,,0.0,0.0,0.0,,,,,,,,,,,
USC00043491,1982,5,25,,,0.0,0.0,0.0,,,,,,,,,,,
USC00043491,1982,5,26,,,0.0,0.0,0.0,,,,,,,,,,,
USC00043491,1982,5,27,,,0.0,0.0,0.0,,,,,,,,,,,
USC00043491,1982,5,28,,,0.0,0.0,0.0,,,,,,,,,,,
USC00043491,1982,5,29,,,0.0,0.0,0.0,,,,,,,,,,,
USC00043491,1982,5,3,,,0.0,0.0,0.0,,,,,,,,,,,
USC00043491,1982,5,30,,,0.0,0.0,0.0,,,,,,,,,,,
USC00043491,1982,5,31,,,0.0,0.0,0.0,,,,,,,,,,,
USC00043491,1982,5,4,,,0.0,0.0,0.0,,,,,,,,,,,
USC00043491,1982,5,5,,,0.0,0.0,0.0,,,,,,,,,,,
USC00043491,1982,5,6,,,0.0,0.0,0.0,,,,,,,,,,,
USC00043491,1982,5,7,,,0.0,0.0,0.0,,,,,,,,,,,
USC00043491,1982,5,8,,,0.0,0.0,0.0,,,,,,,,,,,
USC00043491,1982,5,9,,,0.0,0.0,0.0,,,,,,,,,,,
USC00043491,1982,6,1,,,0.0,0.0,0.0,,,,,-9999.0,,-9999.0,,,,
USC00043491,1982,6,10,,,0.0,0.0,0.0,,,,,-9999.0,,-9999.0,,,,
USC00043491,1982,6,11,,,0.0,0.0,0.0,,,,,-9999.0,,-9999.0,,,,
USC00043491,1982,6,12,,,0.0,0.0,0.0,,,,,-9999.0,,-9999.0,,,,
USC00043491,1982,6,13,,,0.0,0.0,0.0,,,,,-9999.0,,-9999.0,,,,
USC00043491,1982,6,14,,,0.0,0.0,0.0,,,,,-9999.0,,-9999.0,,,,
USC00043491,1982,6,15,,,0.0,0.0,0.0,,,,,-9999.0,,-9999.0,,,,
USC00043491,1982,6,16,,,0.0,0.0,0.0,,,,,-9999.0,,-9999.0,,,,
USC00043491,1982,6,17,,,0.0,0.0,0.0,,,,,-9999.0,,-9999.0,,,,
USC00043491,1982,6,18,,,0.0,0.0,0.0,,,,,-9999.0,,-9999.0,,,,
USC00043491,1982,6,19,,,3.0,0.0,0.0,,,,,-9999.0,,-9999.0,,,,
USC00043491,1982,6,2,,,0.0,0.0,0.0,,,,,-9999.0,,-9999.0,,,,
USC00043491,1982,6,20,,,0.0,0.0,0.0,,,,,-9999.0,,-9999.0,,,,
USC00043491,1982,6,21,,,0.0,0.0,0.0,,,,,-9999.0,,-9999.0,,,,
USC00043491,1982,6,22,,,0.0,0.0,0.0,,,,,-9999.0,,-9999.0,,,,
USC00043491,1982,6,23,,,0.0,0.0,0.0,,,,,-9999.0,,-9999.0,,,,
USC00043491,1982,6,24,,,0.0,0.0,0.0,,,,,-9999.0,,-9999.0,,,,
USC00043491,1982,6,25,,,0.0,0.0,0.0,,,,,-9999.0,,-9999.0,,,,
USC00043491,1982,6,26,,,0.0,0.0,0.0,,,,,-9999.0,,-9999.0,,,,
USC00043491,1982,6,27,,,0.0,0.0,0.0,,,,,-9999.0,,-9999.0,,,,
USC00043491,1982,6,28,,,0.0,0.0,0.0,,,,,-9999.0,,-9999.0,,,,
USC00043491,1982,6,29,,,188.0,0.0,0.0,,,,,-9999.0,,-9999.0,,,,
USC00043491,1982,6,3,,,0.0,0.0,0.0,,,,,-9999.0,,-9999.0,,,,
USC00043491,1982,6,30,,,3.0,0.0,0.0,,,,,-9999.0,,-9999.0,,,,
USC00043491,1982,6,31,,,-9999.0,-9999.0,-9999.0,,,,,-9999.0,,-9999.0,,,,
USC00043491,1982,6,4,,,0.0,0.0,0.0,,,,,-9999.0,,-9999.0,,,,
USC00043491,1982,6,5,,,76.0,0.0,0.0,,,,,1.0,,1.0,,,,
USC00043491,1982,6,6,,,0.0,0.0,0.0,,,,,-9999.0,,-9999.0,,,,
USC00043491,1982,6,7,,,0.0,0.0,0.0,,,,,-9999.0,,-9999.0,,,,
USC00043491,1982,6,8,,,0.0,0.0,0.0,,,,,-9999.0,,-9999.0,,,,
USC00043491,1982,6,9,,,0.0,0.0,0.0,,,,,-9999.0,,-9999.0,,,,
USC00043491,1982,7,1,,,13.0,0.0,0.0,,,,,,,,,,,
USC00043491,1982,7,10,,,0.0,0.0,0.0,,,,,,,,,,,
USC00043491,1982,7,11,,,0.0,0.0,0.0,,,,,,,,,,,
USC00043491,1982,7,12,,,0.0,0.0,0.0,,,,,,,,,,,
USC00043491,1982,7,13,,,0.0,0.0,0.0,,,,,,,,,,,
USC00043491,1982,7,14,,,0.0,0.0,0.0,,,,,,,,,,,
USC00043491,1982,7,15,,,0.0,0.0,0.0,,,,,,,,,,,
USC00043491,1982,7,16,,,0.0,0.0,0.0,,,,,,,,,,,
USC00043491,1982,7,17,,,0.0,0.0,0.0,,,,,,,,,,,
USC00043491,1982,7,18,,,0.0,0.0,0.0,,,,,,,,,,,
USC00043491,1982,7,19,,,0.0,0.0,0.0,,,,,,,,,,,
USC00043491,1982,7,2,,,0.0,0.0,0.0,,,,,,,,,,,
USC00043491,1982,7,20,,,0.0,0.0,0.0,,,,,,,,,,,
USC00043491,1982,7,21,,,0.0,0.0,0.0,,,,,,,,,,,
USC00043491,1982,7,22,,,0.0,0.0,0.0,,,,,,,,,,,
USC00043491,1982,7,23,,,0.0,0.0,0.0,,,,,,,,,,,
USC00043491,1982,7,24,,,0.0,0.0,0.0,,,,,,,,,,,
USC00043491,1982,7,25,,,0.0,0.0,0.0,,,,,,,,,,,
USC00043491,1982,7,26,,,0.0,0.0,0.0,,,,,,,,,,,
USC00043491,1982,7,27,,,0.0,0.0,0.0,,,,,,,,,,,
USC00043491,1982,7,28,,,0.0,0.0,0.0,,,,,,,,,,,
USC00043491,1982,7,29,,,0.0,0.0,0.0,,,,,,,,,,,
USC00043491,1982,7,3,,,0.0,0.0,0.0,,,,,,,,,,,
USC00043491,1982,7,30,,,0.0,0.0,0.0,,,,,,,,,,,
USC00043491,1982,7,31,,,0.0,0.0,0.0,,,,,,,,,,,
USC00043491,1982,7,4,,,0.0,0.0,0.0,,,,,,,,,,,
USC00043491,1982,7,5,,,0.0,0.0,0.0,,,,,,,,,,,
USC00043491,1982,7,6,,,0.0,0.0,0.0,,,,,,,,,,,
USC00043491,1982,7,7,,,0.0,0.0,0.0,,,,,,,,,,,
USC00043491,1982,7,8,,,0.0,0.0,0.0,,,,,,,,,,,
USC00043491,1982,7,9,,,0.0,0.0,0.0,,,,,,,,,,,
USC00043491,1982,8,1,,,0.0,0.0,0.0,,,,,,,,,,,
USC00043491,1982,8,10,,,0.0,0.0,0.0,,,,,,,,,,,
USC00043491,1982,8,11,,,0.0,0.0,0.0,,,,,,,,,,,
USC00043491,1982,8,12,,,0.0,0.0,0.0,,,,,,,,,,,
USC00043491,1982,8,13,,,0.0,0.0,0.0,,,,,,,,,,,
USC00043491,1982,8,14,,,0.0,0.0,0.0,,,,,,,,,,,
USC00043491,1982,8,15,,,0.0,0.0,0.0,,,,,,,,,,,
USC00043491,1982,8,16,,,0.0,0.0,0.0,,,,,,,,,,,
USC00043491,1982,8,17,,,0.0,0.0,0.0,,,,,,,,,,,
USC00043491,1982,8,18,,,0.0,0.0,0.0,,,,,,,,,,,
USC00043491,1982,8,19,,,0.0,0.0,0.0,,,,,,,,,,,
USC00043491,1982,8,2,,,0.0,0.0,0.0,,,,,,,,,,,
USC00043491,1982,8,20,,,0.0,0.0,0.0,,,,,,,,,,,
USC00043491,1982,8,21,,,0.0,0.0,0.0,,,,,,,,,,,
USC00043491,1982,8,22,,,0.0,0.0,0.0,,,,,,,,,,,
USC00043491,1982,8,23,,,0.0,0.0,0.0,,,,,,,,,,,
USC00043491,1982,8,24,,,0.0,0.0,0.0,,,,,,,,,,,
USC00043491,1982,8,25,,,0.0,0.0,0.0,,,,,,,,,,,
USC00043491,1982,8,26,,,0.0,0.0,0.0,,,,,,,,,,,
USC00043491,1982,8,27,,,0.0,0.0,0.0,,,,,,,,,,,
USC00043491,1982,8,28,,,0.0,0.0,0.0,,,,,,,,,,,
USC00043491,1982,8,29,,,0.0,0.0,0.0,,,,,,,,,,,
USC00043491,1982,8,3,,,0.0,0.0,0.0,,,,,,,,,,,
USC00043491,1982,8,30,,,0.0,0.0,0.0,,,,,,,,,,,
USC00043491,1982,8,31,,,0.0,0.0,0.0,,,,,,,,,,,
USC00043491,1982,8,4,,,0.0,0.0,0.0,,,,,,,,,,,
USC00043491,1982,8,5,,,0.0,0.0,0.0,,,,,,,,,,,
USC00043491,1982,8,6,,,0.0,0.0,0.0,,,,,,,,,,,
USC00043491,1982,8,7,,,10.0,0.0,0.0,,,,,,,,,,,
USC00043491,1982,8,8,,,5.0,0.0,0.0,,,,,,,,,,,
USC00043491,1982,8,9,,,0.0,0.0,0.0,,,,,,,,,,,
USC00043491,1982,9,1,,,0.0,0.0,0.0,,,,,,,,,,,
USC00043491,1982,9,10,,,0.0,0.0,-9999.0,,,,,,,,,,,
USC00043491,1982,9,11,,,0.0,0.0,-9999.0,,,,,,,,,,,
USC00043491,1982,9,12,,,0.0,0.0,-9999.0,,,,,,,,,,,
USC00043491,1982,9,13,,,0.0,0.0,-9999.0,,,,,,,,,,,
USC00043491,1982,9,14,,,0.0,0.0,-9999.0,,,,,,,,,,,
USC00043491,1982,9,15,,,13.0,0.0,-9999.0,,,,,,,,,,,
USC00043491,1982,9,16,,,64.0,0.0,-9999.0,,,,,,,,,,,
USC00043491,1982,9,17,,,74.0,0.0,-9999.0,,,,,,,,,,,
USC00043491,1982,9,18,,,191.0,0.0,-9999.0,,,,,,,,,,,
USC00043491,1982,9,19,,,8.0,0.0,-9999.0,,,,,,,,,,,
USC00043491,1982,9,2,,,0.0,0.0,0.0,,,,,,,,,,,
USC00043491,1982,9,20,,,0.0,0.0,-9999.0,,,,,,,,,,,
USC00043491,1982,9,21,,,0.0,0.0,-9999.0,,,,,,,,,,,
USC00043491,1982,9,22,,,0.0,0.0,-9999.0,,,,,,,,,,,
USC00043491,1982,9,23,,,0.0,0.0,-9999.0,,,,,,,,,,,
USC00043491,1982,9,24,,,145.0,0.0,-9999.0,,,,,,,,,,,
USC00043491,1982,9,25,,,500.0,0.0,-9999.0,,,,,,,,,,,
USC00043491,1982,9,26,,,5.0,0.0,-9999.0,,,,,,,,,,,
USC00043491,1982,9,27,,,0.0,0.0,-9999.0,,,,,,,,,,,
USC00043491,1982,9,28,,,0.0,0.0,-9999.0,,,,,,,,,,,
USC00043491,1982,9,29,,,0.0,0.0,-9999.0,,,,,,,,,,,
USC00043491,1982,9,3,,,0.0,0.0,0.0,,,,,,,,,,,
USC00043491,1982,9,30,,,0.0,0.0,-9999.0,,,,,,,,,,,
USC00043491,1982,9,31,,,-9999.0,-9999.0,-9999.0,,,,,,,,,,,
USC00043491,1982,9,4,,,0.0,-9999.0,-9999.0,,,,,,,,,,,
USC00043491,1982,9,5,,,0.0,0.0,-9999.0,,,,,,,,,,,
USC00043491,1982,9,6,,,0.0,0.0,-9999.0,,,,,,,,,,,
USC00043491,1982,9,7,,,0.0,0.0,-9999.0,,,,,,,,,,,
USC00043491,1982,9,8,,,0.0,0.0,-9999.0,,,,,,,,,,,
USC00043491,1982,9,9,,,0.0,0.0,-9999.0,,,,,,,,,,,
USC00043491,1982,10,1,,,0.0,0.0,,,,,,,,,,,,
USC00043491,1982,10,10,,,0.0,0.0,,,,,,,,,,,,
USC00043491,1982,10,11,,,0.0,0.0,,,,,,,,,,,,
USC00043491,1982,10,12,,,0.0,0.0,,,,,,,,,,,,
USC00043491,1982,10,13,,,0.0,0.0,,,,,,,,,,,,
USC00043491,1982,10,14,,,0.0,0.0,,,,,,,,,,,,
USC00043491,1982,10,15,,,0.0,0.0,,,,,,,,,,,,
USC00043491,1982,10,16,,,0.0,0.0,,,,,,,,,,,,
USC00043491,1982,10,17,,,0.0,0.0,,,,,,,,,,,,
USC00043491,1982,10,18,,,0.0,0.0,,,,,,,,,,,,
USC00043491,1982,10,19,,,0.0,0.0,,,,,,,,,,,,
USC00043491,1982,10,2,,,0.0,0.0,,,,,,,,,,,,
USC00043491,1982,10,20,,,5.0,0.0,,,,,,,,,,,,
USC00043491,1982,10,21,,,38.0,0.0,,,,,,,,,,,,
USC00043491,1982,10,22,,,56.0,0.0,,,,,,,,,,,,
USC00043491,1982,10,23,,,312.0,0.0,,,,,,,,,,,,
USC00043491,1982,10,24,,,51.0,0.0,,,,,,,,,,,,
USC00043491,1982,10,25,,,833.0,0.0,,,,,,,,,,,,
USC00043491,1982,10,26,,,645.0,0.0,,,,,,,,,,,,
USC00043491,1982,10,27,,,0.0,0.0,,,,,,,,,,,,
USC00043491,1982,10,28,,,0.0,0.0,,,,,,,,,,,,
USC00043491,1982,10,29,,,0.0,0.0,,,,,,,,,,,,
USC00043491,1982,10,3,,,0.0,0.0,,,,,,,,,,,,
USC00043491,1982,10,30,,,363.0,0.0,,,,,,,,,,,,
USC00043491,1982,10,31,,,0.0,0.0,,,,,,,,,,,,
USC00043491,1982,10,4,,,0.0,0.0,,,,,,,,,,,,
USC00043491,1982,10,5,,,0.0,0.0,,,,,,,,,,,,
USC00043491,1982,10,6,,,0.0,0.0,,,,,,,,,,,,
USC00043491,1982,10,7,,,163.0,0.0,,,,,,,,,,,,
USC00043491,1982,10,8,,,0.0,0.0,,,,,,,,,,,,
USC00043491,1982,10,9,,,0.0,0.0,,,,,,,,,,,,
USC00043491,1982,11,1,,,0.0,,0.0,,,,,,,,,,,
USC00043491,1982,11,10,,,89.0,,-9999.0,,,,,,,,,,,
USC00043491,1982,11,11,,,3.0,,-9999.0,,,,,,,,,,,
USC00043491,1982,11,12,,,0.0,,-9999.0,,,,,,,,,,,
USC00043491,1982,11,13,,,0.0,,-9999.0,,,,,,,,,,,
USC00043491,1982,11,14,,,0.0,,-9999.0,,,,,,,,,,,
USC00043491,1982,11,15,,,0.0,,-9999.0,,,,,,,,,,,
USC00043491,1982,11,16,,,0.0,,-9999.0,,,,,,,,,,,
USC00043491,1982,11,17,,,213.0,,-9999.0,,,,,,,,,,,
USC00043491,1982,11,18,,,1049.0,,-9999.0,,,,,,,,,,,
USC00043491,1982,11,19,,,89.0,,-9999.0,,,,,,,,,,,
USC00043491,1982,11,2,,,0.0,,-9999.0,,,,,,,,,,,
USC00043491,1982,11,20,,,20.0,,-9999.0,,,,,,,,,,,
USC00043491,1982,11,21,,,0.0,,-9999.0,,,,,,,,,,,
USC00043491,1982,11,22,,,0.0,,-9999.0,,,,,,,,,,,
USC00043491,1982,11,23,,,229.0,,-9999.0,,,,,,,,,,,
USC00043491,1982,11,24,,,0.0,,-9999.0,,,,,,,,,,,
USC00043491,1982,11,25,,,0.0,,-9999.0,,,,,,,,,,,
USC00043491,1982,11,26,,,0.0,,-9999.0,,,,,,,,,,,
USC00043491,1982,11,27,,,51.0,,-9999.0,,,,,,,,,,,
USC00043491,1982,11,28,,,224.0,,-9999.0,,,,,,,,,,,
USC00043491,1982,11,29,,,579.0,,-9999.0,,,,,,,,,,,
USC00043491,1982,11,3,,,0.0,,-9999.0,,,,,,,,,,,
USC00043491,1982,11,30,,,706.0,,-9999.0,,,,,,,,,,,
USC00043491,1982,11,31,,,-9999.0,,-9999.0,,,,,,,,,,,
USC00043491,1982,11,4,,,0.0,,-9999.0,,,,,,,,,,,
USC00043491,1982,11,5,,,0.0,,-9999.0,,,,,,,,,,,
USC00043491,1982,11,6,,,0.0,,-9999.0,,,,,,,,,,,
USC00043491,1982,11,7,,,0.0,,-9999.0,,,,,,,,,,,
USC00043491,1982,11,8,,,86.0,,-9999.0,,,,,,,,,,,
USC00043491,1982,11,9,,,10.0,,-9999.0,,,,,,,,,,,
USC00043491,1982,12,1,,,13.0,0.0,0.0,,,,,,,,,,,
USC00043491,1982,12,10,,,0.0,0.0,0.0,,,,,,,,,,,
USC00043491,1982,12,11,,,0.0,0.0,0.0,,,,,,,,,,,
USC00043491,1982,12,12,,,0.0,0.0,0.0,,,,,,,,,,,
USC00043491,1982,12,13,,,191.0,0.0,0.0,,,,,,,,,,,
USC00043491,1982,12,14,,,0.0,0.0,0.0,,,,,,,,,,,
USC00043491,1982,12,15,,,0.0,0.0,0.0,,,,,,,,,,,
USC00043491,1982,12,16,,,0.0,0.0,0.0,,,,,,,,,,,
USC00043491,1982,12,17,,,356.0,0.0,0.0,,,,,,,,,,,
USC00043491,1982,12,18,,,0.0,0.0,0.0,,,,,,,,,,,
USC00043491,1982,12,19,,,0.0,0.0,0.0,,,,,,,,,,,
USC00043491,1982,12,2,,,18.0,0.0,0.0,,,,,,,,,,,
USC00043491,1982,12,20,,,229.0,0.0,0.0,,,,,,,,,,,
USC00043491,1982,12,21,,,1199.0,0.0,0.0,,,,,,,,,,,
USC00043491,1982,12,22,,,716.0,0.0,0.0,,,,,,,,,,,
USC00043491,1982,12,23,,,168.0,0.0,0.0,,,,,,,,,,,
USC00043491,1982,12,24,,,8.0,0.0,0.0,,,,,,,,,,,
USC00043491,1982,12,25,,,0.0,0.0,0.0,,,,,,,,,,,
USC00043491,1982,12,26,,,0.0,0.0,0.0,,,,,,,,,,,
USC00043491,1982,12,27,,,0.0,0.0,0.0,,,,,,,,,,,
USC00043491,1982,12,28,,,0.0,0.0,0.0,,,,,,,,,,,
USC00043491,1982,12,29,,,0.0,0.0,0.0,,,,,,,,,,,
USC00043491,1982,12,3,,,0.0,0.0,0.0,,,,,,,,,,,
USC00043491,1982,12,30,,,0.0,0.0,0.0,,,,,,,,,,,
USC00043491,1982,12,31,,,0.0,0.0,0.0,,,,,,,,,,,
USC00043491,1982,12,4,,,0.0,0.0,0.0,,,,,,,,,,,
USC00043491,1982,12,5,,,0.0,0.0,0.0,,,,,,,,,,,
USC00043491,1982,12,6,,,0.0,0.0,0.0,,,,,,,,,,,
USC00043491,1982,12,7,,,0.0,0.0,0.0,,,,,,,,,,,
USC00043491,1982,12,8,,,0.0,0.0,0.0,,,,,,,,,,,
USC00043491,1982,12,9,,,0.0,0.0,0.0,,,,,,,,,,,
USC00043491,1983,1,1,,,0.0,0.0,0.0,,,,,,,,,,,
USC00043491,1983,1,10,,,0.0,0.0,0.0,,,,,,,,,,,
USC00043491,1983,1,11,,,0.0,0.0,0.0,,,,,,,,,,,
USC00043491,1983,1,12,,,0.0,0.0,0.0,,,,,,,,,,,
USC00043491,1983,1,13,,,0.0,0.0,0.0,,,,,,,,,,,
USC00043491,1983,1,14,,,0.0,0.0,0.0,,,,,,,,,,,
USC00043491,1983,1,15,,,0.0,0.0,0.0,,,,,,,,,,,
USC00043491,1983,1,16,,,66.0,0.0,0.0,,,,,,,,,,,
USC00043491,1983,1,17,,,3.0,0.0,0.0,,,,,,,,,,,
USC00043491,1983,1,18,,,69.0,0.0,0.0,,,,,,,,,,,
USC00043491,1983,1,19,,,399.0,0.0,0.0,,,,,,,,,,,
USC00043491,1983,1,2,,,0.0,0.0,0.0,,,,,,,,,,,
USC00043491,1983,1,20,,,8.0,0.0,0.0,,,,,,,,,,,
USC00043491,1983,1,21,,,0.0,0.0,0.0,,,,,,,,,,,
USC00043491,1983,1,22,,,376.0,0.0,0.0,,,,,,,,,,,
USC00043491,1983,1,23,,,5.0,0.0,0.0,,,,,,,,,,,
USC00043491,1983,1,24,,,615.0,0.0,0.0,,,,,,,,,,,
USC00043491,1983,1,25,,,0.0,0.0,0.0,,,,,,,,,,,
USC00043491,1983,1,26,,,13.0,0.0,0.0,,,,,,,,,,,
USC00043491,1983,1,27,,,871.0,0.0,0.0,,,,,,,,,,,
USC00043491,1983,1,28,,,18.0,0.0,0.0,,,,,,,,,,,
USC00043491,1983,1,29,,,526.0,0.0,0.0,,,,,,,,,,,
USC00043491,1983,1,3,,,0.0,0.0,0.0,,,,,,,,,,,
USC00043491,1983,1,30,,,69.0,0.0,0.0,,,,,,,,,,,
USC00043491,1983,1,31,,,0.0,0.0,0.0,,,,,,,,,,,
USC00043491,1983,1,4,,,0.0,0.0,0.0,,,,,,,,,,,
USC00043491,1983,1,5,,,0.0,0.0,0.0,,,,,,,,,,,
USC00043491,1983,1,6,,,0.0,0.0,0.0,,,,,,,,,,,
USC00043491,1983,1,7,,,0.0,0.0,0.0,,,,,,,,,,,
USC00043491,1983,1,8,,,0.0,0.0,0.0,,,,,,,,,,,
USC00043491,1983,1,9,,,0.0,0.0,0.0,,,,,,,,,,,
USC00043491,1983,2,1,,,0.0,0.0,0.0,,,,,,,,,,,
USC00043491,1983,2,10,,,117.0,0.0,0.0,,,,,,,,,,,
USC00043491,1983,2,11,,,0.0,0.0,0.0,,,,,,,,,,,
USC00043491,1983,2,12,,,305.0,0.0,0.0,,,,,,,,,,,
USC00043491,1983,2,13,,,325.0,0.0,0.0,,,,,,,,,,,
USC00043491,1983,2,14,,,0.0,0.0,0.0,,,,,,,,,,,
USC00043491,1983,2,15,,,0.0,0.0,0.0,,,,,,,,,,,
USC00043491,1983,2,16,,,23.0,0.0,0.0,,,,,,,,,,,
USC00043491,1983,2,17,,,0.0,0.0,0.0,,,,,,,,,,,
USC00043491,1983,2,18,,,307.0,0.0,0.0,,,,,,,,,,,
USC00043491,1983,2,19,,,43.0,0.0,0.0,,,,,,,,,,,
USC00043491,1983,2,2,,,0.0,0.0,0.0,,,,,,,,,,,
USC00043491,1983,2,20,,,0.0,0.0,0.0,,,,,,,,,,,
USC00043491,1983,2,21,,,0.0,0.0,0.0,,,,,,,,,,,
USC00043491,1983,2,22,,,0.0,0.0,0.0,,,,,,,,,,,
USC00043491,1983,2,23,,,0.0,0.0,0.0,,,,,,,,,,,
USC00043491,1983,2,24,,,0.0,0.0,0.0,,,,,,,,,,,
USC00043491,1983,2,25,,,300.0,0.0,0.0,,,,,,,,,,,
USC00043491,1983,2,26,,,404.0,0.0,0.0,,,,,,,,,,,
USC00043491,1983,2,27,,,330.0,0.0,0.0,,,,,,,,,,,
USC00043491,1983,2,28,,,282.0,0.0,0.0,,,,,,,,,,,
USC00043491,1983,2,29,,,-9999.0,-9999.0,-9999.0,,,,,,,,,,,
USC00043491,1983,2,3,,,0.0,0.0,0.0,,,,,,,,,,,
USC00043491,1983,2,30,,,-9999.0,-9999.0,-9999.0,,,,,,,,,,,
USC00043491,1983,2,31,,,-9999.0,-9999.0,-9999.0,,,,,,,,,,,
USC00043491,1983,2,4,,,0.0,0.0,0.0,,,,,,,,,,,
USC00043491,1983,2,5,,,61.0,0.0,0.0,,,,,,,,,,,
USC00043491,1983,2,6,,,246.0,0.0,0.0,,,,,,,,,,,
USC00043491,1983,2,7,,,653.0,0.0,0.0,,,,,,,,,,,
USC00043491,1983,2,8,,,648.0,0.0,0.0,,,,,,,,,,,
USC00043491,1983,2,9,,,157.0,0.0,0.0,,,,,,,,,,,
USC00043491,1983,3,1,,,447.0,0.0,0.0,,,,,,,,,,,
USC00043491,1983,3,10,,,8.0,0.0,0.0,,,,,,,,,,,
USC00043491,1983,3,11,,,178.0,0.0,0.0,,,,,,,,,,,
USC00043491,1983,3,12,,,244.0,0.0,0.0,,,,,,,,,,,
USC00043491,1983,3,13,,,1242.0,0.0,0.0,,,,,,,,,,,
USC00043491,1983,3,14,,,5.0,0.0,0.0,,,,,,,,,,,
USC00043491,1983,3,15,,,0.0,0.0,0.0,,,,,,,,,,,
USC00043491,1983,3,16,,,79.0,0.0,0.0,,,,,,,,,,,
USC00043491,1983,3,17,,,229.0,0.0,0.0,,,,,,,,,,,
USC00043491,1983,3,18,,,135.0,0.0,0.0,,,,,,,,,,,
USC00043491,1983,3,19,,,13.0,0.0,0.0,,,,,,,,,,,
USC00043491,1983,3,2,,,351.0,0.0,0.0,,,,,,,,,,,
USC00043491,1983,3,20,,,76.0,0.0,0.0,,,,,,,,,,,
USC00043491,1983,3,21,,,203.0,0.0,0.0,,,,,,,,,,,
USC00043491,1983,3,22,,,213.0,0.0,0.0,,,,,,,,,,,
USC00043491,1983,3,23,,,79.0,0.0,0.0,,,,,,,,,,,
USC00043491,1983,3,24,,,554.0,0.0,0.0,,,,,,,,,,,
USC00043491,1983,3,25,,,97.0,0.0,0.0,,,,,,,,,,,
USC00043491,1983,3,26,,,0.0,0.0,0.0,,,,,,,,,,,
USC00043491,1983,3,27,,,160.0,0.0,0.0,,,,,,,,,,,
USC00043491,1983,3,28,,,5.0,0.0,0.0,,,,,,,,,,,
USC00043491,1983,3,29,,,8.0,0.0,0.0,,,,,,,,,,,
USC00043491,1983,3,3,,,69.0,0.0,0.0,,,,,,,,,,,
USC00043491,1983,3,30,,,15.0,0.0,0.0,,,,,,,,,,,
USC00043491,1983,3,31,,,251.0,0.0,0.0,,,,,,,,,,,
USC00043491,1983,3,4,,,64.0,0.0,0.0,,,,,,,,,,,
USC00043491,1983,3,5,,,218.0,0.0,0.0,,,,,,,,,,,
USC00043491,1983,3,6,,,15.0,0.0,0.0,,,,,,,,,,,
USC00043491,1983,3,7,,,246.0,0.0,0.0,,,,,,,,,,,
USC00043491,1983,3,8,,,15.0,0.0,0.0,,,,,,,,,,,
USC00043491,1983,3,9,,,0.0,0.0,0.0,,,,,,,,,,,
USC00043491,1983,4,1,,,0.0,0.0,0.0,,,,,,,,,,,
USC00043491,1983,4,10,,,0.0,0.0,0.0,,,,,,,,,,,
USC00043491,1983,4,11,,,3.0,0.0,0.0,,,,,,,,,,,
USC00043491,1983,4,12,,,10.0,0.0,0.0,,,,,,,,,,,
USC00043491,1983,4,13,,,18.0,0.0,0.0,,,,,,,,,,,
USC00043491,1983,4,14,,,13.0,0.0,0.0,,,,,,,,,,,
USC00043491,1983,4,15,,,5.0,0.0,0.0,,,,,,,,,,,
USC00043491,1983,4,16,,,0.0,0.0,0.0,,,,,,,,,,,
USC00043491,1983,4,17,,,0.0,0.0,0.0,,,,,,,,,,,
USC00043491,1983,4,18,,,102.0,0.0,0.0,,,,,,,,,,,
USC00043491,1983,4,19,,,30.0,0.0,0.0,,,,,,,,,,,
USC00043491,1983,4,2,,,102.0,0.0,0.0,,,,,,,,,,,
USC00043491,1983,4,20,,,287.0,0.0,0.0,,,,,,,,,,,
USC00043491,1983,4,21,,,10.0,0.0,0.0,,,,,,,,,,,
USC00043491,1983,4,22,,,5.0,0.0,0.0,,,,,,,,,,,
USC00043491,1983,4,23,,,277.0,0.0,0.0,,,,,,,,,,,
USC00043491,1983,4,24,,,183.0,0.0,0.0,,,,,,,,,,,
USC00043491,1983,4,25,,,117.0,0.0,0.0,,,,,,,,,,,
USC00043491,1983,4,26,,,0.0,0.0,0.0,,,,,,,,,,,
USC00043491,1983,4,27,,,76.0,0.0,0.0,,,,,,,,,,,
USC00043491,1983,4,28,,,569.0,0.0,0.0,,,,,,,,,,,
USC00043491,1983,4,29,,,198.0,0.0,0.0,,,,,,,,,,,
USC00043491,1983,4,3,,,0.0,0.0,0.0,,,,,,,,,,,
USC00043491,1983,4,30,,,384.0,0.0,0.0,,,,,,,,,,,
USC00043491,1983,4,31,,,-9999.0,-9999.0,-9999.0,,,,,,,,,,,
USC00043491,1983,4,4,,,0.0,0.0,0.0,,,,,,,,,,,
USC00043491,1983,4,5,,,0.0,0.0,0.0,,,,,,,,,,,
USC00043491,1983,4,6,,,0.0,0.0,0.0,,,,,,,,,,,
USC00043491,1983,4,7,,,0.0,0.0,0.0,,,,,,,,,,,
USC00043491,1983,4,8,,,0.0,0.0,0.0,,,,,,,,,,,
USC00043491,1983,4,9,,,0.0,0.0,0.0,,,,,,,,,,,
USC00043491,1983,5,1,,,25.0,0.0,0.0,,,,,,,,,,,
USC00043491,1983,5,10,,,0.0,0.0,0.0,,,,,,,,,,,
USC00043491,1983,5,11,,,0.0,0.0,0.0,,,,,,,,,,,
USC00043491,1983,5,12,,,0.0,0.0,0.0,,,,,,,,,,,
USC00043491,1983,5,13,,,0.0,0.0,0.0,,,,,,,,,,,
USC00043491,1983,5,14,,,0.0,0.0,0.0,,,,,,,,,,,
USC00043491,1983,5,15,,,0.0,0.0,0.0,,,,,,,,,,,
USC00043491,1983,5,16,,,0.0,0.0,0.0,,,,,,,,,,,
USC00043491,1983,5,17,,,0.0,0.0,0.0,,,,,,,,,,,
USC00043491,1983,5,18,,,0.0,0.0,0.0,,,,,,,,,,,
USC00043491,1983,5,19,,,0.0,0.0,0.0,,,,,,,,,,,
USC00043491,1983,5,2,,,0.0,0.0,0.0,,,,,,,,,,,
USC00043491,1983,5,20,,,0.0,0.0,0.0,,,,,,,,,,,
USC00043491,1983,5,21,,,0.0,0.0,0.0,,,,,,,,,,,
USC00043491,1983,5,22,,,0.0,0.0,0.0,,,,,,,,,,,
USC00043491,1983,5,23,,,0.0,0.0,0.0,,,,,,,,,,,
USC00043491,1983,5,24,,,0.0,0.0,0.0,,,,,,,,,,,
USC00043491,1983,5,25,,,0.0,0.0,0.0,,,,,,,,,,,
USC00043491,1983,5,26,,,0.0,0.0,0.0,,,,,,,,,,,
USC00043491,1983,5,27,,,0.0,0.0,0.0,,,,,,,,,,,
USC00043491,1983,5,28,,,0.0,0.0,0.0,,,,,,,,,,,
USC00043491,1983,5,29,,,0.0,0.0,0.0,,,,,,,,,,,
USC00043491,1983,5,3,,,0.0,0.0,0.0,,,,,,,,,,,
USC00043491,1983,5,30,,,0.0,0.0,0.0,,,,,,,,,,,
USC00043491,1983,5,31,,,0.0,0.0,0.0,,,,,,,,,,,
USC00043491,1983,5,4,,,13.0,0.0,0.0,,,,,,,,,,,
USC00043491,1983,5,5,,,145.0,0.0,0.0,,,,,,,,,,,
USC00043491,1983,5,6,,,132.0,0.0,0.0,,,,,,,,,,,
USC00043491,1983,5,7,,,0.0,0.0,0.0,,,,,,,,,,,
USC00043491,1983,5,8,,,0.0,0.0,0.0,,,,,,,,,,,
USC00043491,1983,5,9,,,0.0,0.0,0.0,,,,,,,,,,,
USC00043491,1983,6,1,,,8.0,0.0,0.0,,,,,,,,,,,
USC00043491,1983,6,10,,,0.0,0.0,0.0,,,,,,,,,,,
USC00043491,1983,6,11,,,109.0,0.0,0.0,,,,,,,,,,,
USC00043491,1983,6,12,,,0.0,0.0,0.0,,,,,,,,,,,
USC00043491,1983,6,13,,,0.0,0.0,0.0,,,,,,,,,,,
USC00043491,1983,6,14,,,0.0,0.0,0.0,,,,,,,,,,,
USC00043491,1983,6,15,,,0.0,0.0,0.0,,,,,,,,,,,
USC00043491,1983,6,16,,,0.0,0.0,0.0,,,,,,,,,,,
USC00043491,1983,6,17,,,0.0,0.0,0.0,,,,,,,,,,,
USC00043491,1983,6,18,,,0.0,0.0,0.0,,,,,,,,,,,
USC00043491,1983,6,19,,,0.0,0.0,0.0,,,,,,,,,,,
USC00043491,1983,6,2,,,0.0,0.0,0.0,,,,,,,,,,,
USC00043491,1983,6,20,,,0.0,0.0,0.0,,,,,,,,,,,
USC00043491,1983,6,21,,,0.0,0.0,0.0,,,,,,,,,,,
USC00043491,1983,6,22,,,0.0,0.0,0.0,,,,,,,,,,,
USC00043491,1983,6,23,,,0.0,0.0,0.0,,,,,,,,,,,
USC00043491,1983,6,24,,,0.0,0.0,0.0,,,,,,,,,,,
USC00043491,1983,6,25,,,0.0,0.0,0.0,,,,,,,,,,,
USC00043491,1983,6,26,,,0.0,0.0,0.0,,,,,,,,,,,
USC00043491,1983,6,27,,,0.0,0.0,0.0,,,,,,,,,,,
USC00043491,1983,6,28,,,0.0,0.0,0.0,,,,,,,,,,,
USC00043491,1983,6,29,,,0.0,0.0,0.0,,,,,,,,,,,
USC00043491,1983,6,3,,,0.0,0.0,0.0,,,,,,,,,,,
USC00043491,1983,6,30,,,0.0,0.0,0.0,,,,,,,,,,,
USC00043491,1983,6,31,,,-9999.0,-9999.0,-9999.0,,,,,,,,,,,
USC00043491,1983,6,4,,,0.0,0.0,0.0,,,,,,,,,,,
USC00043491,1983,6,5,,,0.0,0.0,0.0,,,,,,,,,,,
USC00043491,1983,6,6,,,0.0,0.0,0.0,,,,,,,,,,,
USC00043491,1983,6,7,,,0.0,0.0,0.0,,,,,,,,,,,
USC00043491,1983,6,8,,,0.0,0.0,0.0,,,,,,,,,,,
USC00043491,1983,6,9,,,0.0,0.0,0.0,,,,,,,,,,,
USC00043491,1983,7,1,,,38.0,0.0,0.0,,,,,,,,,,,
USC00043491,1983,7,10,,,0.0,0.0,0.0,,,,,,,,,,,
USC00043491,1983,7,11,,,0.0,0.0,0.0,,,,,,,,,,,
USC00043491,1983,7,12,,,0.0,0.0,0.0,,,,,,,,,,,
USC00043491,1983,7,13,,,0.0,0.0,0.0,,,,,,,,,,,
USC00043491,1983,7,14,,,0.0,0.0,0.0,,,,,,,,,,,
USC00043491,1983,7,15,,,0.0,0.0,0.0,,,,,,,,,,,
USC00043491,1983,7,16,,,0.0,0.0,0.0,,,,,,,,,,,
USC00043491,1983,7,17,,,0.0,0.0,0.0,,,,,,,,,,,
USC00043491,1983,7,18,,,0.0,0.0,0.0,,,,,,,,,,,
USC00043491,1983,7,19,,,0.0,0.0,0.0,,,,,,,,,,,
USC00043491,1983,7,2,,,0.0,0.0,0.0,,,,,,,,,,,
USC00043491,1983,7,20,,,0.0,0.0,0.0,,,,,,,,,,,
USC00043491,1983,7,21,,,0.0,0.0,0.0,,,,,,,,,,,
USC00043491,1983,7,22,,,0.0,0.0,0.0,,,,,,,,,,,
USC00043491,1983,7,23,,,0.0,0.0,0.0,,,,,,,,,,,
USC00043491,1983,7,24,,,0.0,0.0,0.0,,,,,,,,,,,
USC00043491,1983,7,25,,,0.0,0.0,0.0,,,,,,,,,,,
USC00043491,1983,7,26,,,0.0,0.0,0.0,,,,,,,,,,,
USC00043491,1983,7,27,,,0.0,0.0,0.0,,,,,,,,,,,
USC00043491,1983,7,28,,,0.0,0.0,0.0,,,,,,,,,,,
USC00043491,1983,7,29,,,0.0,0.0,0.0,,,,,,,,,,,
USC00043491,1983,7,3,,,0.0,0.0,0.0,,,,,,,,,,,
USC00043491,1983,7,30,,,0.0,0.0,0.0,,,,,,,,,,,
USC00043491,1983,7,31,,,0.0,0.0,0.0,,,,,,,,,,,
USC00043491,1983,7,4,,,0.0,0.0,0.0,,,,,,,,,,,
USC00043491,1983,7,5,,,0.0,0.0,0.0,,,,,,,,,,,
USC00043491,1983,7,6,,,0.0,0.0,0.0,,,,,,,,,,,
USC00043491,1983,7,7,,,0.0,0.0,0.0,,,,,,,,,,,
USC00043491,1983,7,8,,,0.0,0.0,0.0,,,,,,,,,,,
USC00043491,1983,7,9,,,0.0,0.0,0.0,,,,,,,,,,,
USC00043491,1983,8,1,,,0.0,0.0,0.0,,,,,,,,,,,
USC00043491,1983,8,10,,,0.0,0.0,0.0,,,,,,,,,,,
USC00043491,1983,8,11,,,0.0,0.0,0.0,,,,,,,,,,,
USC00043491,1983,8,12,,,0.0,0.0,0.0,,,,,,,,,,,
USC00043491,1983,8,13,,,0.0,0.0,0.0,,,,,,,,,,,
USC00043491,1983,8,14,,,0.0,0.0,0.0,,,,,,,,,,,
USC00043491,1983,8,15,,,0.0,0.0,0.0,,,,,,,,,,,
USC00043491,1983,8,16,,,0.0,0.0,0.0,,,,,,,,,,,
USC00043491,1983,8,17,,,3.0,0.0,0.0,,,,,,,,,,,
USC00043491,1983,8,18,,,0.0,0.0,0.0,,,,,,,,,,,
USC00043491,1983,8,19,,,51.0,0.0,0.0,,,,,,,,,,,
USC00043491,1983,8,2,,,0.0,0.0,0.0,,,,,,,,,,,
USC00043491,1983,8,20,,,20.0,0.0,0.0,,,,,,,,,,,
USC00043491,1983,8,21,,,0.0,0.0,0.0,,,,,,,,,,,
USC00043491,1983,8,22,,,0.0,0.0,0.0,,,,,,,,,,,
USC00043491,1983,8,23,,,0.0,0.0,0.0,,,,,,,,,,,
USC00043491,1983,8,24,,,0.0,0.0,0.0,,,,,,,,,,,
USC00043491,1983,8,25,,,0.0,0.0,0.0,,,,,,,,,,,
USC00043491,1983,8,26,,,0.0,0.0,0.0,,,,,,,,,,,
USC00043491,1983,8,27,,,0.0,0.0,0.0,,,,,,,,,,,
USC00043491,1983,8,28,,,0.0,0.0,0.0,,,,,,,,,,,
USC00043491,1983,8,29,,,0.0,0.0,0.0,,,,,,,,,,,
USC00043491,1983,8,3,,,0.0,0.0,0.0,,,,,,,,,,,
USC00043491,1983,8,30,,,0.0,0.0,0.0,,,,,,,,,,,
USC00043491,1983,8,31,,,30.0,0.0,0.0,,,,,,,,,,,
USC00043491,1983,8,4,,,0.0,0.0,0.0,,,,,,,,,,,
USC00043491,1983,8,5,,,0.0,0.0,0.0,,,,,,,,,,,
USC00043491,1983,8,6,,,0.0,0.0,0.0,,,,,,,,,,,
USC00043491,1983,8,7,,,3.0,0.0,0.0,,,,,,,,,,,
USC00043491,1983,8,8,,,0.0,0.0,0.0,,,,,,,,,,,
USC00043491,1983,8,9,,,0.0,0.0,0.0,,,,,,,,,,,
USC00043491,1983,9,1,,,0.0,0.0,0.0,,,,,,,,,,,
USC00043491,1983,9,10,,,0.0,0.0,0.0,,,,,,,,,,,
USC00043491,1983,9,11,,,0.0,0.0,0.0,,,,,,,,,,,
USC00043491,1983,9,12,,,0.0,0.0,0.0,,,,,,,,,,,
USC00043491,1983,9,13,,,0.0,0.0,0.0,,,,,,,,,,,
USC00043491,1983,9,14,,,0.0,0.0,0.0,,,,,,,,,,,
USC00043491,1983,9,15,,,0.0,0.0,0.0,,,,,,,,,,,
USC00043491,1983,9,16,,,0.0,0.0,0.0,,,,,,,,,,,
USC00043491,1983,9,17,,,0.0,0.0,0.0,,,,,,,,,,,
USC00043491,1983,9,18,,,0.0,0.0,0.0,,,,,,,,,,,
USC00043491,1983,9,19,,,0.0,0.0,0.0,,,,,,,,,,,
USC00043491,1983,9,2,,,0.0,0.0,0.0,,,,,,,,,,,
USC00043491,1983,9,20,,,0.0,0.0,0.0,,,,,,,,,,,
USC00043491,1983,9,21,,,0.0,0.0,0.0,,,,,,,,,,,
USC00043491,1983,9,22,,,23.0,0.0,0.0,,,,,,,,,,,
USC00043491,1983,9,23,,,3.0,0.0,0.0,,,,,,,,,,,
USC00043491,1983,9,24,,,0.0,0.0,0.0,,,,,,,,,,,
USC00043491,1983,9,25,,,0.0,0.0,0.0,,,,,,,,,,,
USC00043491,1983,9,26,,,0.0,0.0,0.0,,,,,,,,,,,
USC00043491,1983,9,27,,,0.0,0.0,0.0,,,,,,,,,,,
USC00043491,1983,9,28,,,0.0,0.0,0.0,,,,,,,,,,,
USC00043491,1983,9,29,,,18.0,0.0,0.0,,,,,,,,,,,
USC00043491,1983,9,3,,,0.0,0.0,0.0,,,,,,,,,,,
USC00043491,1983,9,30,,,485.0,0.0,0.0,,,,,,,,,,,
USC00043491,1983,9,31,,,-9999.0,-9999.0,-9999.0,,,,,,,,,,,
USC00043491,1983,9,4,,,0.0,0.0,0.0,,,,,,,,,,,
USC00043491,1983,9,5,,,0.0,0.0,0.0,,,,,,,,,,,
USC00043491,1983,9,6,,,0.0,0.0,0.0,,,,,,,,,,,
USC00043491,1983,9,7,,,0.0,0.0,0.0,,,,,,,,,,,
USC00043491,1983,9,8,,,0.0,0.0,0.0,,,,,,,,,,,
USC00043491,1983,9,9,,,0.0,0.0,0.0,,,,,,,,,,,
USC00043491,1983,10,1,,,3.0,0.0,0.0,,,,,,,,,,,
USC00043491,1983,10,10,,,0.0,0.0,0.0,,,,,,,,,,,
USC00043491,1983,10,11,,,0.0,0.0,0.0,,,,,,,,,,,
USC00043491,1983,10,12,,,0.0,0.0,0.0,,,,,,,,,,,
USC00043491,1983,10,13,,,0.0,0.0,0.0,,,,,,,,,,,
USC00043491,1983,10,14,,,0.0,0.0,0.0,,,,,,,,,,,
USC00043491,1983,10,15,,,0.0,0.0,0.0,,,,,,,,,,,
USC00043491,1983,10,16,,,0.0,0.0,0.0,,,,,,,,,,,
USC00043491,1983,10,17,,,0.0,0.0,0.0,,,,,,,,,,,
USC00043491,1983,10,18,,,0.0,0.0,0.0,,,,,,,,,,,
USC00043491,1983,10,19,,,0.0,0.0,0.0,,,,,,,,,,,
USC00043491,1983,10,2,,,102.0,0.0,0.0,,,,,,,,,,,
USC00043491,1983,10,20,,,0.0,0.0,0.0,,,,,,,,,,,
USC00043491,1983,10,21,,,0.0,0.0,0.0,,,,,,,,,,,
USC00043491,1983,10,22,,,0.0,0.0,0.0,,,,,,,,,,,
USC00043491,1983,10,23,,,25.0,0.0,0.0,,,,,,,,,,,
USC00043491,1983,10,24,,,0.0,0.0,0.0,,,,,,,,,,,
USC00043491,1983,10,25,,,0.0,0.0,0.0,,,,,,,,,,,
USC00043491,1983,10,26,,,0.0,0.0,0.0,,,,,,,,,,,
USC00043491,1983,10,27,,,0.0,0.0,0.0,,,,,,,,,,,
USC00043491,1983,10,28,,,0.0,0.0,0.0,,,,,,,,,,,
USC00043491,1983,10,29,,,8.0,0.0,0.0,,,,,,,,,,,
USC00043491,1983,10,3,,,3.0,0.0,0.0,,,,,,,,,,,
USC00043491,1983,10,30,,,460.0,0.0,0.0,,,,,,,,,,,
USC00043491,1983,10,31,,,734.0,0.0,0.0,,,,,,,,,,,
USC00043491,1983,10,4,,,0.0,0.0,0.0,,,,,,,,,,,
USC00043491,1983,10,5,,,0.0,0.0,0.0,,,,,,,,,,,
USC00043491,1983,10,6,,,0.0,0.0,0.0,,,,,,,,,,,
USC00043491,1983,10,7,,,0.0,0.0,0.0,,,,,,,,,,,
USC00043491,1983,10,8,,,0.0,0.0,0.0,,,,,,,,,,,
USC00043491,1983,10,9,,,18.0,0.0,0.0,,,,,,,,,,,
USC00043491,1983,11,1,,,338.0,0.0,0.0,,,,,,,,,,,
USC00043491,1983,11,10,,,185.0,0.0,0.0,,,,,,,,,,,
USC00043491,1983,11,11,,,800.0,0.0,0.0,,,,,,,,,,,
USC00043491,1983,11,12,,,170.0,0.0,0.0,,,,,,,,,,,
USC00043491,1983,11,13,,,267.0,0.0,0.0,,,,,,,,,,,
USC00043491,1983,11,14,,,5.0,0.0,0.0,,,,,,,,,,,
USC00043491,1983,11,15,,,0.0,0.0,0.0,,,,,,,,,,,
USC00043491,1983,11,16,,,348.0,0.0,0.0,,,,,,,,,,,
USC00043491,1983,11,17,,,1229.0,0.0,0.0,,,,,,,,,,,
USC00043491,1983,11,18,,,10.0,0.0,0.0,,,,,,,,,,,
USC00043491,1983,11,19,,,282.0,0.0,0.0,,,,,,,,,,,
USC00043491,1983,11,2,,,3.0,0.0,0.0,,,,,,,,,,,
USC00043491,1983,11,20,,,302.0,0.0,0.0,,,,,,,,,,,
USC00043491,1983,11,21,,,0.0,0.0,0.0,,,,,,,,,,,
USC00043491,1983,11,22,,,20.0,0.0,0.0,,,,,,,,,,,
USC00043491,1983,11,23,,,102.0,0.0,0.0,,,,,,,,,,,
USC00043491,1983,11,24,,,726.0,0.0,0.0,,,,,,,,,,,
USC00043491,1983,11,25,,,76.0,0.0,0.0,,,,,,,,,,,
USC00043491,1983,11,26,,,0.0,0.0,0.0,,,,,,,,,,,
USC00043491,1983,11,27,,,0.0,0.0,0.0,,,,,,,,,,,
USC00043491,1983,11,28,,,0.0,0.0,0.0,,,,,,,,,,,
USC00043491,1983,11,29,,,0.0,0.0,0.0,,,,,,,,,,,
USC00043491,1983,11,3,,,0.0,0.0,0.0,,,,,,,,,,,
USC00043491,1983,11,30,,,0.0,0.0,0.0,,,,,,,,,,,
USC00043491,1983,11,31,,,-9999.0,-9999.0,-9999.0,,,,,,,,,,,
USC00043491,1983,11,4,,,0.0,0.0,0.0,,,,,,,,,,,
USC00043491,1983,11,5,,,0.0,0.0,0.0,,,,,,,,,,,
USC00043491,1983,11,6,,,8.0,0.0,0.0,,,,,,,,,,,
USC00043491,1983,11,7,,,178.0,0.0,0.0,,,,,,,,,,,
USC00043491,1983,11,8,,,0.0,0.0,0.0,,,,,,,,,,,
USC00043491,1983,11,9,,,155.0,0.0,0.0,,,,,,,,,,,
USC00043491,1983,12,1,,,0.0,0.0,0.0,,,,,,,,,,,
USC00043491,1983,12,10,,,490.0,0.0,0.0,,,,,,,,,,,
USC00043491,1983,12,11,,,356.0,0.0,0.0,,,,,,,,,,,
USC00043491,1983,12,12,,,5.0,0.0,0.0,,,,,,,,,,,
USC00043491,1983,12,13,,,18.0,0.0,0.0,,,,,,,,,,,
USC00043491,1983,12,14,,,5.0,0.0,0.0,,,,,,,,,,,
USC00043491,1983,12,15,,,0.0,0.0,0.0,,,,,,,,,,,
USC00043491,1983,12,16,,,0.0,0.0,0.0,,,,,,,,,,,
USC00043491,1983,12,17,,,130.0,0.0,0.0,,,,,,,,,,,
USC00043491,1983,12,18,,,0.0,0.0,0.0,,,,,,,,,,,
USC00043491,1983,12,19,,,0.0,0.0,0.0,,,,,,,,,,,
USC00043491,1983,12,2,,,8.0,0.0,0.0,,,,,,,,,,,
USC00043491,1983,12,20,,,30.0,0.0,0.0,,,,,,,,,,,
USC00043491,1983,12,21,,,0.0,0.0,0.0,,,,,,,,,,,
USC00043491,1983,12,22,,,69.0,0.0,0.0,,,,,,,,,,,
USC00043491,1983,12,23,,,348.0,0.0,0.0,,,,,,,,,,,
USC00043491,1983,12,24,,,592.0,0.0,0.0,,,,,,,,,,,
USC00043491,1983,12,25,,,856.0,0.0,0.0,,,,,,,,,,,
USC00043491,1983,12,26,,,434.0,0.0,0.0,,,,,,,,,,,
USC00043491,1983,12,27,,,544.0,0.0,0.0,,,,,,,,,,,
USC00043491,1983,12,28,,,0.0,0.0,0.0,,,,,,,,,,,
USC00043491,1983,12,29,,,5.0,0.0,0.0,,,,,,,,,,,
USC00043491,1983,12,3,,,46.0,0.0,0.0,,,,,,,,,,,
USC00043491,1983,12,30,,,445.0,0.0,0.0,,,,,,,,,,,
USC00043491,1983,12,31,,,20.0,0.0,0.0,,,,,,,,,,,
USC00043491,1983,12,4,,,437.0,0.0,0.0,,,,,,,,,,,
USC00043491,1983,12,5,,,15.0,0.0,0.0,,,,,,,,,,,
USC00043491,1983,12,6,,,112.0,0.0,0.0,,,,,,,,,,,
USC00043491,1983,12,7,,,5.0,0.0,0.0,,,,,,,,,,,
USC00043491,1983,12,8,,,231.0,0.0,0.0,,,,,,,,,,,
USC00043491,1983,12,9,,,259.0,0.0,0.0,,,,,,,,,,,
USC00043491,1984,1,1,,,0.0,0.0,0.0,,,,,,,,,,,
USC00043491,1984,1,10,,,15.0,0.0,0.0,,,,,,,,,,,
USC00043491,1984,1,11,,,0.0,0.0,0.0,,,,,,,,,,,
USC00043491,1984,1,12,,,0.0,0.0,0.0,,,,,,,,,,,
USC00043491,1984,1,13,,,0.0,0.0,0.0,,,,,,,,,,,
USC00043491,1984,1,14,,,0.0,0.0,0.0,,,,,,,,,,,
USC00043491,1984,1,15,,,0.0,0.0,0.0,,,,,,,,,,,
USC00043491,1984,1,16,,,86.0,0.0,0.0,,,,,,,,,,,
USC00043491,1984,1,17,,,0.0,0.0,0.0,,,,,,,,,,,
USC00043491,1984,1,18,,,0.0,0.0,0.0,,,,,,,,,,,
USC00043491,1984,1,19,,,0.0,0.0,0.0,,,,,,,,,,,
USC00043491,1984,1,2,,,0.0,0.0,0.0,,,,,,,,,,,
USC00043491,1984,1,20,,,0.0,0.0,0.0,,,,,,,,,,,
USC00043491,1984,1,21,,,10.0,0.0,0.0,,,,,,,,,,,
USC00043491,1984,1,22,,,0.0,0.0,0.0,,,,,,,,,,,
USC00043491,1984,1,23,,,0.0,0.0,0.0,,,,,,,,,,,
USC00043491,1984,1,24,,,0.0,0.0,0.0,,,,,,,,,,,
USC00043491,1984,1,25,,,0.0,0.0,0.0,,,,,,,,,,,
USC00043491,1984,1,26,,,0.0,0.0,0.0,,,,,,,,,,,
USC00043491,1984,1,27,,,0.0,0.0,0.0,,,,,,,,,,,
USC00043491,1984,1,28,,,0.0,0.0,0.0,,,,,,,,,,,
USC00043491,1984,1,29,,,0.0,0.0,0.0,,,,,,,,,,,
USC00043491,1984,1,3,,,0.0,0.0,0.0,,,,,,,,,,,
USC00043491,1984,1,30,,,0.0,0.0,0.0,,,,,,,,,,,
USC00043491,1984,1,31,,,0.0,0.0,0.0,,,,,,,,,,,
USC00043491,1984,1,4,,,0.0,0.0,0.0,,,,,,,,,,,
USC00043491,1984,1,5,,,0.0,0.0,0.0,,,,,,,,,,,
USC00043491,1984,1,6,,,0.0,0.0,0.0,,,,,,,,,,,
USC00043491,1984,1,7,,,0.0,0.0,0.0,,,,,,,,,,,
USC00043491,1984,1,8,,,0.0,0.0,0.0,,,,,,,,,,,
USC00043491,1984,1,9,,,0.0,0.0,0.0,,,,,,,,,,,
USC00043491,1984,2,1,,,0.0,0.0,,,,,,,,,,,,
USC00043491,1984,2,10,,,64.0,0.0,,,,,,,,,,,,
USC00043491,1984,2,11,,,3.0,0.0,,,,,,,,,,,,
USC00043491,1984,2,12,,,140.0,0.0,,,,,,,,,,,,
USC00043491,1984,2,13,,,508.0,0.0,,,,,,,,,,,,
USC00043491,1984,2,14,,,58.0,0.0,,,,,,,,,,,,
USC00043491,1984,2,15,,,254.0,0.0,,,,,,,,,,,,
USC00043491,1984,2,16,,,168.0,0.0,,,,,,,,,,,,
USC00043491,1984,2,17,,,3.0,0.0,,,,,,,,,,,,
USC00043491,1984,2,18,,,0.0,0.0,,,,,,,,,,,,
USC00043491,1984,2,19,,,0.0,0.0,,,,,,,,,,,,
USC00043491,1984,2,2,,,0.0,0.0,,,,,,,,,,,,
USC00043491,1984,2,20,,,0.0,0.0,,,,,,,,,,,,
USC00043491,1984,2,21,,,409.0,0.0,,,,,,,,,,,,
USC00043491,1984,2,22,,,0.0,0.0,,,,,,,,,,,,
USC00043491,1984,2,23,,,0.0,0.0,,,,,,,,,,,,
USC00043491,1984,2,24,,,53.0,0.0,,,,,,,,,,,,
USC00043491,1984,2,25,,,3.0,0.0,,,,,,,,,,,,
USC00043491,1984,2,26,,,0.0,0.0,,,,,,,,,,,,
USC00043491,1984,2,27,,,0.0,0.0,,,,,,,,,,,,
USC00043491,1984,2,28,,,0.0,0.0,,,,,,,,,,,,
USC00043491,1984,2,29,,,0.0,0.0,,,,,,,,,,,,
USC00043491,1984,2,3,,,0.0,0.0,,,,,,,,,,,,
USC00043491,1984,2,30,,,-9999.0,-9999.0,,,,,,,,,,,,
USC00043491,1984,2,31,,,-9999.0,-9999.0,,,,,,,,,,,,
USC00043491,1984,2,4,,,0.0,0.0,,,,,,,,,,,,
USC00043491,1984,2,5,,,0.0,0.0,,,,,,,,,,,,
USC00043491,1984,2,6,,,0.0,0.0,,,,,,,,,,,,
USC00043491,1984,2,7,,,0.0,0.0,,,,,,,,,,,,
USC00043491,1984,2,8,,,0.0,0.0,,,,,,,,,,,,
USC00043491,1984,2,9,,,282.0,0.0,,,,,,,,,,,,
USC00043491,1984,3,1,,,0.0,0.0,,,,,,,,,,,,
USC00043491,1984,3,10,,,0.0,0.0,,,,,,,,,,,,
USC00043491,1984,3,11,,,0.0,0.0,,,,,,,,,,,,
USC00043491,1984,3,12,,,0.0,0.0,,,,,,,,,,,,
USC00043491,1984,3,13,,,406.0,0.0,,,,,,,,,,,,
USC00043491,1984,3,14,,,224.0,0.0,,,,,,,,,,,,
USC00043491,1984,3,15,,,218.0,0.0,,,,,,,,,,,,
USC00043491,1984,3,16,,,69.0,0.0,,,,,,,,,,,,
USC00043491,1984,3,17,,,183.0,0.0,,,,,,,,,,,,
USC00043491,1984,3,18,,,0.0,0.0,,,,,,,,,,,,
USC00043491,1984,3,19,,,0.0,0.0,,,,,,,,,,,,
USC00043491,1984,3,2,,,0.0,0.0,,,,,,,,,,,,
USC00043491,1984,3,20,,,0.0,0.0,,,,,,,,,,,,
USC00043491,1984,3,21,,,0.0,0.0,,,,,,,,,,,,
USC00043491,1984,3,22,,,0.0,0.0,,,,,,,,,,,,
USC00043491,1984,3,23,,,0.0,0.0,,,,,,,,,,,,
USC00043491,1984,3,24,,,0.0,0.0,,,,,,,,,,,,
USC00043491,1984,3,25,,,0.0,0.0,,,,,,,,,,,,
USC00043491,1984,3,26,,,10.0,0.0,,,,,,,,,,,,
USC00043491,1984,3,27,,,0.0,0.0,,,,,,,,,,,,
USC00043491,1984,3,28,,,0.0,0.0,,,,,,,,,,,,
USC00043491,1984,3,29,,,0.0,0.0,,,,,,,,,,,,
USC00043491,1984,3,3,,,0.0,0.0,,,,,,,,,,,,
USC00043491,1984,3,30,,,0.0,0.0,,,,,,,,,,,,
USC00043491,1984,3,31,,,259.0,0.0,,,,,,,,,,,,
USC00043491,1984,3,4,,,0.0,0.0,,,,,,,,,,,,
USC00043491,1984,3,5,,,0.0,0.0,,,,,,,,,,,,
USC00043491,1984,3,6,,,0.0,0.0,,,,,,,,,,,,
USC00043491,1984,3,7,,,0.0,0.0,,,,,,,,,,,,
USC00043491,1984,3,8,,,0.0,0.0,,,,,,,,,,,,
USC00043491,1984,3,9,,,0.0,0.0,,,,,,,,,,,,
USC00043491,1984,4,1,,,0.0,0.0,0.0,,,,,,,,,,,
USC00043491,1984,4,10,,,290.0,0.0,0.0,,,,,,,,,,,
USC00043491,1984,4,11,,,13.0,0.0,0.0,,,,,,,,,,,
USC00043491,1984,4,12,,,0.0,0.0,0.0,,,,,,,,,,,
USC00043491,1984,4,13,,,0.0,0.0,0.0,,,,,,,,,,,
USC00043491,1984,4,14,,,0.0,0.0,0.0,,,,,,,,,,,
USC00043491,1984,4,15,,,0.0,0.0,0.0,,,,,,,,,,,
USC00043491,1984,4,16,,,0.0,0.0,0.0,,,,,,,,,,,
USC00043491,1984,4,17,,,8.0,0.0,0.0,,,,,,,,,,,
USC00043491,1984,4,18,,,76.0,0.0,0.0,,,,,,,,,,,
USC00043491,1984,4,19,,,295.0,0.0,0.0,,,,,,,,,,,
USC00043491,1984,4,2,,,0.0,0.0,0.0,,,,,,,,,,,
USC00043491,1984,4,20,,,53.0,0.0,0.0,,,,,,,,,,,
USC00043491,1984,4,21,,,0.0,0.0,0.0,,,,,,,,,,,
USC00043491,1984,4,22,,,0.0,0.0,0.0,,,,,,,,,,,
USC00043491,1984,4,23,,,0.0,0.0,0.0,,,,,,,,,,,
USC00043491,1984,4,24,,,0.0,0.0,0.0,,,,,,,,,,,
USC00043491,1984,4,25,,,0.0,0.0,0.0,,,,,,,,,,,
USC00043491,1984,4,26,,,0.0,0.0,0.0,,,,,,,,,,,
USC00043491,1984,4,27,,,0.0,0.0,0.0,,,,,,,,,,,
USC00043491,1984,4,28,,,0.0,0.0,0.0,,,,,,,,,,,
USC00043491,1984,4,29,,,0.0,0.0,0.0,,,,,,,,,,,
USC00043491,1984,4,3,,,0.0,0.0,0.0,,,,,,,,,,,
USC00043491,1984,4,30,,,0.0,0.0,0.0,,,,,,,,,,,
USC00043491,1984,4,31,,,-9999.0,-9999.0,-9999.0,,,,,,,,,,,
USC00043491,1984,4,4,,,0.0,0.0,0.0,,,,,,,,,,,
USC00043491,1984,4,5,,,0.0,0.0,0.0,,,,,,,,,,,
USC00043491,1984,4,6,,,0.0,0.0,0.0,,,,,,,,,,,
USC00043491,1984,4,7,,,0.0,0.0,0.0,,,,,,,,,,,
USC00043491,1984,4,8,,,180.0,0.0,0.0,,,,,,,,,,,
USC00043491,1984,4,9,,,0.0,0.0,0.0,,,,,,,,,,,
USC00043491,1984,5,1,,,218.0,0.0,0.0,,,,,,,,,,,
USC00043491,1984,5,10,,,0.0,0.0,0.0,,,,,,,,,,,
USC00043491,1984,5,11,,,0.0,0.0,0.0,,,,,,,,,,,
USC00043491,1984,5,12,,,0.0,0.0,0.0,,,,,,,,,,,
USC00043491,1984,5,13,,,0.0,0.0,0.0,,,,,,,,,,,
USC00043491,1984,5,14,,,0.0,0.0,0.0,,,,,,,,,,,
USC00043491,1984,5,15,,,94.0,0.0,0.0,,,,,,,,,,,
USC00043491,1984,5,16,,,0.0,0.0,0.0,,,,,,,,,,,
USC00043491,1984,5,17,,,0.0,0.0,0.0,,,,,,,,,,,
USC00043491,1984,5,18,,,0.0,0.0,0.0,,,,,,,,,,,
USC00043491,1984,5,19,,,0.0,0.0,0.0,,,,,,,,,,,
USC00043491,1984,5,2,,,132.0,0.0,0.0,,,,,,,,,,,
USC00043491,1984,5,20,,,0.0,0.0,0.0,,,,,,,,,,,
USC00043491,1984,5,21,,,0.0,0.0,0.0,,,,,,,,,,,
USC00043491,1984,5,22,,,0.0,0.0,0.0,,,,,,,,,,,
USC00043491,1984,5,23,,,0.0,0.0,0.0,,,,,,,,,,,
USC00043491,1984,5,24,,,0.0,0.0,0.0,,,,,,,,,,,
USC00043491,1984,5,25,,,0.0,0.0,0.0,,,,,,,,,,,
USC00043491,1984,5,26,,,0.0,0.0,0.0,,,,,,,,,,,
USC00043491,1984,5,27,,,0.0,0.0,0.0,,,,,,,,,,,
USC00043491,1984,5,28,,,0.0,0.0,0.0,,,,,,,,,,,
USC00043491,1984,5,29,,,0.0,0.0,0.0,,,,,,,,,,,
USC00043491,1984,5,3,,,41.0,0.0,0.0,,,,,,,,,,,
USC00043491,1984,5,30,,,0.0,0.0,0.0,,,,,,,,,,,
USC00043491,1984,5,31,,,0.0,0.0,0.0,,,,,,,,,,,
USC00043491,1984,5,4,,,0.0,0.0,0.0,,,,,,,,,,,
USC00043491,1984,5,5,,,0.0,0.0,0.0,,,,,,,,,,,
USC00043491,1984,5,6,,,0.0,0.0,0.0,,,,,,,,,,,
USC00043491,1984,5,7,,,0.0,0.0,0.0,,,,,,,,,,,
USC00043491,1984,5,8,,,0.0,0.0,0.0,,,,,,,,,,,
USC00043491,1984,5,9,,,0.0,0.0,0.0,,,,,,,,,,,
USC00043491,1984,6,1,,,0.0,0.0,0.0,,,,,,,,,,,
USC00043491,1984,6,10,,,0.0,0.0,0.0,,,,,,,,,,,
USC00043491,1984,6,11,,,0.0,0.0,0.0,,,,,,,,,,,
USC00043491,1984,6,12,,,0.0,0.0,0.0,,,,,,,,,,,
USC00043491,1984,6,13,,,0.0,0.0,0.0,,,,,,,,,,,
USC00043491,1984,6,14,,,0.0,0.0,0.0,,,,,,,,,,,
USC00043491,1984,6,15,,,0.0,0.0,0.0,,,,,,,,,,,
USC00043491,1984,6,16,,,0.0,0.0,0.0,,,,,,,,,,,
USC00043491,1984,6,17,,,0.0,0.0,0.0,,,,,,,,,,,
USC00043491,1984,6,18,,,0.0,0.0,0.0,,,,,,,,,,,
USC00043491,1984,6,19,,,0.0,0.0,0.0,,,,,,,,,,,
USC00043491,1984,6,2,,,0.0,0.0,0.0,,,,,,,,,,,
USC00043491,1984,6,20,,,0.0,0.0,0.0,,,,,,,,,,,
USC00043491,1984,6,21,,,0.0,0.0,0.0,,,,,,,,,,,
USC00043491,1984,6,22,,,0.0,0.0,0.0,,,,,,,,,,,
USC00043491,1984,6,23,,,0.0,0.0,0.0,,,,,,,,,,,
USC00043491,1984,6,24,,,0.0,0.0,0.0,,,,,,,,,,,
USC00043491,1984,6,25,,,0.0,0.0,0.0,,,,,,,,,,,
USC00043491,1984,6,26,,,0.0,0.0,0.0,,,,,,,,,,,
USC00043491,1984,6,27,,,0.0,0.0,0.0,,,,,,,,,,,
USC00043491,1984,6,28,,,0.0,0.0,0.0,,,,,,,,,,,
USC00043491,1984,6,29,,,0.0,0.0,0.0,,,,,,,,,,,
USC00043491,1984,6,3,,,0.0,0.0,0.0,,,,,,,,,,,
USC00043491,1984,6,30,,,0.0,0.0,0.0,,,,,,,,,,,
USC00043491,1984,6,31,,,-9999.0,-9999.0,-9999.0,,,,,,,,,,,
USC00043491,1984,6,4,,,157.0,0.0,0.0,,,,,,,,,,,
USC00043491,1984,6,5,,,25.0,0.0,0.0,,,,,,,,,,,
USC00043491,1984,6,6,,,224.0,0.0,0.0,,,,,,,,,,,
USC00043491,1984,6,7,,,51.0,0.0,0.0,,,,,,,,,,,
USC00043491,1984,6,8,,,0.0,0.0,0.0,,,,,,,,,,,
USC00043491,1984,6,9,,,0.0,0.0,0.0,,,,,,,,,,,
USC00043491,1984,7,1,,,0.0,0.0,0.0,,,,,,,,,,,
USC00043491,1984,7,10,,,0.0,0.0,0.0,,,,,,,,,,,
USC00043491,1984,7,11,,,0.0,0.0,0.0,,,,,,,,,,,
USC00043491,1984,7,12,,,0.0,0.0,0.0,,,,,,,,,,,
USC00043491,1984,7,13,,,0.0,0.0,0.0,,,,,,,,,,,
USC00043491,1984,7,14,,,0.0,0.0,0.0,,,,,,,,,,,
USC00043491,1984,7,15,,,0.0,0.0,0.0,,,,,,,,,,,
USC00043491,1984,7,16,,,0.0,0.0,0.0,,,,,,,,,,,
USC00043491,1984,7,17,,,0.0,0.0,0.0,,,,,,,,,,,
USC00043491,1984,7,18,,,0.0,0.0,0.0,,,,,,,,,,,
USC00043491,1984,7,19,,,0.0,0.0,0.0,,,,,,,,,,,
USC00043491,1984,7,2,,,0.0,0.0,0.0,,,,,,,,,,,
USC00043491,1984,7,20,,,0.0,0.0,0.0,,,,,,,,,,,
USC00043491,1984,7,21,,,0.0,0.0,0.0,,,,,,,,,,,
USC00043491,1984,7,22,,,0.0,0.0,0.0,,,,,,,,,,,
USC00043491,1984,7,23,,,0.0,0.0,0.0,,,,,,,,,,,
USC00043491,1984,7,24,,,0.0,0.0,0.0,,,,,,,,,,,
USC00043491,1984,7,25,,,0.0,0.0,0.0,,,,,,,,,,,
USC00043491,1984,7,26,,,0.0,0.0,0.0,,,,,,,,,,,
USC00043491,1984,7,27,,,0.0,0.0,0.0,,,,,,,,,,,
USC00043491,1984,7,28,,,0.0,0.0,0.0,,,,,,,,,,,
USC00043491,1984,7,29,,,0.0,0.0,0.0,,,,,,,,,,,
USC00043491,1984,7,3,,,0.0,0.0,0.0,,,,,,,,,,,
USC00043491,1984,7,30,,,0.0,0.0,0.0,,,,,,,,,,,
USC00043491,1984,7,31,,,0.0,0.0,0.0,,,,,,,,,,,
USC00043491,1984,7,4,,,0.0,0.0,0.0,,,,,,,,,,,
USC00043491,1984,7,5,,,0.0,0.0,0.0,,,,,,,,,,,
USC00043491,1984,7,6,,,0.0,0.0,0.0,,,,,,,,,,,
USC00043491,1984,7,7,,,0.0,0.0,0.0,,,,,,,,,,,
USC00043491,1984,7,8,,,0.0,0.0,0.0,,,,,,,,,,,
USC00043491,1984,7,9,,,0.0,0.0,0.0,,,,,,,,,,,
USC00043491,1984,8,1,,,0.0,0.0,0.0,,,,,,,,,,,
USC00043491,1984,8,10,,,0.0,0.0,0.0,,,,,,,,,,,
USC00043491,1984,8,11,,,0.0,0.0,0.0,,,,,,,,,,,
USC00043491,1984,8,12,,,0.0,0.0,0.0,,,,,,,,,,,
USC00043491,1984,8,13,,,0.0,0.0,0.0,,,,,,,,,,,
USC00043491,1984,8,14,,,0.0,0.0,0.0,,,,,,,,,,,
USC00043491,1984,8,15,,,0.0,0.0,0.0,,,,,,,,,,,
USC00043491,1984,8,16,,,0.0,0.0,0.0,,,,,,,,,,,
USC00043491,1984,8,17,,,0.0,0.0,0.0,,,,,,,,,,,
USC00043491,1984,8,18,,,0.0,0.0,0.0,,,,,,,,,,,
USC00043491,1984,8,19,,,0.0,0.0,0.0,,,,,,,,,,,
USC00043491,1984,8,2,,,0.0,0.0,0.0,,,,,,,,,,,
USC00043491,1984,8,20,,,0.0,0.0,0.0,,,,,,,,,,,
USC00043491,1984,8,21,,,0.0,0.0,0.0,,,,,,,,,,,
USC00043491,1984,8,22,,,0.0,0.0,0.0,,,,,,,,,,,
USC00043491,1984,8,23,,,0.0,0.0,0.0,,,,,,,,,,,
USC00043491,1984,8,24,,,0.0,0.0,0.0,,,,,,,,,,,
USC00043491,1984,8,25,,,0.0,0.0,0.0,,,,,,,,,,,
USC00043491,1984,8,26,,,43.0,0.0,0.0,,,,,,,,,,,
USC00043491,1984,8,27,,,0.0,0.0,0.0,,,,,,,,,,,
USC00043491,1984,8,28,,,0.0,0.0,0.0,,,,,,,,,,,
USC00043491,1984,8,29,,,0.0,0.0,0.0,,,,,,,,,,,
USC00043491,1984,8,3,,,0.0,0.0,0.0,,,,,,,,,,,
USC00043491,1984,8,30,,,104.0,0.0,0.0,,,,,,,,,,,
USC00043491,1984,8,31,,,8.0,0.0,0.0,,,,,,,,,,,
USC00043491,1984,8,4,,,0.0,0.0,0.0,,,,,,,,,,,
USC00043491,1984,8,5,,,0.0,0.0,0.0,,,,,,,,,,,
USC00043491,1984,8,6,,,0.0,0.0,0.0,,,,,,,,,,,
USC00043491,1984,8,7,,,0.0,0.0,0.0,,,,,,,,,,,
USC00043491,1984,8,8,,,0.0,0.0,0.0,,,,,,,,,,,
USC00043491,1984,8,9,,,0.0,0.0,0.0,,,,,,,,,,,
USC00043491,1984,9,1,,,0.0,0.0,0.0,,,,,,,,,,,
USC00043491,1984,9,10,,,0.0,0.0,0.0,,,,,,,,,,,
USC00043491,1984,9,11,,,0.0,0.0,0.0,,,,,,,,,,,
USC00043491,1984,9,12,,,0.0,0.0,0.0,,,,,,,,,,,
USC00043491,1984,9,13,,,0.0,0.0,0.0,,,,,,,,,,,
USC00043491,1984,9,14,,,0.0,0.0,0.0,,,,,,,,,,,
USC00043491,1984,9,15,,,0.0,0.0,0.0,,,,,,,,,,,
USC00043491,1984,9,16,,,0.0,0.0,0.0,,,,,,,,,,,
USC00043491,1984,9,17,,,0.0,0.0,0.0,,,,,,,,,,,
USC00043491,1984,9,18,,,0.0,0.0,0.0,,,,,,,,,,,
USC00043491,1984,9,19,,,10.0,0.0,0.0,,,,,,,,,,,
USC00043491,1984,9,2,,,0.0,0.0,0.0,,,,,,,,,,,
USC00043491,1984,9,20,,,0.0,0.0,0.0,,,,,,,,,,,
USC00043491,1984,9,21,,,0.0,0.0,0.0,,,,,,,,,,,
USC00043491,1984,9,22,,,0.0,0.0,0.0,,,,,,,,,,,
USC00043491,1984,9,23,,,0.0,0.0,0.0,,,,,,,,,,,
USC00043491,1984,9,24,,,0.0,0.0,0.0,,,,,,,,,,,
USC00043491,1984,9,25,,,0.0,0.0,0.0,,,,,,,,,,,
USC00043491,1984,9,26,,,0.0,0.0,0.0,,,,,,,,,,,
USC00043491,1984,9,27,,,0.0,0.0,0.0,,,,,,,,,,,
USC00043491,1984,9,28,,,0.0,0.0,0.0,,,,,,,,,,,
USC00043491,1984,9,29,,,0.0,0.0,0.0,,,,,,,,,,,
USC00043491,1984,9,3,,,0.0,0.0,0.0,,,,,,,,,,,
USC00043491,1984,9,30,,,76.0,0.0,0.0,,,,,,,,,,,
USC00043491,1984,9,31,,,-9999.0,-9999.0,-9999.0,,,,,,,,,,,
USC00043491,1984,9,4,,,0.0,0.0,0.0,,,,,,,,,,,
USC00043491,1984,9,5,,,0.0,0.0,0.0,,,,,,,,,,,
USC00043491,1984,9,6,,,0.0,0.0,0.0,,,,,,,,,,,
USC00043491,1984,9,7,,,0.0,0.0,0.0,,,,,,,,,,,
USC00043491,1984,9,8,,,0.0,0.0,0.0,,,,,,,,,,,
USC00043491,1984,9,9,,,0.0,0.0,0.0,,,,,,,,,,,
USC00043491,1984,10,1,,,71.0,0.0,0.0,,,,,,,,,,,
USC00043491,1984,10,10,,,0.0,0.0,0.0,,,,,,,,,,,
USC00043491,1984,10,11,,,302.0,0.0,0.0,,,,,,,,,,,
USC00043491,1984,10,12,,,0.0,0.0,0.0,,,,,,,,,,,
USC00043491,1984,10,13,,,33.0,0.0,0.0,,,,,,,,,,,
USC00043491,1984,10,14,,,0.0,0.0,0.0,,,,,,,,,,,
USC00043491,1984,10,15,,,0.0,0.0,0.0,,,,,,,,,,,
USC00043491,1984,10,16,,,180.0,0.0,0.0,,,,,,,,,,,
USC00043491,1984,10,17,,,231.0,0.0,0.0,,,,,,,,,,,
USC00043491,1984,10,18,,,3.0,0.0,0.0,,,,,,,,,,,
USC00043491,1984,10,19,,,10.0,0.0,0.0,,,,,,,,,,,
USC00043491,1984,10,2,,,0.0,0.0,0.0,,,,,,,,,,,
USC00043491,1984,10,20,,,0.0,0.0,0.0,,,,,,,,,,,
USC00043491,1984,10,21,,,0.0,0.0,0.0,,,,,,,,,,,
USC00043491,1984,10,22,,,0.0,0.0,0.0,,,,,,,,,,,
USC00043491,1984,10,23,,,0.0,0.0,0.0,,,,,,,,,,,
USC00043491,1984,10,24,,,0.0,0.0,0.0,,,,,,,,,,,
USC00043491,1984,10,25,,,0.0,0.0,0.0,,,,,,,,,,,
USC00043491,1984,10,26,,,119.0,0.0,0.0,,,,,,,,,,,
USC00043491,1984,10,27,,,0.0,0.0,0.0,,,,,,,,,,,
USC00043491,1984,10,28,,,10.0,0.0,0.0,,,,,,,,,,,
USC00043491,1984,10,29,,,119.0,0.0,0.0,,,,,,,,,,,
USC00043491,1984,10,3,,,0.0,0.0,0.0,,,,,,,,,,,
USC00043491,1984,10,30,,,0.0,0.0,0.0,,,,,,,,,,,
USC00043491,1984,10,31,,,0.0,0.0,0.0,,,,,,,,,,,
USC00043491,1984,10,4,,,0.0,0.0,0.0,,,,,,,,,,,
USC00043491,1984,10,5,,,0.0,0.0,0.0,,,,,,,,,,,
USC00043491,1984,10,6,,,0.0,0.0,0.0,,,,,,,,,,,
USC00043491,1984,10,7,,,0.0,0.0,0.0,,,,,,,,,,,
USC00043491,1984,10,8,,,0.0,0.0,0.0,,,,,,,,,,,
USC00043491,1984,10,9,,,0.0,0.0,0.0,,,,,,,,,,,
USC00043491,1984,11,1,,,0.0,0.0,0.0,,,,,,,,,,,
USC00043491,1984,11,10,,,69.0,0.0,0.0,,,,,,,,,,,
USC00043491,1984,11,11,,,272.0,0.0,0.0,,,,,,,,,,,
USC00043491,1984,11,12,,,5.0,0.0,0.0,,,,,,,,,,,
USC00043491,1984,11,13,,,561.0,0.0,0.0,,,,,,,,,,,
USC00043491,1984,11,14,,,5.0,0.0,0.0,,,,,,,,,,,
USC00043491,1984,11,15,,,0.0,0.0,0.0,,,,,,,,,,,
USC00043491,1984,11,16,,,86.0,0.0,0.0,,,,,,,,,,,
USC00043491,1984,11,17,,,0.0,0.0,0.0,,,,,,,,,,,
USC00043491,1984,11,18,,,140.0,0.0,0.0,,,,,,,,,,,
USC00043491,1984,11,19,,,0.0,0.0,0.0,,,,,,,,,,,
USC00043491,1984,11,2,,,338.0,0.0,0.0,,,,,,,,,,,
USC00043491,1984,11,20,,,64.0,0.0,0.0,,,,,,,,,,,
USC00043491,1984,11,21,,,178.0,0.0,0.0,,,,,,,,,,,
USC00043491,1984,11,22,,,0.0,0.0,0.0,,,,,,,,,,,
USC00043491,1984,11,23,,,0.0,0.0,0.0,,,,,,,,,,,
USC00043491,1984,11,24,,,338.0,0.0,0.0,,,,,,,,,,,
USC00043491,1984,11,25,,,20.0,0.0,0.0,,,,,,,,,,,
USC00043491,1984,11,26,,,0.0,0.0,0.0,,,,,,,,,,,
USC00043491,1984,11,27,,,320.0,0.0,0.0,,,,,,,,,,,
USC00043491,1984,11,28,,,292.0,0.0,0.0,,,,,,,,,,,
USC00043491,1984,11,29,,,43.0,0.0,0.0,,,,,,,,,,,
USC00043491,1984,11,3,,,41.0,0.0,0.0,,,,,,,,,,,
USC00043491,1984,11,30,,,0.0,0.0,0.0,,,,,,,,,,,
USC00043491,1984,11,31,,,-9999.0,-9999.0,-9999.0,,,,,,,,,,,
USC00043491,1984,11,4,,,0.0,0.0,0.0,,,,,,,,,,,
USC00043491,1984,11,5,,,0.0,0.0,0.0,,,,,,,,,,,
USC00043491,1984,11,6,,,208.0,0.0,0.0,,,,,,,,,,,
USC00043491,1984,11,7,,,18.0,0.0,0.0,,,,,,,,,,,
USC00043491,1984,11,8,,,437.0,0.0,0.0,,,,,,,,,,,
USC00043491,1984,11,9,,,38.0,0.0,0.0,,,,,,,,,,,
USC00043491,1984,12,1,,,5.0,,0.0,,,,,,,,,,,
USC00043491,1984,12,10,,,236.0,,-9999.0,,,,,,,,,,,
USC00043491,1984,12,11,,,0.0,,-9999.0,,,,,,,,,,,
USC00043491,1984,12,12,,,33.0,,-9999.0,,,,,,,,,,,
USC00043491,1984,12,13,,,3.0,,-9999.0,,,,,,,,,,,
USC00043491,1984,12,14,,,0.0,,-9999.0,,,,,,,,,,,
USC00043491,1984,12,15,,,147.0,,-9999.0,,,,,,,,,,,
USC00043491,1984,12,16,,,234.0,,-9999.0,,,,,,,,,,,
USC00043491,1984,12,17,,,0.0,,-9999.0,,,,,,,,,,,
USC00043491,1984,12,18,,,0.0,,-9999.0,,,,,,,,,,,
USC00043491,1984,12,19,,,0.0,,-9999.0,,,,,,,,,,,
USC00043491,1984,12,2,,,0.0,,-9999.0,,,,,,,,,,,
USC00043491,1984,12,20,,,0.0,,-9999.0,,,,,,,,,,,
USC00043491,1984,12,21,,,0.0,,-9999.0,,,,,,,,,,,
USC00043491,1984,12,22,,,0.0,,-9999.0,,,,,,,,,,,
USC00043491,1984,12,23,,,0.0,,-9999.0,,,,,,,,,,,
USC00043491,1984,12,24,,,0.0,,-9999.0,,,,,,,,,,,
USC00043491,1984,12,25,,,0.0,,-9999.0,,,,,,,,,,,
USC00043491,1984,12,26,,,0.0,,-9999.0,,,,,,,,,,,
USC00043491,1984,12,27,,,0.0,,-9999.0,,,,,,,,,,,
USC00043491,1984,12,28,,,0.0,,-9999.0,,,,,,,,,,,
USC00043491,1984,12,29,,,0.0,,-9999.0,,,,,,,,,,,
USC00043491,1984,12,3,,,71.0,,-9999.0,,,,,,,,,,,
USC00043491,1984,12,30,,,0.0,,-9999.0,,,,,,,,,,,
USC00043491,1984,12,31,,,0.0,,-9999.0,,,,,,,,,,,
USC00043491,1984,12,4,,,0.0,,-9999.0,,,,,,,,,,,
USC00043491,1984,12,5,,,13.0,,-9999.0,,,,,,,,,,,
USC00043491,1984,12,6,,,0.0,,-9999.0,,,,,,,,,,,
USC00043491,1984,12,7,,,0.0,,-9999.0,,,,,,,,,,,
USC00043491,1984,12,8,,,0.0,,-9999.0,,,,,,,,,,,
USC00043491,1984,12,9,,,0.0,,-9999.0,,,,,,,,,,,
USC00043491,1985,1,1,,,0.0,0.0,0.0,,,,,,,,,,,
USC00043491,1985,1,10,,,0.0,0.0,0.0,,,,,,,,,,,
USC00043491,1985,1,11,,,0.0,0.0,0.0,,,,,,,,,,,
USC00043491,1985,1,12,,,0.0,0.0,0.0,,,,,,,,,,,
USC00043491,1985,1,13,,,0.0,0.0,0.0,,,,,,,,,,,
USC00043491,1985,1,14,,,0.0,0.0,0.0,,,,,,,,,,,
USC00043491,1985,1,15,,,0.0,0.0,0.0,,,,,,,,,,,
USC00043491,1985,1,16,,,0.0,0.0,0.0,,,,,,,,,,,
USC00043491,1985,1,17,,,0.0,0.0,0.0,,,,,,,,,,,
USC00043491,1985,1,18,,,0.0,0.0,0.0,,,,,,,,,,,
USC00043491,1985,1,19,,,0.0,0.0,0.0,,,,,,,,,,,
USC00043491,1985,1,2,,,0.0,0.0,0.0,,,,,,,,,,,
USC00043491,1985,1,20,,,0.0,0.0,0.0,,,,,,,,,,,
USC00043491,1985,1,21,,,0.0,0.0,0.0,,,,,,,,,,,
USC00043491,1985,1,22,,,0.0,0.0,0.0,,,,,,,,,,,
USC00043491,1985,1,23,,,0.0,0.0,0.0,,,,,,,,,,,
USC00043491,1985,1,24,,,0.0,0.0,0.0,,,,,,,,,,,
USC00043491,1985,1,25,,,0.0,0.0,0.0,,,,,,,,,,,
USC00043491,1985,1,26,,,76.0,0.0,0.0,,,,,,,,,,,
USC00043491,1985,1,27,,,3.0,0.0,0.0,,,,,,,,,,,
USC00043491,1985,1,28,,,112.0,0.0,0.0,,,,,,,,,,,
USC00043491,1985,1,29,,,0.0,0.0,0.0,,,,,,,,,,,
USC00043491,1985,1,3,,,0.0,0.0,0.0,,,,,,,,,,,
USC00043491,1985,1,30,,,0.0,0.0,0.0,,,,,,,,,,,
USC00043491,1985,1,31,,,0.0,0.0,0.0,,,,,,,,,,,
USC00043491,1985,1,4,,,0.0,0.0,0.0,,,,,,,,,,,
USC00043491,1985,1,5,,,0.0,0.0,0.0,,,,,,,,,,,
USC00043491,1985,1,6,,,0.0,0.0,0.0,,,,,,,,,,,
USC00043491,1985,1,7,,,254.0,0.0,0.0,,,,,,,,,,,
USC00043491,1985,1,8,,,18.0,0.0,0.0,,,,,,,,,,,
USC00043491,1985,1,9,,,8.0,0.0,0.0,,,,,,,,,,,
USC00043491,1985,2,1,,,-9999.0,0.0,0.0,,,,,,,,,,,
USC00043491,1985,2,10,,,0.0,0.0,0.0,,,,,,,,,,,
USC00043491,1985,2,11,,,0.0,0.0,0.0,,,,,,,,,,,
USC00043491,1985,2,12,,,0.0,0.0,0.0,,,,,,,,,,,
USC00043491,1985,2,13,,,0.0,0.0,0.0,,,,,,,,,,,
USC00043491,1985,2,14,,,0.0,0.0,0.0,,,,,,,,,,,
USC00043491,1985,2,15,,,0.0,0.0,0.0,,,,,,,,,,,
USC00043491,1985,2,16,,,0.0,0.0,0.0,,,,,,,,,,,
USC00043491,1985,2,17,,,0.0,0.0,0.0,,,,,,,,,,,
USC00043491,1985,2,18,,,0.0,0.0,0.0,,,,,,,,,,,
USC00043491,1985,2,19,,,0.0,0.0,0.0,,,,,,,,,,,
USC00043491,1985,2,2,,,147.0,0.0,0.0,,,,,,,,,,,
USC00043491,1985,2,20,,,0.0,0.0,0.0,,,,,,,,,,,
USC00043491,1985,2,21,,,0.0,0.0,0.0,,,,,,,,,,,
USC00043491,1985,2,22,,,0.0,0.0,0.0,,,,,,,,,,,
USC00043491,1985,2,23,,,0.0,0.0,0.0,,,,,,,,,,,
USC00043491,1985,2,24,,,0.0,0.0,0.0,,,,,,,,,,,
USC00043491,1985,2,25,,,0.0,0.0,0.0,,,,,,,,,,,
USC00043491,1985,2,26,,,0.0,0.0,0.0,,,,,,,,,,,
USC00043491,1985,2,27,,,0.0,0.0,0.0,,,,,,,,,,,
USC00043491,1985,2,28,,,0.0,0.0,0.0,,,,,,,,,,,
USC00043491,1985,2,29,,,-9999.0,-9999.0,-9999.0,,,,,,,,,,,
USC00043491,1985,2,3,,,8.0,0.0,0.0,,,,,,,,,,,
USC00043491,1985,2,30,,,-9999.0,-9999.0,-9999.0,,,,,,,,,,,
USC00043491,1985,2,31,,,-9999.0,-9999.0,-9999.0,,,,,,,,,,,
USC00043491,1985,2,4,,,0.0,0.0,0.0,,,,,,,,,,,
USC00043491,1985,2,5,,,0.0,0.0,0.0,,,,,,,,,,,
USC00043491,1985,2,6,,,0.0,0.0,0.0,,,,,,,,,,,
USC00043491,1985,2,7,,,305.0,0.0,0.0,,,,,,,,,,,
USC00043491,1985,2,8,,,1067.0,0.0,0.0,,,,,,,,,,,
USC00043491,1985,2,9,,,0.0,0.0,0.0,,,,,,,,,,,
USC00043491,1985,3,1,,,0.0,0.0,0.0,,,,,,,,,,,
USC00043491,1985,3,10,,,170.0,0.0,0.0,,,,,,,,,,,
USC00043491,1985,3,11,,,33.0,0.0,0.0,,,,,,,,,,,
USC00043491,1985,3,12,,,0.0,0.0,0.0,,,,,,,,,,,
USC00043491,1985,3,13,,,0.0,0.0,0.0,,,,,,,,,,,
USC00043491,1985,3,14,,,0.0,0.0,0.0,,,,,,,,,,,
USC00043491,1985,3,15,,,0.0,0.0,0.0,,,,,,,,,,,
USC00043491,1985,3,16,,,0.0,0.0,0.0,,,,,,,,,,,
USC00043491,1985,3,17,,,0.0,0.0,0.0,,,,,,,,,,,
USC00043491,1985,3,18,,,43.0,0.0,0.0,,,,,,,,,,,
USC00043491,1985,3,19,,,0.0,0.0,0.0,,,,,,,,,,,
USC00043491,1985,3,2,,,48.0,0.0,0.0,,,,,,,,,,,
USC00043491,1985,3,20,,,0.0,0.0,0.0,,,,,,,,,,,
USC00043491,1985,3,21,,,0.0,0.0,0.0,,,,,,,,,,,
USC00043491,1985,3,22,,,0.0,0.0,0.0,,,,,,,,,,,
USC00043491,1985,3,23,,,0.0,0.0,0.0,,,,,,,,,,,
USC00043491,1985,3,24,,,221.0,0.0,0.0,,,,,,,,,,,
USC00043491,1985,3,25,,,3.0,0.0,0.0,,,,,,,,,,,
USC00043491,1985,3,26,,,399.0,0.0,0.0,,,,,,,,,,,
USC00043491,1985,3,27,,,353.0,0.0,0.0,,,,,,,,,,,
USC00043491,1985,3,28,,,165.0,0.0,0.0,,,,,,,,,,,
USC00043491,1985,3,29,,,0.0,0.0,0.0,,,,,,,,,,,
USC00043491,1985,3,3,,,0.0,0.0,0.0,,,,,,,,,,,
USC00043491,1985,3,30,,,0.0,0.0,0.0,,,,,,,,,,,
USC00043491,1985,3,31,,,0.0,0.0,0.0,,,,,,,,,,,
USC00043491,1985,3,4,,,236.0,0.0,0.0,,,,,,,,,,,
USC00043491,1985,3,5,,,8.0,0.0,0.0,,,,,,,,,,,
USC00043491,1985,3,6,,,518.0,0.0,0.0,,,,,,,,,,,
USC00043491,1985,3,7,,,391.0,0.0,0.0,,,,,,,,,,,
USC00043491,1985,3,8,,,0.0,0.0,0.0,,,,,,,,,,,
USC00043491,1985,3,9,,,0.0,0.0,0.0,,,,,,,,,,,
USC00043491,1985,4,1,,,0.0,0.0,0.0,,,,,,,,,,,
USC00043491,1985,4,10,,,0.0,0.0,0.0,,,,,,,,,,,
USC00043491,1985,4,11,,,0.0,0.0,0.0,,,,,,,,,,,
USC00043491,1985,4,12,,,0.0,0.0,0.0,,,,,,,,,,,
USC00043491,1985,4,13,,,0.0,0.0,0.0,,,,,,,,,,,
USC00043491,1985,4,14,,,0.0,0.0,0.0,,,,,,,,,,,
USC00043491,1985,4,15,,,0.0,0.0,0.0,,,,,,,,,,,
USC00043491,1985,4,16,,,0.0,0.0,0.0,,,,,,,,,,,
USC00043491,1985,4,17,,,10.0,0.0,0.0,,,,,,,,,,,
USC00043491,1985,4,18,,,0.0,0.0,0.0,,,,,,,,,,,
USC00043491,1985,4,19,,,43.0,0.0,0.0,,,,,,,,,,,
USC00043491,1985,4,2,,,0.0,0.0,0.0,,,,,,,,,,,
USC00043491,1985,4,20,,,38.0,0.0,0.0,,,,,,,,,,,
USC00043491,1985,4,21,,,94.0,0.0,0.0,,,,,,,,,,,
USC00043491,1985,4,22,,,0.0,0.0,0.0,,,,,,,,,,,
USC00043491,1985,4,23,,,0.0,0.0,0.0,,,,,,,,,,,
USC00043491,1985,4,24,,,0.0,0.0,0.0,,,,,,,,,,,
USC00043491,1985,4,25,,,0.0,0.0,0.0,,,,,,,,,,,
USC00043491,1985,4,26,,,0.0,0.0,0.0,,,,,,,,,,,
USC00043491,1985,4,27,,,0.0,0.0,0.0,,,,,,,,,,,
USC00043491,1985,4,28,,,0.0,0.0,0.0,,,,,,,,,,,
USC00043491,1985,4,29,,,0.0,0.0,0.0,,,,,,,,,,,
USC00043491,1985,4,3,,,0.0,0.0,0.0,,,,,,,,,,,
USC00043491,1985,4,30,,,0.0,0.0,0.0,,,,,,,,,,,
USC00043491,1985,4,31,,,-9999.0,-9999.0,-9999.0,,,,,,,,,,,
USC00043491,1985,4,4,,,0.0,0.0,0.0,,,,,,,,,,,
USC00043491,1985,4,5,,,0.0,0.0,0.0,,,,,,,,,,,
USC00043491,1985,4,6,,,0.0,0.0,0.0,,,,,,,,,,,
USC00043491,1985,4,7,,,0.0,0.0,0.0,,,,,,,,,,,
USC00043491,1985,4,8,,,0.0,0.0,0.0,,,,,,,,,,,
USC00043491,1985,4,9,,,0.0,0.0,0.0,,,,,,,,,,,
USC00043491,1985,5,1,,,0.0,0.0,0.0,,,,,,,,,,,
USC00043491,1985,5,10,,,10.0,0.0,0.0,,,,,,,,,,,
USC00043491,1985,5,11,,,0.0,0.0,0.0,,,,,,,,,,,
USC00043491,1985,5,12,,,0.0,0.0,0.0,,,,,,,,,,,
USC00043491,1985,5,13,,,0.0,0.0,0.0,,,,,,,,,,,
USC00043491,1985,5,14,,,0.0,0.0,0.0,,,,,,,,,,,
USC00043491,1985,5,15,,,0.0,0.0,0.0,,,,,,,,,,,
USC00043491,1985,5,16,,,0.0,0.0,0.0,,,,,,,,,,,
USC00043491,1985,5,17,,,0.0,0.0,0.0,,,,,,,,,,,
USC00043491,1985,5,18,,,0.0,0.0,0.0,,,,,,,,,,,
USC00043491,1985,5,19,,,0.0,0.0,0.0,,,,,,,,,,,
USC00043491,1985,5,2,,,0.0,0.0,0.0,,,,,,,,,,,
USC00043491,1985,5,20,,,0.0,0.0,0.0,,,,,,,,,,,
USC00043491,1985,5,21,,,0.0,0.0,0.0,,,,,,,,,,,
USC00043491,1985,5,22,,,0.0,0.0,0.0,,,,,,,,,,,
USC00043491,1985,5,23,,,0.0,0.0,0.0,,,,,,,,,,,
USC00043491,1985,5,24,,,0.0,0.0,0.0,,,,,,,,,,,
USC00043491,1985,5,25,,,0.0,0.0,0.0,,,,,,,,,,,
USC00043491,1985,5,26,,,0.0,0.0,0.0,,,,,,,,,,,
USC00043491,1985,5,27,,,0.0,0.0,0.0,,,,,,,,,,,
USC00043491,1985,5,28,,,0.0,0.0,0.0,,,,,,,,,,,
USC00043491,1985,5,29,,,15.0,0.0,0.0,,,,,,,,,,,
USC00043491,1985,5,3,,,0.0,0.0,0.0,,,,,,,,,,,
USC00043491,1985,5,30,,,0.0,0.0,0.0,,,,,,,,,,,
USC00043491,1985,5,31,,,0.0,0.0,0.0,,,,,,,,,,,
USC00043491,1985,5,4,,,0.0,0.0,0.0,,,,,,,,,,,
USC00043491,1985,5,5,,,0.0,0.0,0.0,,,,,,,,,,,
USC00043491,1985,5,6,,,0.0,0.0,0.0,,,,,,,,,,,
USC00043491,1985,5,7,,,0.0,0.0,0.0,,,,,,,,,,,
USC00043491,1985,5,8,,,0.0,0.0,0.0,,,,,,,,,,,
USC00043491,1985,5,9,,,0.0,0.0,0.0,,,,,,,,,,,
USC00043491,1985,6,1,,,0.0,0.0,0.0,,,,,,,,,,,
USC00043491,1985,6,10,,,0.0,0.0,0.0,,,,,,,,,,,
USC00043491,1985,6,11,,,0.0,0.0,0.0,,,,,,,,,,,
USC00043491,1985,6,12,,,0.0,0.0,0.0,,,,,,,,,,,
USC00043491,1985,6,13,,,0.0,0.0,0.0,,,,,,,,,,,
USC00043491,1985,6,14,,,0.0,0.0,0.0,,,,,,,,,,,
USC00043491,1985,6,15,,,0.0,0.0,0.0,,,,,,,,,,,
USC00043491,1985,6,16,,,0.0,0.0,0.0,,,,,,,,,,,
USC00043491,1985,6,17,,,0.0,0.0,0.0,,,,,,,,,,,
USC00043491,1985,6,18,,,0.0,0.0,0.0,,,,,,,,,,,
USC00043491,1985,6,19,,,0.0,0.0,0.0,,,,,,,,,,,
USC00043491,1985,6,2,,,107.0,0.0,0.0,,,,,,,,,,,
USC00043491,1985,6,20,,,0.0,0.0,0.0,,,,,,,,,,,
USC00043491,1985,6,21,,,0.0,0.0,0.0,,,,,,,,,,,
USC00043491,1985,6,22,,,0.0,0.0,0.0,,,,,,,,,,,
USC00043491,1985,6,23,,,0.0,0.0,0.0,,,,,,,,,,,
USC00043491,1985,6,24,,,0.0,0.0,0.0,,,,,,,,,,,
USC00043491,1985,6,25,,,0.0,0.0,0.0,,,,,,,,,,,
USC00043491,1985,6,26,,,0.0,0.0,0.0,,,,,,,,,,,
USC00043491,1985,6,27,,,0.0,0.0,0.0,,,,,,,,,,,
USC00043491,1985,6,28,,,0.0,0.0,0.0,,,,,,,,,,,
USC00043491,1985,6,29,,,0.0,0.0,0.0,,,,,,,,,,,
USC00043491,1985,6,3,,,3.0,0.0,0.0,,,,,,,,,,,
USC00043491,1985,6,30,,,0.0,0.0,0.0,,,,,,,,,,,
USC00043491,1985,6,31,,,-9999.0,-9999.0,-9999.0,,,,,,,,,,,
USC00043491,1985,6,4,,,0.0,0.0,0.0,,,,,,,,,,,
USC00043491,1985,6,5,,,0.0,0.0,0.0,,,,,,,,,,,
USC00043491,1985,6,6,,,0.0,0.0,0.0,,,,,,,,,,,
USC00043491,1985,6,7,,,0.0,0.0,0.0,,,,,,,,,,,
USC00043491,1985,6,8,,,0.0,0.0,0.0,,,,,,,,,,,
USC00043491,1985,6,9,,,0.0,0.0,0.0,,,,,,,,,,,
USC00043491,1985,7,1,,,0.0,0.0,0.0,,,,,,,,,,,
USC00043491,1985,7,10,,,0.0,0.0,0.0,,,,,,,,,,,
USC00043491,1985,7,11,,,0.0,0.0,0.0,,,,,,,,,,,
USC00043491,1985,7,12,,,0.0,0.0,0.0,,,,,,,,,,,
USC00043491,1985,7,13,,,0.0,0.0,0.0,,,,,,,,,,,
USC00043491,1985,7,14,,,0.0,0.0,0.0,,,,,,,,,,,
USC00043491,1985,7,15,,,0.0,0.0,0.0,,,,,,,,,,,
USC00043491,1985,7,16,,,0.0,0.0,0.0,,,,,,,,,,,
USC00043491,1985,7,17,,,0.0,0.0,0.0,,,,,,,,,,,
USC00043491,1985,7,18,,,0.0,0.0,0.0,,,,,,,,,,,
USC00043491,1985,7,19,,,0.0,0.0,0.0,,,,,,,,,,,
USC00043491,1985,7,2,,,0.0,0.0,0.0,,,,,,,,,,,
USC00043491,1985,7,20,,,0.0,0.0,0.0,,,,,,,,,,,
USC00043491,1985,7,21,,,13.0,0.0,0.0,,,,,,,,,,,
USC00043491,1985,7,22,,,0.0,0.0,0.0,,,,,,,,,,,
USC00043491,1985,7,23,,,0.0,0.0,0.0,,,,,,,,,,,
USC00043491,1985,7,24,,,0.0,0.0,0.0,,,,,,,,,,,
USC00043491,1985,7,25,,,0.0,0.0,0.0,,,,,,,,,,,
USC00043491,1985,7,26,,,0.0,0.0,0.0,,,,,,,,,,,
USC00043491,1985,7,27,,,0.0,0.0,0.0,,,,,,,,,,,
USC00043491,1985,7,28,,,0.0,0.0,0.0,,,,,,,,,,,
USC00043491,1985,7,29,,,0.0,0.0,0.0,,,,,,,,,,,
USC00043491,1985,7,3,,,0.0,0.0,0.0,,,,,,,,,,,
USC00043491,1985,7,30,,,0.0,0.0,0.0,,,,,,,,,,,
USC00043491,1985,7,31,,,0.0,0.0,0.0,,,,,,,,,,,
USC00043491,1985,7,4,,,0.0,0.0,0.0,,,,,,,,,,,
USC00043491,1985,7,5,,,0.0,0.0,0.0,,,,,,,,,,,
USC00043491,1985,7,6,,,0.0,0.0,0.0,,,,,,,,,,,
USC00043491,1985,7,7,,,0.0,0.0,0.0,,,,,,,,,,,
USC00043491,1985,7,8,,,0.0,0.0,0.0,,,,,,,,,,,
USC00043491,1985,7,9,,,0.0,0.0,0.0,,,,,,,,,,,
USC00043491,1985,8,1,,,0.0,0.0,0.0,,,,,,,,,,,
USC00043491,1985,8,10,,,0.0,0.0,0.0,,,,,,,,,,,
USC00043491,1985,8,11,,,0.0,0.0,0.0,,,,,,,,,,,
USC00043491,1985,8,12,,,0.0,0.0,0.0,,,,,,,,,,,
USC00043491,1985,8,13,,,0.0,0.0,0.0,,,,,,,,,,,
USC00043491,1985,8,14,,,0.0,0.0,0.0,,,,,,,,,,,
USC00043491,1985,8,15,,,0.0,0.0,0.0,,,,,,,,,,,
USC00043491,1985,8,16,,,0.0,0.0,0.0,,,,,,,,,,,
USC00043491,1985,8,17,,,25.0,0.0,0.0,,,,,,,,,,,
USC00043491,1985,8,18,,,0.0,0.0,0.0,,,,,,,,,,,
USC00043491,1985,8,19,,,0.0,0.0,0.0,,,,,,,,,,,
USC00043491,1985,8,2,,,0.0,0.0,0.0,,,,,,,,,,,
USC00043491,1985,8,20,,,0.0,0.0,0.0,,,,,,,,,,,
USC00043491,1985,8,21,,,0.0,0.0,0.0,,,,,,,,,,,
USC00043491,1985,8,22,,,0.0,0.0,0.0,,,,,,,,,,,
USC00043491,1985,8,23,,,0.0,0.0,0.0,,,,,,,,,,,
USC00043491,1985,8,24,,,0.0,0.0,0.0,,,,,,,,,,,
USC00043491,1985,8,25,,,0.0,0.0,0.0,,,,,,,,,,,
USC00043491,1985,8,26,,,0.0,0.0,0.0,,,,,,,,,,,
USC00043491,1985,8,27,,,0.0,0.0,0.0,,,,,,,,,,,
USC00043491,1985,8,28,,,0.0,0.0,0.0,,,,,,,,,,,
USC00043491,1985,8,29,,,20.0,0.0,0.0,,,,,,,,,,,
USC00043491,1985,8,3,,,0.0,0.0,0.0,,,,,,,,,,,
USC00043491,1985,8,30,,,0.0,0.0,0.0,,,,,,,,,,,
USC00043491,1985,8,31,,,0.0,0.0,0.0,,,,,,,,,,,
USC00043491,1985,8,4,,,0.0,0.0,0.0,,,,,,,,,,,
USC00043491,1985,8,5,,,0.0,0.0,0.0,,,,,,,,,,,
USC00043491,1985,8,6,,,0.0,0.0,0.0,,,,,,,,,,,
USC00043491,1985,8,7,,,0.0,0.0,0.0,,,,,,,,,,,
USC00043491,1985,8,8,,,0.0,0.0,0.0,,,,,,,,,,,
USC00043491,1985,8,9,,,0.0,0.0,0.0,,,,,,,,,,,
USC00043491,1985,9,1,,,0.0,0.0,0.0,,,,,,,,,,,
USC00043491,1985,9,10,,,0.0,0.0,0.0,,,,,,,,,,,
USC00043491,1985,9,11,,,0.0,0.0,0.0,,,,,,,,,,,
USC00043491,1985,9,12,,,0.0,0.0,0.0,,,,,,,,,,,
USC00043491,1985,9,13,,,0.0,0.0,0.0,,,,,,,,,,,
USC00043491,1985,9,14,,,0.0,0.0,0.0,,,,,,,,,,,
USC00043491,1985,9,15,,,0.0,0.0,0.0,,,,,,,,,,,
USC00043491,1985,9,16,,,0.0,0.0,0.0,,,,,,,,,,,
USC00043491,1985,9,17,,,3.0,0.0,0.0,,,,,,,,,,,
USC00043491,1985,9,18,,,323.0,0.0,0.0,,,,,,,,,,,
USC00043491,1985,9,19,,,0.0,0.0,0.0,,,,,,,,,,,
USC00043491,1985,9,2,,,0.0,0.0,0.0,,,,,,,,,,,
USC00043491,1985,9,20,,,0.0,0.0,0.0,,,,,,,,,,,
USC00043491,1985,9,21,,,0.0,0.0,0.0,,,,,,,,,,,
USC00043491,1985,9,22,,,0.0,0.0,0.0,,,,,,,,,,,
USC00043491,1985,9,23,,,0.0,0.0,0.0,,,,,,,,,,,
USC00043491,1985,9,24,,,0.0,0.0,0.0,,,,,,,,,,,
USC00043491,1985,9,25,,,0.0,0.0,0.0,,,,,,,,,,,
USC00043491,1985,9,26,,,0.0,0.0,0.0,,,,,,,,,,,
USC00043491,1985,9,27,,,0.0,0.0,0.0,,,,,,,,,,,
USC00043491,1985,9,28,,,0.0,0.0,0.0,,,,,,,,,,,
USC00043491,1985,9,29,,,0.0,0.0,0.0,,,,,,,,,,,
USC00043491,1985,9,3,,,51.0,0.0,0.0,,,,,,,,,,,
USC00043491,1985,9,30,,,0.0,0.0,0.0,,,,,,,,,,,
USC00043491,1985,9,31,,,-9999.0,-9999.0,-9999.0,,,,,,,,,,,
USC00043491,1985,9,4,,,3.0,0.0,0.0,,,,,,,,,,,
USC00043491,1985,9,5,,,0.0,0.0,0.0,,,,,,,,,,,
USC00043491,1985,9,6,,,0.0,0.0,0.0,,,,,,,,,,,
USC00043491,1985,9,7,,,0.0,0.0,0.0,,,,,,,,,,,
USC00043491,1985,9,8,,,211.0,0.0,0.0,,,,,,,,,,,
USC00043491,1985,9,9,,,117.0,0.0,0.0,,,,,,,,,,,
USC00043491,1985,10,1,,,0.0,0.0,0.0,,,,,,,,,,,
USC00043491,1985,10,10,,,0.0,0.0,0.0,,,,,,,,,,,
USC00043491,1985,10,11,,,0.0,0.0,0.0,,,,,,,,,,,
USC00043491,1985,10,12,,,0.0,0.0,0.0,,,,,,,,,,,
USC00043491,1985,10,13,,,0.0,0.0,0.0,,,,,,,,,,,
USC00043491,1985,10,14,,,0.0,0.0,0.0,,,,,,,,,,,
USC00043491,1985,10,15,,,0.0,0.0,0.0,,,,,,,,,,,
USC00043491,1985,10,16,,,0.0,0.0,0.0,,,,,,,,,,,
USC00043491,1985,10,17,,,0.0,0.0,0.0,,,,,,,,,,,
USC00043491,1985,10,18,,,0.0,0.0,0.0,,,,,,,,,,,
USC00043491,1985,10,19,,,0.0,0.0,0.0,,,,,,,,,,,
USC00043491,1985,10,2,,,0.0,0.0,0.0,,,,,,,,,,,
USC00043491,1985,10,20,,,0.0,0.0,0.0,,,,,,,,,,,
USC00043491,1985,10,21,,,284.0,0.0,0.0,,,,,,,,,,,
USC00043491,1985,10,22,,,8.0,0.0,0.0,,,,,,,,,,,
USC00043491,1985,10,23,,,0.0,0.0,0.0,,,,,,,,,,,
USC00043491,1985,10,24,,,0.0,0.0,0.0,,,,,,,,,,,
USC00043491,1985,10,25,,,0.0,0.0,0.0,,,,,,,,,,,
USC00043491,1985,10,26,,,0.0,0.0,0.0,,,,,,,,,,,
USC00043491,1985,10,27,,,0.0,0.0,0.0,,,,,,,,,,,
USC00043491,1985,10,28,,,0.0,0.0,0.0,,,,,,,,,,,
USC00043491,1985,10,29,,,0.0,0.0,0.0,,,,,,,,,,,
USC00043491,1985,10,3,,,0.0,0.0,0.0,,,,,,,,,,,
USC00043491,1985,10,30,,,0.0,0.0,0.0,,,,,,,,,,,
USC00043491,1985,10,31,,,0.0,0.0,0.0,,,,,,,,,,,
USC00043491,1985,10,4,,,0.0,0.0,0.0,,,,,,,,,,,
USC00043491,1985,10,5,,,0.0,0.0,0.0,,,,,,,,,,,
USC00043491,1985,10,6,,,89.0,0.0,0.0,,,,,,,,,,,
USC00043491,1985,10,7,,,33.0,0.0,0.0,,,,,,,,,,,
USC00043491,1985,10,8,,,3.0,0.0,0.0,,,,,,,,,,,
USC00043491,1985,10,9,,,0.0,0.0,0.0,,,,,,,,,,,
USC00043491,1985,11,1,,,0.0,,,,,,,,-9999.0,,,,,
USC00043491,1985,11,10,,,599.0,,,,,,,,-9999.0,,,,,
USC00043491,1985,11,11,,,290.0,,,,,,,,-9999.0,,,,,
USC00043491,1985,11,12,,,0.0,,,,,,,,-9999.0,,,,,
USC00043491,1985,11,13,,,0.0,,,,,,,,-9999.0,,,,,
USC00043491,1985,11,14,,,0.0,,,,,,,,-9999.0,,,,,
USC00043491,1985,11,15,,,0.0,,,,,,,,-9999.0,,,,,
USC00043491,1985,11,16,,,61.0,,,,,,,,-9999.0,,,,,
USC00043491,1985,11,17,,,38.0,,,,,,,,-9999.0,,,,,
USC00043491,1985,11,18,,,0.0,,,,,,,,-9999.0,,,,,
USC00043491,1985,11,19,,,0.0,,,,,,,,-9999.0,,,,,
USC00043491,1985,11,2,,,0.0,,,,,,,,-9999.0,,,,,
USC00043491,1985,11,20,,,28.0,,,,,,,,1.0,,,,,
USC00043491,1985,11,21,,,0.0,,,,,,,,-9999.0,,,,,
USC00043491,1985,11,22,,,0.0,,,,,,,,-9999.0,,,,,
USC00043491,1985,11,23,,,130.0,,,,,,,,-9999.0,,,,,
USC00043491,1985,11,24,,,475.0,,,,,,,,-9999.0,,,,,
USC00043491,1985,11,25,,,-9999.0,,,,,,,,-9999.0,,,,,
USC00043491,1985,11,26,,,-9999.0,,,,,,,,-9999.0,,,,,
USC00043491,1985,11,27,,,-9999.0,,,,,,,,-9999.0,,,,,
USC00043491,1985,11,28,,,-9999.0,,,,,,,,-9999.0,,,,,
USC00043491,1985,11,29,,,-9999.0,,,,,,,,-9999.0,,,,,
USC00043491,1985,11,3,,,0.0,,,,,,,,-9999.0,,,,,
USC00043491,1985,11,30,,,-9999.0,,,,,,,,-9999.0,,,,,
USC00043491,1985,11,31,,,-9999.0,,,,,,,,-9999.0,,,,,
USC00043491,1985,11,4,,,0.0,,,,,,,,-9999.0,,,,,
USC00043491,1985,11,5,,,0.0,,,,,,,,-9999.0,,,,,
USC00043491,1985,11,6,,,0.0,,,,,,,,-9999.0,,,,,
USC00043491,1985,11,7,,,0.0,,,,,,,,-9999.0,,,,,
USC00043491,1985,11,8,,,0.0,,,,,,,,-9999.0,,,,,
USC00043491,1985,11,9,,,13.0,,,,,,,,-9999.0,,,,,
USC00043491,1985,12,1,,,-9999.0,0.0,0.0,,,,,,,,,,,
USC00043491,1985,12,10,,,0.0,0.0,0.0,,,,,,,,,,,
USC00043491,1985,12,11,,,0.0,0.0,0.0,,,,,,,,,,,
USC00043491,1985,12,12,,,0.0,0.0,0.0,,,,,,,,,,,
USC00043491,1985,12,13,,,0.0,0.0,0.0,,,,,,,,,,,
USC00043491,1985,12,14,,,0.0,0.0,0.0,,,,,,,,,,,
USC00043491,1985,12,15,,,0.0,0.0,0.0,,,,,,,,,,,
USC00043491,1985,12,16,,,0.0,0.0,0.0,,,,,,,,,,,
USC00043491,1985,12,17,,,0.0,0.0,0.0,,,,,,,,,,,
USC00043491,1985,12,18,,,0.0,0.0,0.0,,,,,,,,,,,
USC00043491,1985,12,19,,,0.0,0.0,0.0,,,,,,,,,,,
USC00043491,1985,12,2,,,-9999.0,0.0,0.0,,,,,,,,,,,
USC00043491,1985,12,20,,,0.0,0.0,0.0,,,,,,,,,,,
USC00043491,1985,12,21,,,0.0,0.0,0.0,,,,,,,,,,,
USC00043491,1985,12,22,,,0.0,0.0,0.0,,,,,,,,,,,
USC00043491,1985,12,23,,,0.0,0.0,0.0,,,,,,,,,,,
USC00043491,1985,12,24,,,0.0,0.0,0.0,,,,,,,,,,,
USC00043491,1985,12,25,,,0.0,0.0,0.0,,,,,,,,,,,
USC00043491,1985,12,26,,,0.0,0.0,0.0,,,,,,,,,,,
USC00043491,1985,12,27,,,0.0,0.0,0.0,,,,,,,,,,,
USC00043491,1985,12,28,,,0.0,0.0,0.0,,,,,,,,,,,
USC00043491,1985,12,29,,,61.0,0.0,0.0,,,,,,,,,,,
USC00043491,1985,12,3,,,-9999.0,0.0,0.0,,,,,,,,,,,
USC00043491,1985,12,30,,,498.0,0.0,0.0,,,,,,,,,,,
USC00043491,1985,12,31,,,0.0,0.0,0.0,,,,,,,,,,,
USC00043491,1985,12,4,,,0.0,0.0,0.0,,,,,,,,,,,
USC00043491,1985,12,5,,,61.0,0.0,0.0,,,,,,,,,,,
USC00043491,1985,12,6,,,18.0,0.0,0.0,,,,,,,,,,,
USC00043491,1985,12,7,,,147.0,0.0,0.0,,,,,,,,,,,
USC00043491,1985,12,8,,,20.0,0.0,0.0,,,,,,,,,,,
USC00043491,1985,12,9,,,0.0,0.0,0.0,,,,,,,,,,,
USC00043491,1986,1,1,-9999.0,-9999.0,0.0,0.0,0.0,,,,,,,,,,,
USC00043491,1986,1,10,-9999.0,-9999.0,0.0,0.0,0.0,,,,,,,,,,,
USC00043491,1986,1,11,-9999.0,-9999.0,0.0,0.0,0.0,,,,,,,,,,,
USC00043491,1986,1,12,-9999.0,-9999.0,0.0,0.0,0.0,,,,,,,,,,,
USC00043491,1986,1,13,-9999.0,-9999.0,0.0,0.0,0.0,,,,,,,,,,,
USC00043491,1986,1,14,-9999.0,-9999.0,81.0,0.0,0.0,,,,,,,,,,,
USC00043491,1986,1,15,-9999.0,-9999.0,157.0,0.0,0.0,,,,,,,,,,,
USC00043491,1986,1,16,-9999.0,-9999.0,361.0,0.0,0.0,,,,,,,,,,,
USC00043491,1986,1,17,-9999.0,-9999.0,0.0,0.0,0.0,,,,,,,,,,,
USC00043491,1986,1,18,-9999.0,-9999.0,0.0,0.0,0.0,,,,,,,,,,,
USC00043491,1986,1,19,-9999.0,-9999.0,56.0,0.0,0.0,,,,,,,,,,,
USC00043491,1986,1,2,-9999.0,-9999.0,0.0,0.0,0.0,,,,,,,,,,,
USC00043491,1986,1,20,-9999.0,-9999.0,0.0,0.0,0.0,,,,,,,,,,,
USC00043491,1986,1,21,-9999.0,-9999.0,0.0,0.0,0.0,,,,,,,,,,,
USC00043491,1986,1,22,-9999.0,-9999.0,0.0,0.0,0.0,,,,,,,,,,,
USC00043491,1986,1,23,-9999.0,-9999.0,132.0,0.0,0.0,,,,,,,,,,,
USC00043491,1986,1,24,-9999.0,-9999.0,0.0,0.0,0.0,,,,,,,,,,,
USC00043491,1986,1,25,-9999.0,-9999.0,0.0,0.0,0.0,,,,,,,,,,,
USC00043491,1986,1,26,-9999.0,-9999.0,0.0,0.0,0.0,,,,,,,,,,,
USC00043491,1986,1,27,-9999.0,-9999.0,0.0,0.0,0.0,,,,,,,,,,,
USC00043491,1986,1,28,-9999.0,-9999.0,0.0,0.0,0.0,,,,,,,,,,,
USC00043491,1986,1,29,-9999.0,-9999.0,5.0,0.0,0.0,,,,,,,,,,,
USC00043491,1986,1,3,-9999.0,-9999.0,0.0,0.0,0.0,,,,,,,,,,,
USC00043491,1986,1,30,-9999.0,-9999.0,546.0,0.0,0.0,,,,,,,,,,,
USC00043491,1986,1,31,-9999.0,-9999.0,191.0,0.0,0.0,,,,,,,,,,,
USC00043491,1986,1,4,-9999.0,-9999.0,-9999.0,0.0,0.0,,,,,,,,,,,
USC00043491,1986,1,5,2.0,521.0,-9999.0,0.0,0.0,,,,,,,,,,,
USC00043491,1986,1,6,-9999.0,-9999.0,0.0,0.0,0.0,,,,,,,,,,,
USC00043491,1986,1,7,-9999.0,-9999.0,0.0,0.0,0.0,,,,,,,,,,,
USC00043491,1986,1,8,-9999.0,-9999.0,0.0,0.0,0.0,,,,,,,,,,,
USC00043491,1986,1,9,-9999.0,-9999.0,0.0,0.0,0.0,,,,,,,,,,,
USC00043491,1986,2,1,,,0.0,0.0,0.0,,,,,,,,,,,
USC00043491,1986,2,10,,,0.0,0.0,0.0,,,,,,,,,,,
USC00043491,1986,2,11,,,0.0,0.0,0.0,,,,,,,,,,,
USC00043491,1986,2,12,,,246.0,0.0,0.0,,,,,,,,,,,
USC00043491,1986,2,13,,,389.0,0.0,0.0,,,,,,,,,,,
USC00043491,1986,2,14,,,292.0,0.0,0.0,,,,,,,,,,,
USC00043491,1986,2,15,,,706.0,0.0,0.0,,,,,,,,,,,
USC00043491,1986,2,16,,,805.0,0.0,0.0,,,,,,,,,,,
USC00043491,1986,2,17,,,1806.0,0.0,0.0,,,,,,,,,,,
USC00043491,1986,2,18,,,1044.0,0.0,0.0,,,,,,,,,,,
USC00043491,1986,2,19,,,1087.0,0.0,0.0,,,,,,,,,,,
USC00043491,1986,2,2,,,470.0,0.0,0.0,,,,,,,,,,,
USC00043491,1986,2,20,,,246.0,0.0,0.0,,,,,,,,,,,
USC00043491,1986,2,21,,,0.0,0.0,0.0,,,,,,,,,,,
USC00043491,1986,2,22,,,0.0,0.0,0.0,,,,,,,,,,,
USC00043491,1986,2,23,,,0.0,0.0,0.0,,,,,,,,,,,
USC00043491,1986,2,24,,,0.0,0.0,0.0,,,,,,,,,,,
USC00043491,1986,2,25,,,0.0,0.0,0.0,,,,,,,,,,,
USC00043491,1986,2,26,,,0.0,0.0,0.0,,,,,,,,,,,
USC00043491,1986,2,27,,,0.0,0.0,0.0,,,,,,,,,,,
USC00043491,1986,2,28,,,0.0,0.0,0.0,,,,,,,,,,,
USC00043491,1986,2,29,,,-9999.0,-9999.0,-9999.0,,,,,,,,,,,
USC00043491,1986,2,3,,,251.0,0.0,0.0,,,,,,,,,,,
USC00043491,1986,2,30,,,-9999.0,-9999.0,-9999.0,,,,,,,,,,,
USC00043491,1986,2,31,,,-9999.0,-9999.0,-9999.0,,,,,,,,,,,
USC00043491,1986,2,4,,,0.0,0.0,0.0,,,,,,,,,,,
USC00043491,1986,2,5,,,0.0,0.0,0.0,,,,,,,,,,,
USC00043491,1986,2,6,,,0.0,0.0,0.0,,,,,,,,,,,
USC00043491,1986,2,7,,,0.0,0.0,0.0,,,,,,,,,,,
USC00043491,1986,2,8,,,0.0,0.0,0.0,,,,,,,,,,,
USC00043491,1986,2,9,,,0.0,0.0,0.0,,,,,,,,,,,
USC00043491,1986,3,1,,,0.0,0.0,0.0,,,,,,,,,,,
USC00043491,1986,3,10,,,808.0,0.0,0.0,,,,,,,,,,,
USC00043491,1986,3,11,,,91.0,0.0,0.0,,,,,,,,,,,
USC00043491,1986,3,12,,,264.0,0.0,0.0,,,,,,,,,,,
USC00043491,1986,3,13,,,71.0,0.0,0.0,,,,,,,,,,,
USC00043491,1986,3,14,,,0.0,0.0,0.0,,,,,,,,,,,
USC00043491,1986,3,15,,,231.0,0.0,0.0,,,,,,,,,,,
USC00043491,1986,3,16,,,74.0,0.0,0.0,,,,,,,,,,,
USC00043491,1986,3,17,,,0.0,0.0,0.0,,,,,,,,,,,
USC00043491,1986,3,18,,,0.0,0.0,0.0,,,,,,,,,,,
USC00043491,1986,3,19,,,0.0,0.0,0.0,,,,,,,,,,,
USC00043491,1986,3,2,,,0.0,0.0,0.0,,,,,,,,,,,
USC00043491,1986,3,20,,,0.0,0.0,0.0,,,,,,,,,,,
USC00043491,1986,3,21,,,0.0,0.0,0.0,,,,,,,,,,,
USC00043491,1986,3,22,,,0.0,0.0,0.0,,,,,,,,,,,
USC00043491,1986,3,23,,,0.0,0.0,0.0,,,,,,,,,,,
USC00043491,1986,3,24,,,0.0,0.0,0.0,,,,,,,,,,,
USC00043491,1986,3,25,,,0.0,0.0,0.0,,,,,,,,,,,
USC00043491,1986,3,26,,,0.0,0.0,0.0,,,,,,,,,,,
USC00043491,1986,3,27,,,0.0,0.0,0.0,,,,,,,,,,,
USC00043491,1986,3,28,,,0.0,0.0,0.0,,,,,,,,,,,
USC00043491,1986,3,29,,,0.0,0.0,0.0,,,,,,,,,,,
USC00043491,1986,3,3,,,0.0,0.0,0.0,,,,,,,,,,,
USC00043491,1986,3,30,,,0.0,0.0,0.0,,,,,,,,,,,
USC00043491,1986,3,31,,,0.0,0.0,0.0,,,,,,,,,,,
USC00043491,1986,3,4,,,0.0,0.0,0.0,,,,,,,,,,,
USC00043491,1986,3,5,,,0.0,0.0,0.0,,,,,,,,,,,
USC00043491,1986,3,6,,,0.0,0.0,0.0,,,,,,,,,,,
USC00043491,1986,3,7,,,643.0,0.0,0.0,,,,,,,,,,,
USC00043491,1986,3,8,,,922.0,0.0,0.0,,,,,,,,,,,
USC00043491,1986,3,9,,,64.0,0.0,0.0,,,,,,,,,,,
USC00043491,1986,4,1,,,36.0,0.0,0.0,,,,,,,1.0,,,,
USC00043491,1986,4,10,,,0.0,0.0,0.0,,,,,,,-9999.0,,,,
USC00043491,1986,4,11,,,0.0,0.0,0.0,,,,,,,-9999.0,,,,
USC00043491,1986,4,12,,,38.0,0.0,0.0,,,,,,,-9999.0,,,,
USC00043491,1986,4,13,,,0.0,0.0,0.0,,,,,,,-9999.0,,,,
USC00043491,1986,4,14,,,0.0,0.0,0.0,,,,,,,-9999.0,,,,
USC00043491,1986,4,15,,,46.0,0.0,0.0,,,,,,,-9999.0,,,,
USC00043491,1986,4,16,,,71.0,0.0,0.0,,,,,,,-9999.0,,,,
USC00043491,1986,4,17,,,28.0,0.0,0.0,,,,,,,-9999.0,,,,
USC00043491,1986,4,18,,,0.0,0.0,0.0,,,,,,,-9999.0,,,,
USC00043491,1986,4,19,,,0.0,0.0,0.0,,,,,,,-9999.0,,,,
USC00043491,1986,4,2,,,0.0,0.0,0.0,,,,,,,-9999.0,,,,
USC00043491,1986,4,20,,,0.0,0.0,0.0,,,,,,,-9999.0,,,,
USC00043491,1986,4,21,,,0.0,0.0,0.0,,,,,,,-9999.0,,,,
USC00043491,1986,4,22,,,0.0,0.0,0.0,,,,,,,-9999.0,,,,
USC00043491,1986,4,23,,,0.0,0.0,0.0,,,,,,,-9999.0,,,,
USC00043491,1986,4,24,,,0.0,0.0,0.0,,,,,,,-9999.0,,,,
USC00043491,1986,4,25,,,10.0,0.0,0.0,,,,,,,-9999.0,,,,
USC00043491,1986,4,26,,,0.0,0.0,0.0,,,,,,,-9999.0,,,,
USC00043491,1986,4,27,,,0.0,0.0,0.0,,,,,,,-9999.0,,,,
USC00043491,1986,4,28,,,0.0,0.0,0.0,,,,,,,-9999.0,,,,
USC00043491,1986,4,29,,,0.0,0.0,0.0,,,,,,,-9999.0,,,,
USC00043491,1986,4,3,,,0.0,0.0,0.0,,,,,,,-9999.0,,,,
USC00043491,1986,4,30,,,0.0,0.0,0.0,,,,,,,-9999.0,,,,
USC00043491,1986,4,31,,,-9999.0,-9999.0,-9999.0,,,,,,,-9999.0,,,,
USC00043491,1986,4,4,,,0.0,0.0,0.0,,,,,,,-9999.0,,,,
USC00043491,1986,4,5,,,0.0,0.0,0.0,,,,,,,-9999.0,,,,
USC00043491,1986,4,6,,,13.0,0.0,0.0,,,,,,,-9999.0,,,,
USC00043491,1986,4,7,,,0.0,0.0,0.0,,,,,,,-9999.0,,,,
USC00043491,1986,4,8,,,0.0,0.0,0.0,,,,,,,-9999.0,,,,
USC00043491,1986,4,9,,,0.0,0.0,0.0,,,,,,,-9999.0,,,,
USC00043491,1986,5,1,,,0.0,0.0,0.0,,,,,,,,,,,
USC00043491,1986,5,10,,,13.0,0.0,0.0,,,,,,,,,,,
USC00043491,1986,5,11,,,0.0,0.0,0.0,,,,,,,,,,,
USC00043491,1986,5,12,,,0.0,0.0,0.0,,,,,,,,,,,
USC00043491,1986,5,13,,,0.0,0.0,0.0,,,,,,,,,,,
USC00043491,1986,5,14,,,0.0,0.0,0.0,,,,,,,,,,,
USC00043491,1986,5,15,,,0.0,0.0,0.0,,,,,,,,,,,
USC00043491,1986,5,16,,,0.0,0.0,0.0,,,,,,,,,,,
USC00043491,1986,5,17,,,0.0,0.0,0.0,,,,,,,,,,,
USC00043491,1986,5,18,,,0.0,0.0,0.0,,,,,,,,,,,
USC00043491,1986,5,19,,,0.0,0.0,0.0,,,,,,,,,,,
USC00043491,1986,5,2,,,0.0,0.0,0.0,,,,,,,,,,,
USC00043491,1986,5,20,,,0.0,0.0,0.0,,,,,,,,,,,
USC00043491,1986,5,21,,,0.0,0.0,0.0,,,,,,,,,,,
USC00043491,1986,5,22,,,0.0,0.0,0.0,,,,,,,,,,,
USC00043491,1986,5,23,,,0.0,0.0,0.0,,,,,,,,,,,
USC00043491,1986,5,24,,,0.0,0.0,0.0,,,,,,,,,,,
USC00043491,1986,5,25,,,0.0,0.0,0.0,,,,,,,,,,,
USC00043491,1986,5,26,,,0.0,0.0,0.0,,,,,,,,,,,
USC00043491,1986,5,27,,,0.0,0.0,0.0,,,,,,,,,,,
USC00043491,1986,5,28,,,0.0,0.0,0.0,,,,,,,,,,,
USC00043491,1986,5,29,,,0.0,0.0,0.0,,,,,,,,,,,
USC00043491,1986,5,3,,,363.0,0.0,0.0,,,,,,,,,,,
USC00043491,1986,5,30,,,0.0,0.0,0.0,,,,,,,,,,,
USC00043491,1986,5,31,,,0.0,0.0,0.0,,,,,,,,,,,
USC00043491,1986,5,4,,,51.0,0.0,0.0,,,,,,,,,,,
USC00043491,1986,5,5,,,122.0,0.0,0.0,,,,,,,,,,,
USC00043491,1986,5,6,,,0.0,0.0,0.0,,,,,,,,,,,
USC00043491,1986,5,7,,,0.0,0.0,0.0,,,,,,,,,,,
USC00043491,1986,5,8,,,0.0,0.0,0.0,,,,,,,,,,,
USC00043491,1986,5,9,,,0.0,0.0,0.0,,,,,,,,,,,
USC00043491,1986,6,1,,,0.0,0.0,0.0,,,,,,,,,,,
USC00043491,1986,6,10,,,0.0,0.0,0.0,,,,,,,,,,,
USC00043491,1986,6,11,,,0.0,0.0,0.0,,,,,,,,,,,
USC00043491,1986,6,12,,,0.0,0.0,0.0,,,,,,,,,,,
USC00043491,1986,6,13,,,0.0,0.0,0.0,,,,,,,,,,,
USC00043491,1986,6,14,,,0.0,0.0,0.0,,,,,,,,,,,
USC00043491,1986,6,15,,,0.0,0.0,0.0,,,,,,,,,,,
USC00043491,1986,6,16,,,0.0,0.0,0.0,,,,,,,,,,,
USC00043491,1986,6,17,,,0.0,0.0,0.0,,,,,,,,,,,
USC00043491,1986,6,18,,,0.0,0.0,0.0,,,,,,,,,,,
USC00043491,1986,6,19,,,0.0,0.0,0.0,,,,,,,,,,,
USC00043491,1986,6,2,,,0.0,0.0,0.0,,,,,,,,,,,
USC00043491,1986,6,20,,,0.0,0.0,0.0,,,,,,,,,,,
USC00043491,1986,6,21,,,0.0,0.0,0.0,,,,,,,,,,,
USC00043491,1986,6,22,,,0.0,0.0,0.0,,,,,,,,,,,
USC00043491,1986,6,23,,,0.0,0.0,0.0,,,,,,,,,,,
USC00043491,1986,6,24,,,0.0,0.0,0.0,,,,,,,,,,,
USC00043491,1986,6,25,,,0.0,0.0,0.0,,,,,,,,,,,
USC00043491,1986,6,26,,,0.0,0.0,0.0,,,,,,,,,,,
USC00043491,1986,6,27,,,0.0,0.0,0.0,,,,,,,,,,,
USC00043491,1986,6,28,,,0.0,0.0,0.0,,,,,,,,,,,
USC00043491,1986,6,29,,,0.0,0.0,0.0,,,,,,,,,,,
USC00043491,1986,6,3,,,0.0,0.0,0.0,,,,,,,,,,,
USC00043491,1986,6,30,,,0.0,0.0,0.0,,,,,,,,,,,
USC00043491,1986,6,31,,,-9999.0,-9999.0,-9999.0,,,,,,,,,,,
USC00043491,1986,6,4,,,0.0,0.0,0.0,,,,,,,,,,,
USC00043491,1986,6,5,,,0.0,0.0,0.0,,,,,,,,,,,
USC00043491,1986,6,6,,,0.0,0.0,0.0,,,,,,,,,,,
USC00043491,1986,6,7,,,0.0,0.0,0.0,,,,,,,,,,,
USC00043491,1986,6,8,,,0.0,0.0,0.0,,,,,,,,,,,
USC00043491,1986,6,9,,,0.0,0.0,0.0,,,,,,,,,,,
USC00043491,1986,7,1,,,0.0,0.0,0.0,,,,,,,,,,,
USC00043491,1986,7,10,,,0.0,0.0,0.0,,,,,,,,,,,
USC00043491,1986,7,11,,,0.0,0.0,0.0,,,,,,,,,,,
USC00043491,1986,7,12,,,0.0,0.0,0.0,,,,,,,,,,,
USC00043491,1986,7,13,,,0.0,0.0,0.0,,,,,,,,,,,
USC00043491,1986,7,14,,,0.0,0.0,0.0,,,,,,,,,,,
USC00043491,1986,7,15,,,0.0,0.0,0.0,,,,,,,,,,,
USC00043491,1986,7,16,,,0.0,0.0,0.0,,,,,,,,,,,
USC00043491,1986,7,17,,,0.0,0.0,0.0,,,,,,,,,,,
USC00043491,1986,7,18,,,0.0,0.0,0.0,,,,,,,,,,,
USC00043491,1986,7,19,,,0.0,0.0,0.0,,,,,,,,,,,
USC00043491,1986,7,2,,,0.0,0.0,0.0,,,,,,,,,,,
USC00043491,1986,7,20,,,0.0,0.0,0.0,,,,,,,,,,,
USC00043491,1986,7,21,,,0.0,0.0,0.0,,,,,,,,,,,
USC00043491,1986,7,22,,,0.0,0.0,0.0,,,,,,,,,,,
USC00043491,1986,7,23,,,0.0,0.0,0.0,,,,,,,,,,,
USC00043491,1986,7,24,,,0.0,0.0,0.0,,,,,,,,,,,
USC00043491,1986,7,25,,,0.0,0.0,0.0,,,,,,,,,,,
USC00043491,1986,7,26,,,0.0,0.0,0.0,,,,,,,,,,,
USC00043491,1986,7,27,,,0.0,0.0,0.0,,,,,,,,,,,
USC00043491,1986,7,28,,,0.0,0.0,0.0,,,,,,,,,,,
USC00043491,1986,7,29,,,0.0,0.0,0.0,,,,,,,,,,,
USC00043491,1986,7,3,,,0.0,0.0,0.0,,,,,,,,,,,
USC00043491,1986,7,30,,,0.0,0.0,0.0,,,,,,,,,,,
USC00043491,1986,7,31,,,0.0,0.0,0.0,,,,,,,,,,,
USC00043491,1986,7,4,,,0.0,0.0,0.0,,,,,,,,,,,
USC00043491,1986,7,5,,,0.0,0.0,0.0,,,,,,,,,,,
USC00043491,1986,7,6,,,0.0,0.0,0.0,,,,,,,,,,,
USC00043491,1986,7,7,,,0.0,0.0,0.0,,,,,,,,,,,
USC00043491,1986,7,8,,,0.0,0.0,0.0,,,,,,,,,,,
USC00043491,1986,7,9,,,0.0,0.0,0.0,,,,,,,,,,,
USC00043491,1986,8,1,,,0.0,0.0,0.0,,,,,,,,,,,
USC00043491,1986,8,10,,,0.0,0.0,0.0,,,,,,,,,,,
USC00043491,1986,8,11,,,0.0,0.0,0.0,,,,,,,,,,,
USC00043491,1986,8,12,,,0.0,0.0,0.0,,,,,,,,,,,
USC00043491,1986,8,13,,,0.0,0.0,0.0,,,,,,,,,,,
USC00043491,1986,8,14,,,0.0,0.0,0.0,,,,,,,,,,,
USC00043491,1986,8,15,,,0.0,0.0,0.0,,,,,,,,,,,
USC00043491,1986,8,16,,,0.0,0.0,0.0,,,,,,,,,,,
USC00043491,1986,8,17,,,0.0,0.0,0.0,,,,,,,,,,,
USC00043491,1986,8,18,,,0.0,0.0,0.0,,,,,,,,,,,
USC00043491,1986,8,19,,,0.0,0.0,0.0,,,,,,,,,,,
USC00043491,1986,8,2,,,0.0,0.0,0.0,,,,,,,,,,,
USC00043491,1986,8,20,,,0.0,0.0,0.0,,,,,,,,,,,
USC00043491,1986,8,21,,,0.0,0.0,0.0,,,,,,,,,,,
USC00043491,1986,8,22,,,0.0,0.0,0.0,,,,,,,,,,,
USC00043491,1986,8,23,,,0.0,0.0,0.0,,,,,,,,,,,
USC00043491,1986,8,24,,,0.0,0.0,0.0,,,,,,,,,,,
USC00043491,1986,8,25,,,0.0,0.0,0.0,,,,,,,,,,,
USC00043491,1986,8,26,,,0.0,0.0,0.0,,,,,,,,,,,
USC00043491,1986,8,27,,,0.0,0.0,0.0,,,,,,,,,,,
USC00043491,1986,8,28,,,0.0,0.0,0.0,,,,,,,,,,,
USC00043491,1986,8,29,,,0.0,0.0,0.0,,,,,,,,,,,
USC00043491,1986,8,3,,,0.0,0.0,0.0,,,,,,,,,,,
USC00043491,1986,8,30,,,0.0,0.0,0.0,,,,,,,,,,,
USC00043491,1986,8,31,,,0.0,0.0,0.0,,,,,,,,,,,
USC00043491,1986,8,4,,,0.0,0.0,0.0,,,,,,,,,,,
USC00043491,1986,8,5,,,0.0,0.0,0.0,,,,,,,,,,,
USC00043491,1986,8,6,,,0.0,0.0,0.0,,,,,,,,,,,
USC00043491,1986,8,7,,,0.0,0.0,0.0,,,,,,,,,,,
USC00043491,1986,8,8,,,0.0,0.0,0.0,,,,,,,,,,,
USC00043491,1986,8,9,,,0.0,0.0,0.0,,,,,,,,,,,
USC00043491,1986,9,1,,,0.0,0.0,0.0,,,,,,,,,,,
USC00043491,1986,9,10,,,0.0,0.0,0.0,,,,,,,,,,,
USC00043491,1986,9,11,,,0.0,0.0,0.0,,,,,,,,,,,
USC00043491,1986,9,12,,,0.0,0.0,0.0,,,,,,,,,,,
USC00043491,1986,9,13,,,0.0,0.0,0.0,,,,,,,,,,,
USC00043491,1986,9,14,,,0.0,0.0,0.0,,,,,,,,,,,
USC00043491,1986,9,15,,,0.0,0.0,0.0,,,,,,,,,,,
USC00043491,1986,9,16,,,152.0,0.0,0.0,,,,,,,,,,,
USC00043491,1986,9,17,,,234.0,0.0,0.0,,,,,,,,,,,
USC00043491,1986,9,18,,,0.0,0.0,0.0,,,,,,,,,,,
USC00043491,1986,9,19,,,41.0,0.0,0.0,,,,,,,,,,,
USC00043491,1986,9,2,,,0.0,0.0,0.0,,,,,,,,,,,
USC00043491,1986,9,20,,,0.0,0.0,0.0,,,,,,,,,,,
USC00043491,1986,9,21,,,0.0,0.0,0.0,,,,,,,,,,,
USC00043491,1986,9,22,,,0.0,0.0,0.0,,,,,,,,,,,
USC00043491,1986,9,23,,,0.0,0.0,0.0,,,,,,,,,,,
USC00043491,1986,9,24,,,348.0,0.0,0.0,,,,,,,,,,,
USC00043491,1986,9,25,,,51.0,0.0,0.0,,,,,,,,,,,
USC00043491,1986,9,26,,,132.0,0.0,0.0,,,,,,,,,,,
USC00043491,1986,9,27,,,264.0,0.0,0.0,,,,,,,,,,,
USC00043491,1986,9,28,,,0.0,0.0,0.0,,,,,,,,,,,
USC00043491,1986,9,29,,,0.0,0.0,0.0,,,,,,,,,,,
USC00043491,1986,9,3,,,0.0,0.0,0.0,,,,,,,,,,,
USC00043491,1986,9,30,,,0.0,0.0,0.0,,,,,,,,,,,
USC00043491,1986,9,31,,,-9999.0,-9999.0,-9999.0,,,,,,,,,,,
USC00043491,1986,9,4,,,0.0,0.0,0.0,,,,,,,,,,,
USC00043491,1986,9,5,,,0.0,0.0,0.0,,,,,,,,,,,
USC00043491,1986,9,6,,,0.0,0.0,0.0,,,,,,,,,,,
USC00043491,1986,9,7,,,0.0,0.0,0.0,,,,,,,,,,,
USC00043491,1986,9,8,,,0.0,0.0,0.0,,,,,,,,,,,
USC00043491,1986,9,9,,,0.0,0.0,0.0,,,,,,,,,,,
USC00043491,1986,10,1,,,0.0,0.0,0.0,,,,,,,,,,,
USC00043491,1986,10,10,,,0.0,0.0,0.0,,,,,,,,,,,
USC00043491,1986,10,11,,,0.0,0.0,0.0,,,,,,,,,,,
USC00043491,1986,10,12,,,0.0,0.0,0.0,,,,,,,,,,,
USC00043491,1986,10,13,,,0.0,0.0,0.0,,,,,,,,,,,
USC00043491,1986,10,14,,,0.0,0.0,0.0,,,,,,,,,,,
USC00043491,1986,10,15,,,0.0,0.0,0.0,,,,,,,,,,,
USC00043491,1986,10,16,,,0.0,0.0,0.0,,,,,,,,,,,
USC00043491,1986,10,17,,,56.0,0.0,0.0,,,,,,,,,,,
USC00043491,1986,10,18,,,38.0,0.0,0.0,,,,,,,,,,,
USC00043491,1986,10,19,,,0.0,0.0,0.0,,,,,,,,,,,
USC00043491,1986,10,2,,,0.0,0.0,0.0,,,,,,,,,,,
USC00043491,1986,10,20,,,0.0,0.0,0.0,,,,,,,,,,,
USC00043491,1986,10,21,,,0.0,0.0,0.0,,,,,,,,,,,
USC00043491,1986,10,22,,,0.0,0.0,0.0,,,,,,,,,,,
USC00043491,1986,10,23,,,0.0,0.0,0.0,,,,,,,,,,,
USC00043491,1986,10,24,,,0.0,0.0,0.0,,,,,,,,,,,
USC00043491,1986,10,25,,,0.0,0.0,0.0,,,,,,,,,,,
USC00043491,1986,10,26,,,0.0,0.0,0.0,,,,,,,,,,,
USC00043491,1986,10,27,,,0.0,0.0,0.0,,,,,,,,,,,
USC00043491,1986,10,28,,,0.0,0.0,0.0,,,,,,,,,,,
USC00043491,1986,10,29,,,0.0,0.0,0.0,,,,,,,,,,,
USC00043491,1986,10,3,,,0.0,0.0,0.0,,,,,,,,,,,
USC00043491,1986,10,30,,,91.0,0.0,0.0,,,,,,,,,,,
USC00043491,1986,10,31,,,0.0,0.0,0.0,,,,,,,,,,,
USC00043491,1986,10,4,,,0.0,0.0,0.0,,,,,,,,,,,
USC00043491,1986,10,5,,,0.0,0.0,0.0,,,,,,,,,,,
USC00043491,1986,10,6,,,0.0,0.0,0.0,,,,,,,,,,,
USC00043491,1986,10,7,,,0.0,0.0,0.0,,,,,,,,,,,
USC00043491,1986,10,8,,,0.0,0.0,0.0,,,,,,,,,,,
USC00043491,1986,10,9,,,0.0,0.0,0.0,,,,,,,,,,,
USC00043491,1986,11,1,,,0.0,0.0,0.0,,,,,,,,,,,
USC00043491,1986,11,10,,,0.0,0.0,0.0,,,,,,,,,,,
USC00043491,1986,11,11,,,0.0,0.0,0.0,,,,,,,,,,,
USC00043491,1986,11,12,,,0.0,0.0,0.0,,,,,,,,,,,
USC00043491,1986,11,13,,,0.0,0.0,0.0,,,,,,,,,,,
USC00043491,1986,11,14,,,0.0,0.0,0.0,,,,,,,,,,,
USC00043491,1986,11,15,,,0.0,0.0,0.0,,,,,,,,,,,
USC00043491,1986,11,16,,,0.0,0.0,0.0,,,,,,,,,,,
USC00043491,1986,11,17,,,0.0,0.0,0.0,,,,,,,,,,,
USC00043491,1986,11,18,,,0.0,0.0,0.0,,,,,,,,,,,
USC00043491,1986,11,19,,,13.0,0.0,0.0,,,,,,,,,,,
USC00043491,1986,11,2,,,0.0,0.0,0.0,,,,,,,,,,,
USC00043491,1986,11,20,,,0.0,0.0,0.0,,,,,,,,,,,
USC00043491,1986,11,21,,,84.0,0.0,0.0,,,,,,,,,,,
USC00043491,1986,11,22,,,0.0,0.0,0.0,,,,,,,,,,,
USC00043491,1986,11,23,,,0.0,0.0,0.0,,,,,,,,,,,
USC00043491,1986,11,24,,,0.0,0.0,0.0,,,,,,,,,,,
USC00043491,1986,11,25,,,0.0,0.0,0.0,,,,,,,,,,,
USC00043491,1986,11,26,,,0.0,0.0,0.0,,,,,,,,,,,
USC00043491,1986,11,27,,,0.0,0.0,0.0,,,,,,,,,,,
USC00043491,1986,11,28,,,0.0,0.0,0.0,,,,,,,,,,,
USC00043491,1986,11,29,,,168.0,0.0,0.0,,,,,,,,,,,
USC00043491,1986,11,3,,,0.0,0.0,0.0,,,,,,,,,,,
USC00043491,1986,11,30,,,0.0,0.0,0.0,,,,,,,,,,,
USC00043491,1986,11,31,,,-9999.0,-9999.0,-9999.0,,,,,,,,,,,
USC00043491,1986,11,4,,,0.0,0.0,0.0,,,,,,,,,,,
USC00043491,1986,11,5,,,0.0,0.0,0.0,,,,,,,,,,,
USC00043491,1986,11,6,,,0.0,0.0,0.0,,,,,,,,,,,
USC00043491,1986,11,7,,,0.0,0.0,0.0,,,,,,,,,,,
USC00043491,1986,11,8,,,0.0,0.0,0.0,,,,,,,,,,,
USC00043491,1986,11,9,,,0.0,0.0,0.0,,,,,,,,,,,
USC00043491,1986,12,1,,,0.0,0.0,0.0,,,,,,,,,,,
USC00043491,1986,12,10,,,0.0,0.0,0.0,,,,,,,,,,,
USC00043491,1986,12,11,,,0.0,0.0,0.0,,,,,,,,,,,
USC00043491,1986,12,12,,,0.0,0.0,0.0,,,,,,,,,,,
USC00043491,1986,12,13,,,20.0,0.0,0.0,,,,,,,,,,,
USC00043491,1986,12,14,,,0.0,0.0,0.0,,,,,,,,,,,
USC00043491,1986,12,15,,,0.0,0.0,0.0,,,,,,,,,,,
USC00043491,1986,12,16,,,0.0,0.0,0.0,,,,,,,,,,,
USC00043491,1986,12,17,,,20.0,0.0,0.0,,,,,,,,,,,
USC00043491,1986,12,18,,,36.0,0.0,0.0,,,,,,,,,,,
USC00043491,1986,12,19,,,66.0,0.0,0.0,,,,,,,,,,,
USC00043491,1986,12,2,,,0.0,0.0,0.0,,,,,,,,,,,
USC00043491,1986,12,20,,,0.0,0.0,0.0,,,,,,,,,,,
USC00043491,1986,12,21,,,0.0,0.0,0.0,,,,,,,,,,,
USC00043491,1986,12,22,,,107.0,0.0,0.0,,,,,,,,,,,
USC00043491,1986,12,23,,,0.0,0.0,0.0,,,,,,,,,,,
USC00043491,1986,12,24,,,0.0,0.0,0.0,,,,,,,,,,,
USC00043491,1986,12,25,,,0.0,0.0,0.0,,,,,,,,,,,
USC00043491,1986,12,26,,,0.0,0.0,0.0,,,,,,,,,,,
USC00043491,1986,12,27,,,0.0,0.0,0.0,,,,,,,,,,,
USC00043491,1986,12,28,,,0.0,0.0,0.0,,,,,,,,,,,
USC00043491,1986,12,29,,,0.0,0.0,0.0,,,,,,,,,,,
USC00043491,1986,12,3,,,0.0,0.0,0.0,,,,,,,,,,,
USC00043491,1986,12,30,,,0.0,0.0,0.0,,,,,,,,,,,
USC00043491,1986,12,31,,,0.0,0.0,0.0,,,,,,,,,,,
USC00043491,1986,12,4,,,0.0,0.0,0.0,,,,,,,,,,,
USC00043491,1986,12,5,,,117.0,0.0,0.0,,,,,,,,,,,
USC00043491,1986,12,6,,,0.0,0.0,0.0,,,,,,,,,,,
USC00043491,1986,12,7,,,0.0,0.0,0.0,,,,,,,,,,,
USC00043491,1986,12,8,,,0.0,0.0,0.0,,,,,,,,,,,
USC00043491,1986,12,9,,,0.0,0.0,0.0,,,,,,,,,,,
USC00043491,1987,1,1,,,284.0,0.0,0.0,,,,,,,,,,,
USC00043491,1987,1,10,,,0.0,0.0,0.0,,,,,,,,,,,
USC00043491,1987,1,11,,,0.0,0.0,0.0,,,,,,,,,,,
USC00043491,1987,1,12,,,0.0,0.0,0.0,,,,,,,,,,,
USC00043491,1987,1,13,,,0.0,0.0,0.0,,,,,,,,,,,
USC00043491,1987,1,14,,,0.0,0.0,0.0,,,,,,,,,,,
USC00043491,1987,1,15,,,0.0,0.0,0.0,,,,,,,,,,,
USC00043491,1987,1,16,,,0.0,0.0,0.0,,,,,,,,,,,
USC00043491,1987,1,17,,,0.0,0.0,0.0,,,,,,,,,,,
USC00043491,1987,1,18,,,0.0,0.0,0.0,,,,,,,,,,,
USC00043491,1987,1,19,,,0.0,0.0,0.0,,,,,,,,,,,
USC00043491,1987,1,2,,,0.0,0.0,0.0,,,,,,,,,,,
USC00043491,1987,1,20,,,0.0,0.0,0.0,,,,,,,,,,,
USC00043491,1987,1,21,,,0.0,0.0,0.0,,,,,,,,,,,
USC00043491,1987,1,22,,,0.0,0.0,0.0,,,,,,,,,,,
USC00043491,1987,1,23,,,53.0,0.0,0.0,,,,,,,,,,,
USC00043491,1987,1,24,,,208.0,0.0,0.0,,,,,,,,,,,
USC00043491,1987,1,25,,,0.0,0.0,0.0,,,,,,,,,,,
USC00043491,1987,1,26,,,0.0,0.0,0.0,,,,,,,,,,,
USC00043491,1987,1,27,,,69.0,0.0,0.0,,,,,,,,,,,
USC00043491,1987,1,28,,,30.0,0.0,0.0,,,,,,,,,,,
USC00043491,1987,1,29,,,0.0,0.0,0.0,,,,,,,,,,,
USC00043491,1987,1,3,,,544.0,0.0,0.0,,,,,,,,,,,
USC00043491,1987,1,30,,,0.0,0.0,0.0,,,,,,,,,,,
USC00043491,1987,1,31,,,0.0,0.0,0.0,,,,,,,,,,,
USC00043491,1987,1,4,,,0.0,0.0,0.0,,,,,,,,,,,
USC00043491,1987,1,5,,,0.0,0.0,0.0,,,,,,,,,,,
USC00043491,1987,1,6,,,25.0,0.0,0.0,,,,,,,,,,,
USC00043491,1987,1,7,,,0.0,0.0,0.0,,,,,,,,,,,
USC00043491,1987,1,8,,,0.0,0.0,0.0,,,,,,,,,,,
USC00043491,1987,1,9,,,0.0,0.0,0.0,,,,,,,,,,,
USC00043491,1987,2,1,,,0.0,0.0,0.0,,,,,,,,,,,
USC00043491,1987,2,10,,,5.0,0.0,0.0,,,,,,,,,,,
USC00043491,1987,2,11,,,157.0,0.0,0.0,,,,,,,,,,,
USC00043491,1987,2,12,,,274.0,0.0,0.0,,,,,,,,,,,
USC00043491,1987,2,13,,,787.0,0.0,0.0,,,,,,,,,,,
USC00043491,1987,2,14,,,3.0,0.0,0.0,,,,,,,,,,,
USC00043491,1987,2,15,,,287.0,0.0,0.0,,,,,,,,,,,
USC00043491,1987,2,16,,,0.0,0.0,0.0,,,,,,,,,,,
USC00043491,1987,2,17,,,0.0,0.0,0.0,,,,,,,,,,,
USC00043491,1987,2,18,,,0.0,0.0,0.0,,,,,,,,,,,
USC00043491,1987,2,19,,,0.0,0.0,0.0,,,,,,,,,,,
USC00043491,1987,2,2,,,277.0,0.0,0.0,,,,,,,,,,,
USC00043491,1987,2,20,,,0.0,0.0,0.0,,,,,,,,,,,
USC00043491,1987,2,21,,,0.0,0.0,0.0,,,,,,,,,,,
USC00043491,1987,2,22,,,0.0,0.0,0.0,,,,,,,,,,,
USC00043491,1987,2,23,,,0.0,0.0,0.0,,,,,,,,,,,
USC00043491,1987,2,24,,,8.0,0.0,0.0,,,,,,,,,,,
USC00043491,1987,2,25,,,0.0,0.0,0.0,,,,,,,,,,,
USC00043491,1987,2,26,,,0.0,0.0,0.0,,,,,,,,,,,
USC00043491,1987,2,27,,,0.0,0.0,0.0,,,,,,,,,,,
USC00043491,1987,2,28,,,0.0,0.0,0.0,,,,,,,,,,,
USC00043491,1987,2,29,,,-9999.0,-9999.0,-9999.0,,,,,,,,,,,
USC00043491,1987,2,3,,,0.0,0.0,0.0,,,,,,,,,,,
USC00043491,1987,2,30,,,-9999.0,-9999.0,-9999.0,,,,,,,,,,,
USC00043491,1987,2,31,,,-9999.0,-9999.0,-9999.0,,,,,,,,,,,
USC00043491,1987,2,4,,,0.0,0.0,0.0,,,,,,,,,,,
USC00043491,1987,2,5,,,0.0,0.0,0.0,,,,,,,,,,,
USC00043491,1987,2,6,,,0.0,0.0,0.0,,,,,,,,,,,
USC00043491,1987,2,7,,,0.0,0.0,0.0,,,,,,,,,,,
USC00043491,1987,2,8,,,0.0,0.0,0.0,,,,,,,,,,,
USC00043491,1987,2,9,,,0.0,0.0,0.0,,,,,,,,,,,
USC00043491,1987,3,1,,,0.0,0.0,0.0,,,,,,,,,,,
USC00043491,1987,3,10,,,5.0,0.0,0.0,,,,,,,,,,,
USC00043491,1987,3,11,,,91.0,0.0,0.0,,,,,,,,,,,
USC00043491,1987,3,12,,,353.0,0.0,0.0,,,,,,,,,,,
USC00043491,1987,3,13,,,267.0,0.0,0.0,,,,,,,,,,,
USC00043491,1987,3,14,,,211.0,0.0,0.0,,,,,,,,,,,
USC00043491,1987,3,15,,,0.0,0.0,0.0,,,,,,,,,,,
USC00043491,1987,3,16,,,0.0,0.0,0.0,,,,,,,,,,,
USC00043491,1987,3,17,,,0.0,0.0,0.0,,,,,,,,,,,
USC00043491,1987,3,18,,,20.0,0.0,0.0,,,,,,,,,,,
USC00043491,1987,3,19,,,23.0,0.0,0.0,,,,,,,,,,,
USC00043491,1987,3,2,,,0.0,0.0,0.0,,,,,,,,,,,
USC00043491,1987,3,20,,,0.0,0.0,0.0,,,,,,,,,,,
USC00043491,1987,3,21,,,89.0,0.0,0.0,,,,,,,,,,,
USC00043491,1987,3,22,,,0.0,0.0,0.0,,,,,,,,,,,
USC00043491,1987,3,23,,,183.0,0.0,0.0,,,,,,,,,,,
USC00043491,1987,3,24,,,0.0,0.0,0.0,,,,,,,,,,,
USC00043491,1987,3,25,,,0.0,0.0,0.0,,,,,,,,,,,
USC00043491,1987,3,26,,,0.0,0.0,0.0,,,,,,,,,,,
USC00043491,1987,3,27,,,0.0,0.0,0.0,,,,,,,,,,,
USC00043491,1987,3,28,,,0.0,0.0,0.0,,,,,,,,,,,
USC00043491,1987,3,29,,,0.0,0.0,0.0,,,,,,,,,,,
USC00043491,1987,3,3,,,0.0,0.0,0.0,,,,,,,,,,,
USC00043491,1987,3,30,,,0.0,0.0,0.0,,,,,,,,,,,
USC00043491,1987,3,31,,,0.0,0.0,0.0,,,,,,,,,,,
USC00043491,1987,3,4,,,0.0,0.0,0.0,,,,,,,,,,,
USC00043491,1987,3,5,,,323.0,0.0,0.0,,,,,,,,,,,
USC00043491,1987,3,6,,,191.0,0.0,0.0,,,,,,,,,,,
USC00043491,1987,3,7,,,0.0,0.0,0.0,,,,,,,,,,,
USC00043491,1987,3,8,,,61.0,0.0,0.0,,,,,,,,,,,
USC00043491,1987,3,9,,,0.0,0.0,0.0,,,,,,,,,,,
USC00043491,1987,4,1,,,0.0,0.0,0.0,,,,,,,,,,,
USC00043491,1987,4,10,,,0.0,0.0,0.0,,,,,,,,,,,
USC00043491,1987,4,11,,,0.0,0.0,0.0,,,,,,,,,,,
USC00043491,1987,4,12,,,0.0,0.0,0.0,,,,,,,,,,,
USC00043491,1987,4,13,,,0.0,0.0,0.0,,,,,,,,,,,
USC00043491,1987,4,14,,,0.0,0.0,0.0,,,,,,,,,,,
USC00043491,1987,4,15,,,0.0,0.0,0.0,,,,,,,,,,,
USC00043491,1987,4,16,,,0.0,0.0,0.0,,,,,,,,,,,
USC00043491,1987,4,17,,,0.0,0.0,0.0,,,,,,,,,,,
USC00043491,1987,4,18,,,0.0,0.0,0.0,,,,,,,,,,,
USC00043491,1987,4,19,,,0.0,0.0,0.0,,,,,,,,,,,
USC00043491,1987,4,2,,,5.0,0.0,0.0,,,,,,,,,,,
USC00043491,1987,4,20,,,0.0,0.0,0.0,,,,,,,,,,,
USC00043491,1987,4,21,,,0.0,0.0,0.0,,,,,,,,,,,
USC00043491,1987,4,22,,,0.0,0.0,0.0,,,,,,,,,,,
USC00043491,1987,4,23,,,0.0,0.0,0.0,,,,,,,,,,,
USC00043491,1987,4,24,,,0.0,0.0,0.0,,,,,,,,,,,
USC00043491,1987,4,25,,,0.0,0.0,0.0,,,,,,,,,,,
USC00043491,1987,4,26,,,0.0,0.0,0.0,,,,,,,,,,,
USC00043491,1987,4,27,,,0.0,0.0,0.0,,,,,,,,,,,
USC00043491,1987,4,28,,,0.0,0.0,0.0,,,,,,,,,,,
USC00043491,1987,4,29,,,0.0,0.0,0.0,,,,,,,,,,,
USC00043491,1987,4,3,,,0.0,0.0,0.0,,,,,,,,,,,
USC00043491,1987,4,30,,,239.0,0.0,0.0,,,,,,,,,,,
USC00043491,1987,4,31,,,-9999.0,-9999.0,-9999.0,,,,,,,,,,,
USC00043491,1987,4,4,,,0.0,0.0,0.0,,,,,,,,,,,
USC00043491,1987,4,5,,,0.0,0.0,0.0,,,,,,,,,,,
USC00043491,1987,4,6,,,0.0,0.0,0.0,,,,,,,,,,,
USC00043491,1987,4,7,,,0.0,0.0,0.0,,,,,,,,,,,
USC00043491,1987,4,8,,,0.0,0.0,0.0,,,,,,,,,,,
USC00043491,1987,4,9,,,0.0,0.0,0.0,,,,,,,,,,,
USC00043491,1987,5,1,,,15.0,0.0,0.0,,,,,,,,,,,
USC00043491,1987,5,10,,,0.0,0.0,0.0,,,,,,,,,,,
USC00043491,1987,5,11,,,0.0,0.0,0.0,,,,,,,,,,,
USC00043491,1987,5,12,,,0.0,0.0,0.0,,,,,,,,,,,
USC00043491,1987,5,13,,,0.0,0.0,0.0,,,,,,,,,,,
USC00043491,1987,5,14,,,0.0,0.0,0.0,,,,,,,,,,,
USC00043491,1987,5,15,,,0.0,0.0,0.0,,,,,,,,,,,
USC00043491,1987,5,16,,,0.0,0.0,0.0,,,,,,,,,,,
USC00043491,1987,5,17,,,0.0,0.0,0.0,,,,,,,,,,,
USC00043491,1987,5,18,,,0.0,0.0,0.0,,,,,,,,,,,
USC00043491,1987,5,19,,,0.0,0.0,0.0,,,,,,,,,,,
USC00043491,1987,5,2,,,0.0,0.0,0.0,,,,,,,,,,,
USC00043491,1987,5,20,,,0.0,0.0,0.0,,,,,,,,,,,
USC00043491,1987,5,21,,,0.0,0.0,0.0,,,,,,,,,,,
USC00043491,1987,5,22,,,0.0,0.0,0.0,,,,,,,,,,,
USC00043491,1987,5,23,,,0.0,0.0,0.0,,,,,,,,,,,
USC00043491,1987,5,24,,,0.0,0.0,0.0,,,,,,,,,,,
USC00043491,1987,5,25,,,0.0,0.0,0.0,,,,,,,,,,,
USC00043491,1987,5,26,,,5.0,0.0,0.0,,,,,,,,,,,
USC00043491,1987,5,27,,,0.0,0.0,0.0,,,,,,,,,,,
USC00043491,1987,5,28,,,0.0,0.0,0.0,,,,,,,,,,,
USC00043491,1987,5,29,,,0.0,0.0,0.0,,,,,,,,,,,
USC00043491,1987,5,3,,,0.0,0.0,0.0,,,,,,,,,,,
USC00043491,1987,5,30,,,0.0,0.0,0.0,,,,,,,,,,,
USC00043491,1987,5,31,,,0.0,0.0,0.0,,,,,,,,,,,
USC00043491,1987,5,4,,,0.0,0.0,0.0,,,,,,,,,,,
USC00043491,1987,5,5,,,0.0,0.0,0.0,,,,,,,,,,,
USC00043491,1987,5,6,,,0.0,0.0,0.0,,,,,,,,,,,
USC00043491,1987,5,7,,,0.0,0.0,0.0,,,,,,,,,,,
USC00043491,1987,5,8,,,0.0,0.0,0.0,,,,,,,,,,,
USC00043491,1987,5,9,,,5.0,0.0,0.0,,,,,,,,,,,
USC00043491,1987,6,1,,,0.0,0.0,0.0,,,,,,,,,,,
USC00043491,1987,6,10,,,0.0,0.0,0.0,,,,,,,,,,,
USC00043491,1987,6,11,,,0.0,0.0,0.0,,,,,,,,,,,
USC00043491,1987,6,12,,,0.0,0.0,0.0,,,,,,,,,,,
USC00043491,1987,6,13,,,0.0,0.0,0.0,,,,,,,,,,,
USC00043491,1987,6,14,,,0.0,0.0,0.0,,,,,,,,,,,
USC00043491,1987,6,15,,,0.0,0.0,0.0,,,,,,,,,,,
USC00043491,1987,6,16,,,0.0,0.0,0.0,,,,,,,,,,,
USC00043491,1987,6,17,,,0.0,0.0,0.0,,,,,,,,,,,
USC00043491,1987,6,18,,,0.0,0.0,0.0,,,,,,,,,,,
USC00043491,1987,6,19,,,0.0,0.0,0.0,,,,,,,,,,,
USC00043491,1987,6,2,,,0.0,0.0,0.0,,,,,,,,,,,
USC00043491,1987,6,20,,,0.0,0.0,0.0,,,,,,,,,,,
USC00043491,1987,6,21,,,0.0,0.0,0.0,,,,,,,,,,,
USC00043491,1987,6,22,,,0.0,0.0,0.0,,,,,,,,,,,
USC00043491,1987,6,23,,,0.0,0.0,0.0,,,,,,,,,,,
USC00043491,1987,6,24,,,0.0,0.0,0.0,,,,,,,,,,,
USC00043491,1987,6,25,,,0.0,0.0,0.0,,,,,,,,,,,
USC00043491,1987,6,26,,,0.0,0.0,0.0,,,,,,,,,,,
USC00043491,1987,6,27,,,33.0,0.0,0.0,,,,,,,,,,,
USC00043491,1987,6,28,,,0.0,0.0,0.0,,,,,,,,,,,
USC00043491,1987,6,29,,,0.0,0.0,0.0,,,,,,,,,,,
USC00043491,1987,6,3,,,0.0,0.0,0.0,,,,,,,,,,,
USC00043491,1987,6,30,,,0.0,0.0,0.0,,,,,,,,,,,
USC00043491,1987,6,31,,,-9999.0,-9999.0,-9999.0,,,,,,,,,,,
USC00043491,1987,6,4,,,0.0,0.0,0.0,,,,,,,,,,,
USC00043491,1987,6,5,,,0.0,0.0,0.0,,,,,,,,,,,
USC00043491,1987,6,6,,,10.0,0.0,0.0,,,,,,,,,,,
USC00043491,1987,6,7,,,0.0,0.0,0.0,,,,,,,,,,,
USC00043491,1987,6,8,,,0.0,0.0,0.0,,,,,,,,,,,
USC00043491,1987,6,9,,,0.0,0.0,0.0,,,,,,,,,,,
USC00043491,1987,7,1,,,0.0,0.0,0.0,,,,,,,,,,,
USC00043491,1987,7,10,,,0.0,0.0,0.0,,,,,,,,,,,
USC00043491,1987,7,11,,,0.0,0.0,0.0,,,,,,,,,,,
USC00043491,1987,7,12,,,0.0,0.0,0.0,,,,,,,,,,,
USC00043491,1987,7,13,,,0.0,0.0,0.0,,,,,,,,,,,
USC00043491,1987,7,14,,,0.0,0.0,0.0,,,,,,,,,,,
USC00043491,1987,7,15,,,0.0,0.0,0.0,,,,,,,,,,,
USC00043491,1987,7,16,,,0.0,0.0,0.0,,,,,,,,,,,
USC00043491,1987,7,17,,,0.0,0.0,0.0,,,,,,,,,,,
USC00043491,1987,7,18,,,0.0,0.0,0.0,,,,,,,,,,,
USC00043491,1987,7,19,,,0.0,0.0,0.0,,,,,,,,,,,
USC00043491,1987,7,2,,,0.0,0.0,0.0,,,,,,,,,,,
USC00043491,1987,7,20,,,0.0,0.0,0.0,,,,,,,,,,,
USC00043491,1987,7,21,,,0.0,0.0,0.0,,,,,,,,,,,
USC00043491,1987,7,22,,,0.0,0.0,0.0,,,,,,,,,,,
USC00043491,1987,7,23,,,0.0,0.0,0.0,,,,,,,,,,,
USC00043491,1987,7,24,,,0.0,0.0,0.0,,,,,,,,,,,
USC00043491,1987,7,25,,,0.0,0.0,0.0,,,,,,,,,,,
USC00043491,1987,7,26,,,0.0,0.0,0.0,,,,,,,,,,,
USC00043491,1987,7,27,,,0.0,0.0,0.0,,,,,,,,,,,
USC00043491,1987,7,28,,,0.0,0.0,0.0,,,,,,,,,,,
USC00043491,1987,7,29,,,0.0,0.0,0.0,,,,,,,,,,,
USC00043491,1987,7,3,,,0.0,0.0,0.0,,,,,,,,,,,
USC00043491,1987,7,30,,,0.0,0.0,0.0,,,,,,,,,,,
USC00043491,1987,7,31,,,0.0,0.0,0.0,,,,,,,,,,,
USC00043491,1987,7,4,,,0.0,0.0,0.0,,,,,,,,,,,
USC00043491,1987,7,5,,,0.0,0.0,0.0,,,,,,,,,,,
USC00043491,1987,7,6,,,0.0,0.0,0.0,,,,,,,,,,,
USC00043491,1987,7,7,,,0.0,0.0,0.0,,,,,,,,,,,
USC00043491,1987,7,8,,,0.0,0.0,0.0,,,,,,,,,,,
USC00043491,1987,7,9,,,0.0,0.0,0.0,,,,,,,,,,,
USC00043491,1987,8,1,,,0.0,0.0,0.0,,,,,,,,,,,
USC00043491,1987,8,10,,,0.0,0.0,0.0,,,,,,,,,,,
USC00043491,1987,8,11,,,0.0,0.0,0.0,,,,,,,,,,,
USC00043491,1987,8,12,,,0.0,0.0,0.0,,,,,,,,,,,
USC00043491,1987,8,13,,,0.0,0.0,0.0,,,,,,,,,,,
USC00043491,1987,8,14,,,0.0,0.0,0.0,,,,,,,,,,,
USC00043491,1987,8,15,,,0.0,0.0,0.0,,,,,,,,,,,
USC00043491,1987,8,16,,,0.0,0.0,0.0,,,,,,,,,,,
USC00043491,1987,8,17,,,0.0,0.0,0.0,,,,,,,,,,,
USC00043491,1987,8,18,,,0.0,0.0,0.0,,,,,,,,,,,
USC00043491,1987,8,19,,,0.0,0.0,0.0,,,,,,,,,,,
USC00043491,1987,8,2,,,0.0,0.0,0.0,,,,,,,,,,,
USC00043491,1987,8,20,,,0.0,0.0,0.0,,,,,,,,,,,
USC00043491,1987,8,21,,,0.0,0.0,0.0,,,,,,,,,,,
USC00043491,1987,8,22,,,0.0,0.0,0.0,,,,,,,,,,,
USC00043491,1987,8,23,,,0.0,0.0,0.0,,,,,,,,,,,
USC00043491,1987,8,24,,,0.0,0.0,0.0,,,,,,,,,,,
USC00043491,1987,8,25,,,0.0,0.0,0.0,,,,,,,,,,,
USC00043491,1987,8,26,,,0.0,0.0,0.0,,,,,,,,,,,
USC00043491,1987,8,27,,,0.0,0.0,0.0,,,,,,,,,,,
USC00043491,1987,8,28,,,0.0,0.0,0.0,,,,,,,,,,,
USC00043491,1987,8,29,,,0.0,0.0,0.0,,,,,,,,,,,
USC00043491,1987,8,3,,,0.0,0.0,0.0,,,,,,,,,,,
USC00043491,1987,8,30,,,0.0,0.0,0.0,,,,,,,,,,,
USC00043491,1987,8,31,,,0.0,0.0,0.0,,,,,,,,,,,
USC00043491,1987,8,4,,,0.0,0.0,0.0,,,,,,,,,,,
USC00043491,1987,8,5,,,0.0,0.0,0.0,,,,,,,,,,,
USC00043491,1987,8,6,,,0.0,0.0,0.0,,,,,,,,,,,
USC00043491,1987,8,7,,,0.0,0.0,0.0,,,,,,,,,,,
USC00043491,1987,8,8,,,0.0,0.0,0.0,,,,,,,,,,,
USC00043491,1987,8,9,,,0.0,0.0,0.0,,,,,,,,,,,
USC00043491,1987,9,1,,,0.0,0.0,0.0,,,,,,,,,,,
USC00043491,1987,9,10,,,0.0,0.0,0.0,,,,,,,,,,,
USC00043491,1987,9,11,,,0.0,0.0,0.0,,,,,,,,,,,
USC00043491,1987,9,12,,,0.0,0.0,0.0,,,,,,,,,,,
USC00043491,1987,9,13,,,0.0,0.0,0.0,,,,,,,,,,,
USC00043491,1987,9,14,,,0.0,0.0,0.0,,,,,,,,,,,
USC00043491,1987,9,15,,,0.0,0.0,0.0,,,,,,,,,,,
USC00043491,1987,9,16,,,0.0,0.0,0.0,,,,,,,,,,,
USC00043491,1987,9,17,,,0.0,0.0,0.0,,,,,,,,,,,
USC00043491,1987,9,18,,,0.0,0.0,0.0,,,,,,,,,,,
USC00043491,1987,9,19,,,0.0,0.0,0.0,,,,,,,,,,,
USC00043491,1987,9,2,,,0.0,0.0,0.0,,,,,,,,,,,
USC00043491,1987,9,20,,,0.0,0.0,0.0,,,,,,,,,,,
USC00043491,1987,9,21,,,0.0,0.0,0.0,,,,,,,,,,,
USC00043491,1987,9,22,,,0.0,0.0,0.0,,,,,,,,,,,
USC00043491,1987,9,23,,,0.0,0.0,0.0,,,,,,,,,,,
USC00043491,1987,9,24,,,0.0,0.0,0.0,,,,,,,,,,,
USC00043491,1987,9,25,,,0.0,0.0,0.0,,,,,,,,,,,
USC00043491,1987,9,26,,,0.0,0.0,0.0,,,,,,,,,,,
USC00043491,1987,9,27,,,0.0,0.0,0.0,,,,,,,,,,,
USC00043491,1987,9,28,,,0.0,0.0,0.0,,,,,,,,,,,
USC00043491,1987,9,29,,,0.0,0.0,0.0,,,,,,,,,,,
USC00043491,1987,9,3,,,0.0,0.0,0.0,,,,,,,,,,,
USC00043491,1987,9,30,,,0.0,0.0,0.0,,,,,,,,,,,
USC00043491,1987,9,31,,,-9999.0,-9999.0,-9999.0,,,,,,,,,,,
USC00043491,1987,9,4,,,0.0,0.0,0.0,,,,,,,,,,,
USC00043491,1987,9,5,,,0.0,0.0,0.0,,,,,,,,,,,
USC00043491,1987,9,6,,,0.0,0.0,0.0,,,,,,,,,,,
USC00043491,1987,9,7,,,0.0,0.0,0.0,,,,,,,,,,,
USC00043491,1987,9,8,,,0.0,0.0,0.0,,,,,,,,,,,
USC00043491,1987,9,9,,,0.0,0.0,0.0,,,,,,,,,,,
USC00043491,1987,10,1,,,0.0,0.0,0.0,,,,,,,,,,,
USC00043491,1987,10,10,,,0.0,0.0,0.0,,,,,,,,,,,
USC00043491,1987,10,11,,,0.0,0.0,0.0,,,,,,,,,,,
USC00043491,1987,10,12,,,0.0,0.0,0.0,,,,,,,,,,,
USC00043491,1987,10,13,,,0.0,0.0,0.0,,,,,,,,,,,
USC00043491,1987,10,14,,,0.0,0.0,0.0,,,,,,,,,,,
USC00043491,1987,10,15,,,0.0,0.0,0.0,,,,,,,,,,,
USC00043491,1987,10,16,,,0.0,0.0,0.0,,,,,,,,,,,
USC00043491,1987,10,17,,,0.0,0.0,0.0,,,,,,,,,,,
USC00043491,1987,10,18,,,0.0,0.0,0.0,,,,,,,,,,,
USC00043491,1987,10,19,,,0.0,0.0,0.0,,,,,,,,,,,
USC00043491,1987,10,2,,,0.0,0.0,0.0,,,,,,,,,,,
USC00043491,1987,10,20,,,0.0,0.0,0.0,,,,,,,,,,,
USC00043491,1987,10,21,,,0.0,0.0,0.0,,,,,,,,,,,
USC00043491,1987,10,22,,,0.0,0.0,0.0,,,,,,,,,,,
USC00043491,1987,10,23,,,267.0,0.0,0.0,,,,,,,,,,,
USC00043491,1987,10,24,,,0.0,0.0,0.0,,,,,,,,,,,
USC00043491,1987,10,25,,,0.0,0.0,0.0,,,,,,,,,,,
USC00043491,1987,10,26,,,0.0,0.0,0.0,,,,,,,,,,,
USC00043491,1987,10,27,,,30.0,0.0,0.0,,,,,,,,,,,
USC00043491,1987,10,28,,,0.0,0.0,0.0,,,,,,,,,,,
USC00043491,1987,10,29,,,0.0,0.0,0.0,,,,,,,,,,,
USC00043491,1987,10,3,,,0.0,0.0,0.0,,,,,,,,,,,
USC00043491,1987,10,30,,,0.0,0.0,0.0,,,,,,,,,,,
USC00043491,1987,10,31,,,0.0,0.0,0.0,,,,,,,,,,,
USC00043491,1987,10,4,,,0.0,0.0,0.0,,,,,,,,,,,
USC00043491,1987,10,5,,,0.0,0.0,0.0,,,,,,,,,,,
USC00043491,1987,10,6,,,0.0,0.0,0.0,,,,,,,,,,,
USC00043491,1987,10,7,,,0.0,0.0,0.0,,,,,,,,,,,
USC00043491,1987,10,8,,,0.0,0.0,0.0,,,,,,,,,,,
USC00043491,1987,10,9,,,0.0,0.0,0.0,,,,,,,,,,,
USC00043491,1987,11,1,,,0.0,0.0,0.0,,,,,,,,,,,
USC00043491,1987,11,10,,,0.0,0.0,0.0,,,,,,,,,,,
USC00043491,1987,11,11,,,0.0,0.0,0.0,,,,,,,,,,,
USC00043491,1987,11,12,,,0.0,0.0,0.0,,,,,,,,,,,
USC00043491,1987,11,13,,,508.0,0.0,0.0,,,,,,,,,,,
USC00043491,1987,11,14,,,0.0,0.0,0.0,,,,,,,,,,,
USC00043491,1987,11,15,,,0.0,0.0,0.0,,,,,,,,,,,
USC00043491,1987,11,16,,,0.0,0.0,0.0,,,,,,,,,,,
USC00043491,1987,11,17,,,81.0,0.0,0.0,,,,,,,,,,,
USC00043491,1987,11,18,,,0.0,0.0,0.0,,,,,,,,,,,
USC00043491,1987,11,19,,,0.0,0.0,0.0,,,,,,,,,,,
USC00043491,1987,11,2,,,58.0,0.0,0.0,,,,,,,,,,,
USC00043491,1987,11,20,,,99.0,0.0,0.0,,,,,,,,,,,
USC00043491,1987,11,21,,,89.0,0.0,0.0,,,,,,,,,,,
USC00043491,1987,11,22,,,0.0,0.0,0.0,,,,,,,,,,,
USC00043491,1987,11,23,,,0.0,0.0,0.0,,,,,,,,,,,
USC00043491,1987,11,24,,,0.0,0.0,0.0,,,,,,,,,,,
USC00043491,1987,11,25,,,0.0,0.0,0.0,,,,,,,,,,,
USC00043491,1987,11,26,,,0.0,0.0,0.0,,,,,,,,,,,
USC00043491,1987,11,27,,,0.0,0.0,0.0,,,,,,,,,,,
USC00043491,1987,11,28,,,0.0,0.0,0.0,,,,,,,,,,,
USC00043491,1987,11,29,,,0.0,0.0,0.0,,,,,,,,,,,
USC00043491,1987,11,3,,,0.0,0.0,0.0,,,,,,,,,,,
USC00043491,1987,11,30,,,0.0,0.0,0.0,,,,,,,,,,,
USC00043491,1987,11,31,,,-9999.0,-9999.0,-9999.0,,,,,,,,,,,
USC00043491,1987,11,4,,,0.0,0.0,0.0,,,,,,,,,,,
USC00043491,1987,11,5,,,0.0,0.0,0.0,,,,,,,,,,,
USC00043491,1987,11,6,,,76.0,0.0,0.0,,,,,,,,,,,
USC00043491,1987,11,7,,,0.0,0.0,0.0,,,,,,,,,,,
USC00043491,1987,11,8,,,0.0,0.0,0.0,,,,,,,,,,,
USC00043491,1987,11,9,,,64.0,0.0,0.0,,,,,,,,,,,
USC00043491,1987,12,1,,,406.0,0.0,0.0,,,,,,,,,,,
USC00043491,1987,12,10,,,145.0,0.0,0.0,,,,,,,,,,,
USC00043491,1987,12,11,,,0.0,0.0,0.0,,,,,,,,,,,
USC00043491,1987,12,12,,,0.0,0.0,0.0,,,,,,,,,,,
USC00043491,1987,12,13,,,0.0,0.0,0.0,,,,,,,,,,,
USC00043491,1987,12,14,,,0.0,0.0,0.0,,,,,,,,,,,
USC00043491,1987,12,15,,,0.0,0.0,0.0,,,,,,,,,,,
USC00043491,1987,12,16,,,213.0,0.0,0.0,,,,,,,,,,,
USC00043491,1987,12,17,,,0.0,0.0,0.0,,,,,,,,,,,
USC00043491,1987,12,18,,,0.0,0.0,0.0,,,,,,,,,,,
USC00043491,1987,12,19,,,76.0,0.0,0.0,,,,,,,,,,,
USC00043491,1987,12,2,,,363.0,0.0,0.0,,,,,,,,,,,
USC00043491,1987,12,20,,,0.0,0.0,0.0,,,,,,,,,,,
USC00043491,1987,12,21,,,0.0,0.0,0.0,,,,,,,,,,,
USC00043491,1987,12,22,,,333.0,0.0,0.0,,,,,,,,,,,
USC00043491,1987,12,23,,,0.0,0.0,0.0,,,,,,,,,,,
USC00043491,1987,12,24,,,0.0,0.0,0.0,,,,,,,,,,,
USC00043491,1987,12,25,,,0.0,0.0,0.0,,,,,,,,,,,
USC00043491,1987,12,26,,,0.0,0.0,0.0,,,,,,,,,,,
USC00043491,1987,12,27,,,0.0,0.0,0.0,,,,,,,,,,,
USC00043491,1987,12,28,,,211.0,0.0,0.0,,,,,,,,,,,
USC00043491,1987,12,29,,,272.0,0.0,0.0,,,,,,,,,,,
USC00043491,1987,12,3,,,3.0,0.0,0.0,,,,,,,,,,,
USC00043491,1987,12,30,,,0.0,0.0,0.0,,,,,,,,,,,
USC00043491,1987,12,31,,,0.0,0.0,0.0,,,,,,,,,,,
USC00043491,1987,12,4,,,0.0,0.0,0.0,,,,,,,,,,,
USC00043491,1987,12,5,,,69.0,0.0,0.0,,,,,,,,,,,
USC00043491,1987,12,6,,,307.0,0.0,0.0,,,,,,,,,,,
USC00043491,1987,12,7,,,0.0,0.0,0.0,,,,,,,,,,,
USC00043491,1987,12,8,,,236.0,0.0,0.0,,,,,,,,,,,
USC00043491,1987,12,9,,,338.0,0.0,0.0,,,,,,,,,,,
USC00043491,1988,1,1,,,0.0,0.0,0.0,,,,,,,,,,,
USC00043491,1988,1,10,,,53.0,0.0,0.0,,,,,,,,,,,
USC00043491,1988,1,11,,,0.0,0.0,0.0,,,,,,,,,,,
USC00043491,1988,1,12,,,0.0,0.0,0.0,,,,,,,,,,,
USC00043491,1988,1,13,,,0.0,0.0,0.0,,,,,,,,,,,
USC00043491,1988,1,14,,,0.0,0.0,0.0,,,,,,,,,,,
USC00043491,1988,1,15,,,0.0,0.0,0.0,,,,,,,,,,,
USC00043491,1988,1,16,,,259.0,0.0,0.0,,,,,,,,,,,
USC00043491,1988,1,17,,,610.0,0.0,0.0,,,,,,,,,,,
USC00043491,1988,1,18,,,0.0,0.0,0.0,,,,,,,,,,,
USC00043491,1988,1,19,,,0.0,0.0,0.0,,,,,,,,,,,
USC00043491,1988,1,2,,,0.0,0.0,0.0,,,,,,,,,,,
USC00043491,1988,1,20,,,0.0,0.0,0.0,,,,,,,,,,,
USC00043491,1988,1,21,,,0.0,0.0,0.0,,,,,,,,,,,
USC00043491,1988,1,22,,,0.0,0.0,0.0,,,,,,,,,,,
USC00043491,1988,1,23,,,0.0,0.0,0.0,,,,,,,,,,,
USC00043491,1988,1,24,,,0.0,0.0,0.0,,,,,,,,,,,
USC00043491,1988,1,25,,,0.0,0.0,0.0,,,,,,,,,,,
USC00043491,1988,1,26,,,0.0,0.0,0.0,,,,,,,,,,,
USC00043491,1988,1,27,,,0.0,0.0,0.0,,,,,,,,,,,
USC00043491,1988,1,28,,,0.0,0.0,0.0,,,,,,,,,,,
USC00043491,1988,1,29,,,142.0,0.0,0.0,,,,,,,,,,,
USC00043491,1988,1,3,,,401.0,0.0,0.0,,,,,,,,,,,
USC00043491,1988,1,30,,,51.0,0.0,0.0,,,,,,,,,,,
USC00043491,1988,1,31,,,0.0,0.0,0.0,,,,,,,,,,,
USC00043491,1988,1,4,,,236.0,0.0,0.0,,,,,,,,,,,
USC00043491,1988,1,5,,,130.0,0.0,0.0,,,,,,,,,,,
USC00043491,1988,1,6,,,0.0,0.0,0.0,,,,,,,,,,,
USC00043491,1988,1,7,,,38.0,0.0,0.0,,,,,,,,,,,
USC00043491,1988,1,8,,,229.0,0.0,0.0,,,,,,,,,,,
USC00043491,1988,1,9,,,97.0,0.0,0.0,,,,,,,,,,,
USC00043491,1988,2,1,,,0.0,0.0,0.0,,,,,,,,,,,
USC00043491,1988,2,10,,,0.0,0.0,0.0,,,,,,,,,,,
USC00043491,1988,2,11,,,0.0,0.0,0.0,,,,,,,,,,,
USC00043491,1988,2,12,,,0.0,0.0,0.0,,,,,,,,,,,
USC00043491,1988,2,13,,,0.0,0.0,0.0,,,,,,,,,,,
USC00043491,1988,2,14,,,0.0,0.0,0.0,,,,,,,,,,,
USC00043491,1988,2,15,,,0.0,0.0,0.0,,,,,,,,,,,
USC00043491,1988,2,16,,,0.0,0.0,0.0,,,,,,,,,,,
USC00043491,1988,2,17,,,0.0,0.0,0.0,,,,,,,,,,,
USC00043491,1988,2,18,,,0.0,0.0,0.0,,,,,,,,,,,
USC00043491,1988,2,19,,,0.0,0.0,0.0,,,,,,,,,,,
USC00043491,1988,2,2,,,0.0,0.0,0.0,,,,,,,,,,,
USC00043491,1988,2,20,,,0.0,0.0,0.0,,,,,,,,,,,
USC00043491,1988,2,21,,,0.0,0.0,0.0,,,,,,,,,,,
USC00043491,1988,2,22,,,0.0,0.0,0.0,,,,,,,,,,,
USC00043491,1988,2,23,,,0.0,0.0,0.0,,,,,,,,,,,
USC00043491,1988,2,24,,,0.0,0.0,0.0,,,,,,,,,,,
USC00043491,1988,2,25,,,0.0,0.0,0.0,,,,,,,,,,,
USC00043491,1988,2,26,,,0.0,0.0,0.0,,,,,,,,,,,
USC00043491,1988,2,27,,,0.0,0.0,0.0,,,,,,,,,,,
USC00043491,1988,2,28,,,0.0,0.0,0.0,,,,,,,,,,,
USC00043491,1988,2,29,,,127.0,0.0,0.0,,,,,,,,,,,
USC00043491,1988,2,3,,,0.0,0.0,0.0,,,,,,,,,,,
USC00043491,1988,2,30,,,-9999.0,-9999.0,-9999.0,,,,,,,,,,,
USC00043491,1988,2,31,,,-9999.0,-9999.0,-9999.0,,,,,,,,,,,
USC00043491,1988,2,4,,,0.0,0.0,0.0,,,,,,,,,,,
USC00043491,1988,2,5,,,0.0,0.0,0.0,,,,,,,,,,,
USC00043491,1988,2,6,,,0.0,0.0,0.0,,,,,,,,,,,
USC00043491,1988,2,7,,,0.0,0.0,0.0,,,,,,,,,,,
USC00043491,1988,2,8,,,0.0,0.0,0.0,,,,,,,,,,,
USC00043491,1988,2,9,,,0.0,0.0,0.0,,,,,,,,,,,
USC00043491,1988,3,1,,,528.0,0.0,0.0,,,,,,,,,,,
USC00043491,1988,3,10,,,0.0,0.0,0.0,,,,,,,,,,,
USC00043491,1988,3,11,,,0.0,0.0,0.0,,,,,,,,,,,
USC00043491,1988,3,12,,,0.0,0.0,0.0,,,,,,,,,,,
USC00043491,1988,3,13,,,0.0,0.0,0.0,,,,,,,,,,,
USC00043491,1988,3,14,,,0.0,0.0,0.0,,,,,,,,,,,
USC00043491,1988,3,15,,,0.0,0.0,0.0,,,,,,,,,,,
USC00043491,1988,3,16,,,0.0,0.0,0.0,,,,,,,,,,,
USC00043491,1988,3,17,,,0.0,0.0,0.0,,,,,,,,,,,
USC00043491,1988,3,18,,,0.0,0.0,0.0,,,,,,,,,,,
USC00043491,1988,3,19,,,0.0,0.0,0.0,,,,,,,,,,,
USC00043491,1988,3,2,,,0.0,0.0,0.0,,,,,,,,,,,
USC00043491,1988,3,20,,,0.0,0.0,0.0,,,,,,,,,,,
USC00043491,1988,3,21,,,0.0,0.0,0.0,,,,,,,,,,,
USC00043491,1988,3,22,,,0.0,0.0,0.0,,,,,,,,,,,
USC00043491,1988,3,23,,,0.0,0.0,0.0,,,,,,,,,,,
USC00043491,1988,3,24,,,0.0,0.0,0.0,,,,,,,,,,,
USC00043491,1988,3,25,,,0.0,0.0,0.0,,,,,,,,,,,
USC00043491,1988,3,26,,,0.0,0.0,0.0,,,,,,,,,,,
USC00043491,1988,3,27,,,0.0,0.0,0.0,,,,,,,,,,,
USC00043491,1988,3,28,,,0.0,0.0,0.0,,,,,,,,,,,
USC00043491,1988,3,29,,,0.0,0.0,0.0,,,,,,,,,,,
USC00043491,1988,3,3,,,0.0,0.0,0.0,,,,,,,,,,,
USC00043491,1988,3,30,,,0.0,0.0,0.0,,,,,,,,,,,
USC00043491,1988,3,31,,,0.0,0.0,0.0,,,,,,,,,,,
USC00043491,1988,3,4,,,0.0,0.0,0.0,,,,,,,,,,,
USC00043491,1988,3,5,,,0.0,0.0,0.0,,,,,,,,,,,
USC00043491,1988,3,6,,,0.0,0.0,0.0,,,,,,,,,,,
USC00043491,1988,3,7,,,0.0,0.0,0.0,,,,,,,,,,,
USC00043491,1988,3,8,,,0.0,0.0,0.0,,,,,,,,,,,
USC00043491,1988,3,9,,,0.0,0.0,0.0,,,,,,,,,,,
USC00043491,1988,4,1,,,0.0,0.0,0.0,,,,,,,,,,,
USC00043491,1988,4,10,,,0.0,0.0,0.0,,,,,,,,,,,
USC00043491,1988,4,11,,,0.0,0.0,0.0,,,,,,,,,,,
USC00043491,1988,4,12,,,0.0,0.0,0.0,,,,,,,,,,,
USC00043491,1988,4,13,,,28.0,0.0,0.0,,,,,,,,,,,
USC00043491,1988,4,14,,,117.0,0.0,0.0,,,,,,,,,,,
USC00043491,1988,4,15,,,0.0,0.0,0.0,,,,,,,,,,,
USC00043491,1988,4,16,,,18.0,0.0,0.0,,,,,,,,,,,
USC00043491,1988,4,17,,,28.0,0.0,0.0,,,,,,,,,,,
USC00043491,1988,4,18,,,0.0,0.0,0.0,,,,,,,,,,,
USC00043491,1988,4,19,,,660.0,0.0,0.0,,,,,,,,,,,
USC00043491,1988,4,2,,,0.0,0.0,0.0,,,,,,,,,,,
USC00043491,1988,4,20,,,127.0,0.0,0.0,,,,,,,,,,,
USC00043491,1988,4,21,,,25.0,0.0,0.0,,,,,,,,,,,
USC00043491,1988,4,22,,,86.0,0.0,0.0,,,,,,,,,,,
USC00043491,1988,4,23,,,76.0,0.0,0.0,,,,,,,,,,,
USC00043491,1988,4,24,,,0.0,0.0,0.0,,,,,,,,,,,
USC00043491,1988,4,25,,,0.0,0.0,0.0,,,,,,,,,,,
USC00043491,1988,4,26,,,0.0,0.0,0.0,,,,,,,,,,,
USC00043491,1988,4,27,,,0.0,0.0,0.0,,,,,,,,,,,
USC00043491,1988,4,28,,,0.0,0.0,0.0,,,,,,,,,,,
USC00043491,1988,4,29,,,0.0,0.0,0.0,,,,,,,,,,,
USC00043491,1988,4,3,,,28.0,0.0,0.0,,,,,,,,,,,
USC00043491,1988,4,30,,,0.0,0.0,0.0,,,,,,,,,,,
USC00043491,1988,4,31,,,-9999.0,-9999.0,-9999.0,,,,,,,,,,,
USC00043491,1988,4,4,,,0.0,0.0,0.0,,,,,,,,,,,
USC00043491,1988,4,5,,,0.0,0.0,0.0,,,,,,,,,,,
USC00043491,1988,4,6,,,0.0,0.0,0.0,,,,,,,,,,,
USC00043491,1988,4,7,,,0.0,0.0,0.0,,,,,,,,,,,
USC00043491,1988,4,8,,,0.0,0.0,0.0,,,,,,,,,,,
USC00043491,1988,4,9,,,0.0,0.0,0.0,,,,,,,,,,,
USC00043491,1988,5,1,,,0.0,0.0,0.0,,,,,,,,,,,
USC00043491,1988,5,10,,,0.0,0.0,0.0,,,,,,,,,,,
USC00043491,1988,5,11,,,0.0,0.0,0.0,,,,,,,,,,,
USC00043491,1988,5,12,,,84.0,0.0,0.0,,,,,,,,,,,
USC00043491,1988,5,13,,,0.0,0.0,0.0,,,,,,,,,,,
USC00043491,1988,5,14,,,0.0,0.0,0.0,,,,,,,,,,,
USC00043491,1988,5,15,,,0.0,0.0,0.0,,,,,,,,,,,
USC00043491,1988,5,16,,,107.0,0.0,0.0,,,,,,,,,,,
USC00043491,1988,5,17,,,0.0,0.0,0.0,,,,,,,,,,,
USC00043491,1988,5,18,,,0.0,0.0,0.0,,,,,,,,,,,
USC00043491,1988,5,19,,,0.0,0.0,0.0,,,,,,,,,,,
USC00043491,1988,5,2,,,0.0,0.0,0.0,,,,,,,,,,,
USC00043491,1988,5,20,,,0.0,0.0,0.0,,,,,,,,,,,
USC00043491,1988,5,21,,,0.0,0.0,0.0,,,,,,,,,,,
USC00043491,1988,5,22,,,0.0,0.0,0.0,,,,,,,,,,,
USC00043491,1988,5,23,,,0.0,0.0,0.0,,,,,,,,,,,
USC00043491,1988,5,24,,,0.0,0.0,0.0,,,,,,,,,,,
USC00043491,1988,5,25,,,0.0,0.0,0.0,,,,,,,,,,,
USC00043491,1988,5,26,,,0.0,0.0,0.0,,,,,,,,,,,
USC00043491,1988,5,27,,,0.0,0.0,0.0,,,,,,,,,,,
USC00043491,1988,5,28,,,168.0,0.0,0.0,,,,,,,,,,,
USC00043491,1988,5,29,,,0.0,0.0,0.0,,,,,,,,,,,
USC00043491,1988,5,3,,,0.0,0.0,0.0,,,,,,,,,,,
USC00043491,1988,5,30,,,0.0,0.0,0.0,,,,,,,,,,,
USC00043491,1988,5,31,,,20.0,0.0,0.0,,,,,,,,,,,
USC00043491,1988,5,4,,,0.0,0.0,0.0,,,,,,,,,,,
USC00043491,1988,5,5,,,76.0,0.0,0.0,,,,,,,,,,,
USC00043491,1988,5,6,,,5.0,0.0,0.0,,,,,,,,,,,
USC00043491,1988,5,7,,,109.0,0.0,0.0,,,,,,,,,,,
USC00043491,1988,5,8,,,10.0,0.0,0.0,,,,,,,,,,,
USC00043491,1988,5,9,,,0.0,0.0,0.0,,,,,,,,,,,
USC00043491,1988,6,1,,,0.0,0.0,0.0,,,,,,,,,,,
USC00043491,1988,6,10,,,0.0,0.0,0.0,,,,,,,,,,,
USC00043491,1988,6,11,,,0.0,0.0,0.0,,,,,,,,,,,
USC00043491,1988,6,12,,,0.0,0.0,0.0,,,,,,,,,,,
USC00043491,1988,6,13,,,0.0,0.0,0.0,,,,,,,,,,,
USC00043491,1988,6,14,,,0.0,0.0,0.0,,,,,,,,,,,
USC00043491,1988,6,15,,,43.0,0.0,0.0,,,,,,,,,,,
USC00043491,1988,6,16,,,0.0,0.0,0.0,,,,,,,,,,,
USC00043491,1988,6,17,,,0.0,0.0,0.0,,,,,,,,,,,
USC00043491,1988,6,18,,,0.0,0.0,0.0,,,,,,,,,,,
USC00043491,1988,6,19,,,0.0,0.0,0.0,,,,,,,,,,,
USC00043491,1988,6,2,,,0.0,0.0,0.0,,,,,,,,,,,
USC00043491,1988,6,20,,,0.0,0.0,0.0,,,,,,,,,,,
USC00043491,1988,6,21,,,0.0,0.0,0.0,,,,,,,,,,,
USC00043491,1988,6,22,,,0.0,0.0,0.0,,,,,,,,,,,
USC00043491,1988,6,23,,,0.0,0.0,0.0,,,,,,,,,,,
USC00043491,1988,6,24,,,10.0,0.0,0.0,,,,,,,,,,,
USC00043491,1988,6,25,,,10.0,0.0,0.0,,,,,,,,,,,
USC00043491,1988,6,26,,,0.0,0.0,0.0,,,,,,,,,,,
USC00043491,1988,6,27,,,0.0,0.0,0.0,,,,,,,,,,,
USC00043491,1988,6,28,,,0.0,0.0,0.0,,,,,,,,,,,
USC00043491,1988,6,29,,,0.0,0.0,0.0,,,,,,,,,,,
USC00043491,1988,6,3,,,0.0,0.0,0.0,,,,,,,,,,,
USC00043491,1988,6,30,,,0.0,0.0,0.0,,,,,,,,,,,
USC00043491,1988,6,31,,,-9999.0,-9999.0,-9999.0,,,,,,,,,,,
USC00043491,1988,6,4,,,0.0,0.0,0.0,,,,,,,,,,,
USC00043491,1988,6,5,,,10.0,0.0,0.0,,,,,,,,,,,
USC00043491,1988,6,6,,,5.0,0.0,0.0,,,,,,,,,,,
USC00043491,1988,6,7,,,66.0,0.0,0.0,,,,,,,,,,,
USC00043491,1988,6,8,,,0.0,0.0,0.0,,,,,,,,,,,
USC00043491,1988,6,9,,,0.0,0.0,0.0,,,,,,,,,,,
USC00043491,1988,7,1,,,0.0,0.0,0.0,,,,,,,,,,,
USC00043491,1988,7,10,,,0.0,0.0,0.0,,,,,,,,,,,
USC00043491,1988,7,11,,,0.0,0.0,0.0,,,,,,,,,,,
USC00043491,1988,7,12,,,0.0,0.0,0.0,,,,,,,,,,,
USC00043491,1988,7,13,,,0.0,0.0,0.0,,,,,,,,,,,
USC00043491,1988,7,14,,,0.0,0.0,0.0,,,,,,,,,,,
USC00043491,1988,7,15,,,0.0,0.0,0.0,,,,,,,,,,,
USC00043491,1988,7,16,,,0.0,0.0,0.0,,,,,,,,,,,
USC00043491,1988,7,17,,,0.0,0.0,0.0,,,,,,,,,,,
USC00043491,1988,7,18,,,0.0,0.0,0.0,,,,,,,,,,,
USC00043491,1988,7,19,,,0.0,0.0,0.0,,,,,,,,,,,
USC00043491,1988,7,2,,,0.0,0.0,0.0,,,,,,,,,,,
USC00043491,1988,7,20,,,0.0,0.0,0.0,,,,,,,,,,,
USC00043491,1988,7,21,,,0.0,0.0,0.0,,,,,,,,,,,
USC00043491,1988,7,22,,,0.0,0.0,0.0,,,,,,,,,,,
USC00043491,1988,7,23,,,0.0,0.0,0.0,,,,,,,,,,,
USC00043491,1988,7,24,,,0.0,0.0,0.0,,,,,,,,,,,
USC00043491,1988,7,25,,,0.0,0.0,0.0,,,,,,,,,,,
USC00043491,1988,7,26,,,0.0,0.0,0.0,,,,,,,,,,,
USC00043491,1988,7,27,,,0.0,0.0,0.0,,,,,,,,,,,
USC00043491,1988,7,28,,,0.0,0.0,0.0,,,,,,,,,,,
USC00043491,1988,7,29,,,0.0,0.0,0.0,,,,,,,,,,,
USC00043491,1988,7,3,,,0.0,0.0,0.0,,,,,,,,,,,
USC00043491,1988,7,30,,,0.0,0.0,0.0,,,,,,,,,,,
USC00043491,1988,7,31,,,0.0,0.0,0.0,,,,,,,,,,,
USC00043491,1988,7,4,,,0.0,0.0,0.0,,,,,,,,,,,
USC00043491,1988,7,5,,,0.0,0.0,0.0,,,,,,,,,,,
USC00043491,1988,7,6,,,0.0,0.0,0.0,,,,,,,,,,,
USC00043491,1988,7,7,,,0.0,0.0,0.0,,,,,,,,,,,
USC00043491,1988,7,8,,,0.0,0.0,0.0,,,,,,,,,,,
USC00043491,1988,7,9,,,0.0,0.0,0.0,,,,,,,,,,,
USC00043491,1988,8,1,,,0.0,0.0,0.0,,,,,,,,,,,
USC00043491,1988,8,10,,,0.0,0.0,0.0,,,,,,,,,,,
USC00043491,1988,8,11,,,0.0,0.0,0.0,,,,,,,,,,,
USC00043491,1988,8,12,,,0.0,0.0,0.0,,,,,,,,,,,
USC00043491,1988,8,13,,,0.0,0.0,0.0,,,,,,,,,,,
USC00043491,1988,8,14,,,0.0,0.0,0.0,,,,,,,,,,,
USC00043491,1988,8,15,,,0.0,0.0,0.0,,,,,,,,,,,
USC00043491,1988,8,16,,,0.0,0.0,0.0,,,,,,,,,,,
USC00043491,1988,8,17,,,0.0,0.0,0.0,,,,,,,,,,,
USC00043491,1988,8,18,,,0.0,0.0,0.0,,,,,,,,,,,
USC00043491,1988,8,19,,,0.0,0.0,0.0,,,,,,,,,,,
USC00043491,1988,8,2,,,0.0,0.0,0.0,,,,,,,,,,,
USC00043491,1988,8,20,,,0.0,0.0,0.0,,,,,,,,,,,
USC00043491,1988,8,21,,,0.0,0.0,0.0,,,,,,,,,,,
USC00043491,1988,8,22,,,0.0,0.0,0.0,,,,,,,,,,,
USC00043491,1988,8,23,,,0.0,0.0,0.0,,,,,,,,,,,
USC00043491,1988,8,24,,,0.0,0.0,0.0,,,,,,,,,,,
USC00043491,1988,8,25,,,0.0,0.0,0.0,,,,,,,,,,,
USC00043491,1988,8,26,,,0.0,0.0,0.0,,,,,,,,,,,
USC00043491,1988,8,27,,,0.0,0.0,0.0,,,,,,,,,,,
USC00043491,1988,8,28,,,0.0,0.0,0.0,,,,,,,,,,,
USC00043491,1988,8,29,,,0.0,0.0,0.0,,,,,,,,,,,
USC00043491,1988,8,3,,,0.0,0.0,0.0,,,,,,,,,,,
USC00043491,1988,8,30,,,0.0,0.0,0.0,,,,,,,,,,,
USC00043491,1988,8,31,,,0.0,0.0,0.0,,,,,,,,,,,
USC00043491,1988,8,4,,,0.0,0.0,0.0,,,,,,,,,,,
USC00043491,1988,8,5,,,0.0,0.0,0.0,,,,,,,,,,,
USC00043491,1988,8,6,,,0.0,0.0,0.0,,,,,,,,,,,
USC00043491,1988,8,7,,,0.0,0.0,0.0,,,,,,,,,,,
USC00043491,1988,8,8,,,0.0,0.0,0.0,,,,,,,,,,,
USC00043491,1988,8,9,,,0.0,0.0,0.0,,,,,,,,,,,
USC00043491,1988,9,1,,,0.0,0.0,0.0,,,,,,,,,,,
USC00043491,1988,9,10,,,0.0,0.0,0.0,,,,,,,,,,,
USC00043491,1988,9,11,,,0.0,0.0,0.0,,,,,,,,,,,
USC00043491,1988,9,12,,,0.0,0.0,0.0,,,,,,,,,,,
USC00043491,1988,9,13,,,0.0,0.0,0.0,,,,,,,,,,,
USC00043491,1988,9,14,,,0.0,0.0,0.0,,,,,,,,,,,
USC00043491,1988,9,15,,,0.0,0.0,0.0,,,,,,,,,,,
USC00043491,1988,9,16,,,0.0,0.0,0.0,,,,,,,,,,,
USC00043491,1988,9,17,,,0.0,0.0,0.0,,,,,,,,,,,
USC00043491,1988,9,18,,,0.0,0.0,0.0,,,,,,,,,,,
USC00043491,1988,9,19,,,0.0,0.0,0.0,,,,,,,,,,,
USC00043491,1988,9,2,,,0.0,0.0,0.0,,,,,,,,,,,
USC00043491,1988,9,20,,,145.0,0.0,0.0,,,,,,,,,,,
USC00043491,1988,9,21,,,0.0,0.0,0.0,,,,,,,,,,,
USC00043491,1988,9,22,,,0.0,0.0,0.0,,,,,,,,,,,
USC00043491,1988,9,23,,,0.0,0.0,0.0,,,,,,,,,,,
USC00043491,1988,9,24,,,0.0,0.0,0.0,,,,,,,,,,,
USC00043491,1988,9,25,,,0.0,0.0,0.0,,,,,,,,,,,
USC00043491,1988,9,26,,,0.0,0.0,0.0,,,,,,,,,,,
USC00043491,1988,9,27,,,0.0,0.0,0.0,,,,,,,,,,,
USC00043491,1988,9,28,,,0.0,0.0,0.0,,,,,,,,,,,
USC00043491,1988,9,29,,,0.0,0.0,0.0,,,,,,,,,,,
USC00043491,1988,9,3,,,0.0,0.0,0.0,,,,,,,,,,,
USC00043491,1988,9,30,,,0.0,0.0,0.0,,,,,,,,,,,
USC00043491,1988,9,31,,,-9999.0,-9999.0,-9999.0,,,,,,,,,,,
USC00043491,1988,9,4,,,0.0,0.0,0.0,,,,,,,,,,,
USC00043491,1988,9,5,,,0.0,0.0,0.0,,,,,,,,,,,
USC00043491,1988,9,6,,,0.0,0.0,0.0,,,,,,,,,,,
USC00043491,1988,9,7,,,0.0,0.0,0.0,,,,,,,,,,,
USC00043491,1988,9,8,,,0.0,0.0,0.0,,,,,,,,,,,
USC00043491,1988,9,9,,,0.0,0.0,0.0,,,,,,,,,,,
USC00043491,1988,10,1,,,0.0,0.0,0.0,,,,,,,,,,,
USC00043491,1988,10,10,,,0.0,0.0,0.0,,,,,,,,,,,
USC00043491,1988,10,11,,,0.0,0.0,0.0,,,,,,,,,,,
USC00043491,1988,10,12,,,0.0,0.0,0.0,,,,,,,,,,,
USC00043491,1988,10,13,,,8.0,0.0,0.0,,,,,,,,,,,
USC00043491,1988,10,14,,,0.0,0.0,0.0,,,,,,,,,,,
USC00043491,1988,10,15,,,0.0,0.0,0.0,,,,,,,,,,,
USC00043491,1988,10,16,,,0.0,0.0,0.0,,,,,,,,,,,
USC00043491,1988,10,17,,,0.0,0.0,0.0,,,,,,,,,,,
USC00043491,1988,10,18,,,0.0,0.0,0.0,,,,,,,,,,,
USC00043491,1988,10,19,,,0.0,0.0,0.0,,,,,,,,,,,
USC00043491,1988,10,2,,,0.0,0.0,0.0,,,,,,,,,,,
USC00043491,1988,10,20,,,0.0,0.0,0.0,,,,,,,,,,,
USC00043491,1988,10,21,,,0.0,0.0,0.0,,,,,,,,,,,
USC00043491,1988,10,22,,,0.0,0.0,0.0,,,,,,,,,,,
USC00043491,1988,10,23,,,0.0,0.0,0.0,,,,,,,,,,,
USC00043491,1988,10,24,,,0.0,0.0,0.0,,,,,,,,,,,
USC00043491,1988,10,25,,,0.0,0.0,0.0,,,,,,,,,,,
USC00043491,1988,10,26,,,0.0,0.0,0.0,,,,,,,,,,,
USC00043491,1988,10,27,,,0.0,0.0,0.0,,,,,,,,,,,
USC00043491,1988,10,28,,,0.0,0.0,0.0,,,,,,,,,,,
USC00043491,1988,10,29,,,0.0,0.0,0.0,,,,,,,,,,,
USC00043491,1988,10,3,,,0.0,0.0,0.0,,,,,,,,,,,
USC00043491,1988,10,30,,,0.0,0.0,0.0,,,,,,,,,,,
USC00043491,1988,10,31,,,0.0,0.0,0.0,,,,,,,,,,,
USC00043491,1988,10,4,,,0.0,0.0,0.0,,,,,,,,,,,
USC00043491,1988,10,5,,,0.0,0.0,0.0,,,,,,,,,,,
USC00043491,1988,10,6,,,0.0,0.0,0.0,,,,,,,,,,,
USC00043491,1988,10,7,,,0.0,0.0,0.0,,,,,,,,,,,
USC00043491,1988,10,8,,,0.0,0.0,0.0,,,,,,,,,,,
USC00043491,1988,10,9,,,0.0,0.0,0.0,,,,,,,,,,,
USC00043491,1988,11,1,,,0.0,0.0,0.0,,,,,,,,,,,
USC00043491,1988,11,10,,,0.0,0.0,0.0,,,,,,,,,,,
USC00043491,1988,11,11,,,229.0,0.0,0.0,,,,,,,,,,,
USC00043491,1988,11,12,,,292.0,0.0,0.0,,,,,,,,,,,
USC00043491,1988,11,13,,,267.0,0.0,0.0,,,,,,,,,,,
USC00043491,1988,11,14,,,0.0,0.0,0.0,,,,,,,,,,,
USC00043491,1988,11,15,,,0.0,0.0,0.0,,,,,,,,,,,
USC00043491,1988,11,16,,,0.0,0.0,0.0,,,,,,,,,,,
USC00043491,1988,11,17,,,206.0,0.0,0.0,,,,,,,,,,,
USC00043491,1988,11,18,,,10.0,0.0,0.0,,,,,,,,,,,
USC00043491,1988,11,19,,,0.0,0.0,0.0,,,,,,,,,,,
USC00043491,1988,11,2,,,0.0,0.0,0.0,,,,,,,,,,,
USC00043491,1988,11,20,,,0.0,0.0,0.0,,,,,,,,,,,
USC00043491,1988,11,21,,,25.0,0.0,0.0,,,,,,,,,,,
USC00043491,1988,11,22,,,597.0,0.0,0.0,,,,,,,,,,,
USC00043491,1988,11,23,,,1016.0,0.0,0.0,,,,,,,,,,,
USC00043491,1988,11,24,,,0.0,0.0,0.0,,,,,,,,,,,
USC00043491,1988,11,25,,,279.0,0.0,0.0,,,,,,,,,,,
USC00043491,1988,11,26,,,0.0,0.0,0.0,,,,,,,,,,,
USC00043491,1988,11,27,,,0.0,0.0,0.0,,,,,,,,,,,
USC00043491,1988,11,28,,,30.0,0.0,0.0,,,,,,,,,,,
USC00043491,1988,11,29,,,0.0,0.0,0.0,,,,,,,,,,,
USC00043491,1988,11,3,,,89.0,0.0,0.0,,,,,,,,,,,
USC00043491,1988,11,30,,,0.0,0.0,0.0,,,,,,,,,,,
USC00043491,1988,11,31,,,-9999.0,-9999.0,-9999.0,,,,,,,,,,,
USC00043491,1988,11,4,,,208.0,0.0,0.0,,,,,,,,,,,
USC00043491,1988,11,5,,,0.0,0.0,0.0,,,,,,,,,,,
USC00043491,1988,11,6,,,71.0,0.0,0.0,,,,,,,,,,,
USC00043491,1988,11,7,,,0.0,0.0,0.0,,,,,,,,,,,
USC00043491,1988,11,8,,,38.0,0.0,0.0,,,,,,,,,,,
USC00043491,1988,11,9,,,0.0,0.0,0.0,,,,,,,,,,,
USC00043491,1988,12,1,,,0.0,0.0,0.0,,,,,,,,,,,
USC00043491,1988,12,10,,,0.0,0.0,0.0,,,,,,,,,,,
USC00043491,1988,12,11,,,0.0,0.0,0.0,,,,,,,,,,,
USC00043491,1988,12,12,,,0.0,0.0,0.0,,,,,,,,,,,
USC00043491,1988,12,13,,,0.0,0.0,0.0,,,,,,,,,,,
USC00043491,1988,12,14,,,0.0,0.0,0.0,,,,,,,,,,,
USC00043491,1988,12,15,,,0.0,0.0,0.0,,,,,,,,,,,
USC00043491,1988,12,16,,,0.0,0.0,0.0,,,,,,,,,,,
USC00043491,1988,12,17,,,0.0,0.0,0.0,,,,,,,,,,,
USC00043491,1988,12,18,,,28.0,0.0,0.0,,,,,,,,,,,
USC00043491,1988,12,19,,,97.0,0.0,0.0,,,,,,,,,,,
USC00043491,1988,12,2,,,0.0,0.0,0.0,,,,,,,,,,,
USC00043491,1988,12,20,,,170.0,0.0,0.0,,,,,,,,,,,
USC00043491,1988,12,21,,,257.0,0.0,0.0,,,,,,,,,,,
USC00043491,1988,12,22,,,300.0,0.0,0.0,,,,,,,,,,,
USC00043491,1988,12,23,,,0.0,0.0,0.0,,,,,,,,,,,
USC00043491,1988,12,24,,,478.0,0.0,0.0,,,,,,,,,,,
USC00043491,1988,12,25,,,0.0,0.0,0.0,,,,,,,,,,,
USC00043491,1988,12,26,,,48.0,0.0,0.0,,,,,,,,,,,
USC00043491,1988,12,27,,,25.0,0.0,0.0,,,,,,,,,,,
USC00043491,1988,12,28,,,0.0,0.0,0.0,,,,,,,,,,,
USC00043491,1988,12,29,,,84.0,0.0,0.0,,,,,,,,,,,
USC00043491,1988,12,3,,,0.0,0.0,0.0,,,,,,,,,,,
USC00043491,1988,12,30,,,46.0,0.0,0.0,,,,,,,,,,,
USC00043491,1988,12,31,,,56.0,0.0,0.0,,,,,,,,,,,
USC00043491,1988,12,4,,,0.0,0.0,0.0,,,,,,,,,,,
USC00043491,1988,12,5,,,0.0,0.0,0.0,,,,,,,,,,,
USC00043491,1988,12,6,,,0.0,0.0,0.0,,,,,,,,,,,
USC00043491,1988,12,7,,,0.0,0.0,0.0,,,,,,,,,,,
USC00043491,1988,12,8,,,0.0,0.0,0.0,,,,,,,,,,,
USC00043491,1988,12,9,,,0.0,0.0,0.0,,,,,,,,,,,
USC00043491,1989,1,1,,,0.0,0.0,0.0,,,,,,,,,,,
USC00043491,1989,1,10,,,46.0,0.0,0.0,,,,,,,,,,,
USC00043491,1989,1,11,,,122.0,0.0,0.0,,,,,,,,,,,
USC00043491,1989,1,12,,,0.0,0.0,0.0,,,,,,,,,,,
USC00043491,1989,1,13,,,46.0,0.0,0.0,,,,,,,,,,,
USC00043491,1989,1,14,,,0.0,0.0,0.0,,,,,,,,,,,
USC00043491,1989,1,15,,,0.0,0.0,0.0,,,,,,,,,,,
USC00043491,1989,1,16,,,0.0,0.0,0.0,,,,,,,,,,,
USC00043491,1989,1,17,,,0.0,0.0,0.0,,,,,,,,,,,
USC00043491,1989,1,18,,,0.0,0.0,0.0,,,,,,,,,,,
USC00043491,1989,1,19,,,0.0,0.0,0.0,,,,,,,,,,,
USC00043491,1989,1,2,,,0.0,0.0,0.0,,,,,,,,,,,
USC00043491,1989,1,20,,,0.0,0.0,0.0,,,,,,,,,,,
USC00043491,1989,1,21,,,0.0,0.0,0.0,,,,,,,,,,,
USC00043491,1989,1,22,,,18.0,0.0,0.0,,,,,,,,,,,
USC00043491,1989,1,23,,,76.0,0.0,0.0,,,,,,,,,,,
USC00043491,1989,1,24,,,0.0,0.0,0.0,,,,,,,,,,,
USC00043491,1989,1,25,,,0.0,0.0,0.0,,,,,,,,,,,
USC00043491,1989,1,26,,,0.0,0.0,0.0,,,,,,,,,,,
USC00043491,1989,1,27,,,0.0,0.0,0.0,,,,,,,,,,,
USC00043491,1989,1,28,,,0.0,0.0,0.0,,,,,,,,,,,
USC00043491,1989,1,29,,,0.0,0.0,0.0,,,,,,,,,,,
USC00043491,1989,1,3,,,0.0,0.0,0.0,,,,,,,,,,,
USC00043491,1989,1,30,,,0.0,0.0,0.0,,,,,,,,,,,
USC00043491,1989,1,31,,,0.0,0.0,0.0,,,,,,,,,,,
USC00043491,1989,1,4,,,0.0,0.0,0.0,,,,,,,,,,,
USC00043491,1989,1,5,,,244.0,0.0,0.0,,,,,,,,,,,
USC00043491,1989,1,6,,,0.0,0.0,0.0,,,,,,,,,,,
USC00043491,1989,1,7,,,0.0,0.0,0.0,,,,,,,,,,,
USC00043491,1989,1,8,,,0.0,0.0,0.0,,,,,,,,,,,
USC00043491,1989,1,9,,,0.0,0.0,0.0,,,,,,,,,,,
USC00043491,1989,2,1,,,0.0,0.0,0.0,,,,,,,,,,,
USC00043491,1989,2,10,,,109.0,0.0,0.0,,,,,,,,,,,
USC00043491,1989,2,11,,,0.0,0.0,0.0,,,,,,,,,,,
USC00043491,1989,2,12,,,0.0,0.0,0.0,,,,,,,,,,,
USC00043491,1989,2,13,,,0.0,0.0,0.0,,,,,,,,,,,
USC00043491,1989,2,14,,,0.0,0.0,0.0,,,,,,,,,,,
USC00043491,1989,2,15,,,0.0,0.0,0.0,,,,,,,,,,,
USC00043491,1989,2,16,,,0.0,0.0,0.0,,,,,,,,,,,
USC00043491,1989,2,17,,,0.0,0.0,0.0,,,,,,,,,,,
USC00043491,1989,2,18,,,0.0,0.0,0.0,,,,,,,,,,,
USC00043491,1989,2,19,,,188.0,0.0,0.0,,,,,,,,,,,
USC00043491,1989,2,2,,,160.0,-9999.0,-9999.0,,,,,,,,,,,
USC00043491,1989,2,20,,,0.0,0.0,0.0,,,,,,,,,,,
USC00043491,1989,2,21,,,0.0,0.0,0.0,,,,,,,,,,,
USC00043491,1989,2,22,,,191.0,0.0,0.0,,,,,,,,,,,
USC00043491,1989,2,23,,,0.0,0.0,0.0,,,,,,,,,,,
USC00043491,1989,2,24,,,0.0,0.0,0.0,,,,,,,,,,,
USC00043491,1989,2,25,,,0.0,0.0,0.0,,,,,,,,,,,
USC00043491,1989,2,26,,,20.0,0.0,0.0,,,,,,,,,,,
USC00043491,1989,2,27,,,0.0,0.0,0.0,,,,,,,,,,,
USC00043491,1989,2,28,,,0.0,0.0,0.0,,,,,,,,,,,
USC00043491,1989,2,29,,,-9999.0,-9999.0,-9999.0,,,,,,,,,,,
USC00043491,1989,2,3,,,112.0,-9999.0,-9999.0,,,,,,,,,,,
USC00043491,1989,2,30,,,-9999.0,-9999.0,-9999.0,,,,,,,,,,,
USC00043491,1989,2,31,,,-9999.0,-9999.0,-9999.0,,,,,,,,,,,
USC00043491,1989,2,4,,,97.0,-9999.0,-9999.0,,,,,,,,,,,
USC00043491,1989,2,5,,,0.0,0.0,-9999.0,,,,,,,,,,,
USC00043491,1989,2,6,,,0.0,0.0,-9999.0,,,,,,,,,,,
USC00043491,1989,2,7,,,0.0,0.0,-9999.0,,,,,,,,,,,
USC00043491,1989,2,8,,,0.0,0.0,-9999.0,,,,,,,,,,,
USC00043491,1989,2,9,,,76.0,0.0,0.0,,,,,,,,,,,
USC00043491,1989,3,1,,,0.0,0.0,0.0,,,,,,,,,,,
USC00043491,1989,3,10,,,216.0,0.0,0.0,,,,,,,,,,,
USC00043491,1989,3,11,,,480.0,0.0,0.0,,,,,,,,,,,
USC00043491,1989,3,12,,,0.0,0.0,0.0,,,,,,,,,,,
USC00043491,1989,3,13,,,84.0,0.0,0.0,,,,,,,,,,,
USC00043491,1989,3,14,,,0.0,0.0,0.0,,,,,,,,,,,
USC00043491,1989,3,15,,,0.0,0.0,0.0,,,,,,,,,,,
USC00043491,1989,3,16,,,267.0,0.0,0.0,,,,,,,,,,,
USC00043491,1989,3,17,,,0.0,0.0,0.0,,,,,,,,,,,
USC00043491,1989,3,18,,,272.0,0.0,0.0,,,,,,,,,,,
USC00043491,1989,3,19,,,119.0,0.0,0.0,,,,,,,,,,,
USC00043491,1989,3,2,,,818.0,0.0,0.0,,,,,,,,,,,
USC00043491,1989,3,20,,,0.0,0.0,0.0,,,,,,,,,,,
USC00043491,1989,3,21,,,0.0,0.0,0.0,,,,,,,,,,,
USC00043491,1989,3,22,,,0.0,0.0,0.0,,,,,,,,,,,
USC00043491,1989,3,23,,,0.0,0.0,0.0,,,,,,,,,,,
USC00043491,1989,3,24,,,828.0,0.0,0.0,,,,,,,,,,,
USC00043491,1989,3,25,,,574.0,0.0,0.0,,,,,,,,,,,
USC00043491,1989,3,26,,,0.0,0.0,0.0,,,,,,,,,,,
USC00043491,1989,3,27,,,46.0,0.0,0.0,,,,,,,,,,,
USC00043491,1989,3,28,,,140.0,0.0,0.0,,,,,,,,,,,
USC00043491,1989,3,29,,,0.0,0.0,0.0,,,,,,,,,,,
USC00043491,1989,3,3,,,0.0,0.0,0.0,,,,,,,,,,,
USC00043491,1989,3,30,,,0.0,0.0,0.0,,,,,,,,,,,
USC00043491,1989,3,31,,,43.0,0.0,0.0,,,,,,,,,,,
USC00043491,1989,3,4,,,130.0,0.0,0.0,,,,,,,,,,,
USC00043491,1989,3,5,,,163.0,0.0,0.0,,,,,,,,,,,
USC00043491,1989,3,6,,,0.0,0.0,0.0,,,,,,,,,,,
USC00043491,1989,3,7,,,140.0,0.0,0.0,,,,,,,,,,,
USC00043491,1989,3,8,,,508.0,0.0,0.0,,,,,,,,,,,
USC00043491,1989,3,9,,,216.0,0.0,0.0,,,,,,,,,,,
USC00043491,1989,4,1,,,71.0,0.0,0.0,,,,,,,,,,,
USC00043491,1989,4,10,,,0.0,0.0,0.0,,,,,,,,,,,
USC00043491,1989,4,11,,,0.0,0.0,0.0,,,,,,,,,,,
USC00043491,1989,4,12,,,0.0,0.0,0.0,,,,,,,,,,,
USC00043491,1989,4,13,,,0.0,0.0,0.0,,,,,,,,,,,
USC00043491,1989,4,14,,,0.0,0.0,0.0,,,,,,,,,,,
USC00043491,1989,4,15,,,0.0,0.0,0.0,,,,,,,,,,,
USC00043491,1989,4,16,,,0.0,0.0,0.0,,,,,,,,,,,
USC00043491,1989,4,17,,,0.0,0.0,0.0,,,,,,,,,,,
USC00043491,1989,4,18,,,0.0,0.0,0.0,,,,,,,,,,,
USC00043491,1989,4,19,,,0.0,0.0,0.0,,,,,,,,,,,
USC00043491,1989,4,2,,,71.0,0.0,0.0,,,,,,,,,,,
USC00043491,1989,4,20,,,0.0,0.0,0.0,,,,,,,,,,,
USC00043491,1989,4,21,,,109.0,0.0,0.0,,,,,,,,,,,
USC00043491,1989,4,22,,,0.0,0.0,0.0,,,,,,,,,,,
USC00043491,1989,4,23,,,119.0,0.0,0.0,,,,,,,,,,,
USC00043491,1989,4,24,,,76.0,0.0,0.0,,,,,,,,,,,
USC00043491,1989,4,25,,,84.0,0.0,0.0,,,,,,,,,,,
USC00043491,1989,4,26,,,15.0,0.0,0.0,,,,,,,,,,,
USC00043491,1989,4,27,,,0.0,0.0,0.0,,,,,,,,,,,
USC00043491,1989,4,28,,,0.0,0.0,0.0,,,,,,,,,,,
USC00043491,1989,4,29,,,0.0,0.0,0.0,,,,,,,,,,,
USC00043491,1989,4,3,,,0.0,0.0,0.0,,,,,,,,,,,
USC00043491,1989,4,30,,,0.0,0.0,0.0,,,,,,,,,,,
USC00043491,1989,4,31,,,-9999.0,-9999.0,-9999.0,,,,,,,,,,,
USC00043491,1989,4,4,,,0.0,0.0,0.0,,,,,,,,,,,
USC00043491,1989,4,5,,,0.0,0.0,0.0,,,,,,,,,,,
USC00043491,1989,4,6,,,0.0,0.0,0.0,,,,,,,,,,,
USC00043491,1989,4,7,,,0.0,0.0,0.0,,,,,,,,,,,
USC00043491,1989,4,8,,,0.0,0.0,0.0,,,,,,,,,,,
USC00043491,1989,4,9,,,0.0,0.0,0.0,,,,,,,,,,,
USC00043491,1989,5,1,,,0.0,0.0,0.0,,,,,,,,,,,
USC00043491,1989,5,10,,,0.0,0.0,0.0,,,,,,,,,,,
USC00043491,1989,5,11,,,0.0,0.0,0.0,,,,,,,,,,,
USC00043491,1989,5,12,,,0.0,0.0,0.0,,,,,,,,,,,
USC00043491,1989,5,13,,,122.0,0.0,0.0,,,,,,,,,,,
USC00043491,1989,5,14,,,0.0,0.0,0.0,,,,,,,,,,,
USC00043491,1989,5,15,,,0.0,0.0,0.0,,,,,,,,,,,
USC00043491,1989,5,16,,,0.0,0.0,0.0,,,,,,,,,,,
USC00043491,1989,5,17,,,0.0,0.0,0.0,,,,,,,,,,,
USC00043491,1989,5,18,,,0.0,0.0,0.0,,,,,,,,,,,
USC00043491,1989,5,19,,,0.0,0.0,0.0,,,,,,,,,,,
USC00043491,1989,5,2,,,0.0,0.0,0.0,,,,,,,,,,,
USC00043491,1989,5,20,,,0.0,0.0,0.0,,,,,,,,,,,
USC00043491,1989,5,21,,,66.0,0.0,0.0,,,,,,,,,,,
USC00043491,1989,5,22,,,0.0,0.0,0.0,,,,,,,,,,,
USC00043491,1989,5,23,,,0.0,0.0,0.0,,,,,,,,,,,
USC00043491,1989,5,24,,,0.0,0.0,0.0,,,,,,,,,,,
USC00043491,1989,5,25,,,0.0,0.0,0.0,,,,,,,,,,,
USC00043491,1989,5,26,,,0.0,0.0,0.0,,,,,,,,,,,
USC00043491,1989,5,27,,,0.0,0.0,0.0,,,,,,,,,,,
USC00043491,1989,5,28,,,0.0,0.0,0.0,,,,,,,,,,,
USC00043491,1989,5,29,,,3.0,0.0,0.0,,,,,,,,,,,
USC00043491,1989,5,3,,,0.0,0.0,0.0,,,,,,,,,,,
USC00043491,1989,5,30,,,0.0,0.0,0.0,,,,,,,,,,,
USC00043491,1989,5,31,,,0.0,0.0,0.0,,,,,,,,,,,
USC00043491,1989,5,4,,,0.0,0.0,0.0,,,,,,,,,,,
USC00043491,1989,5,5,,,0.0,0.0,0.0,,,,,,,,,,,
USC00043491,1989,5,6,,,0.0,0.0,0.0,,,,,,,,,,,
USC00043491,1989,5,7,,,0.0,0.0,0.0,,,,,,,,,,,
USC00043491,1989,5,8,,,0.0,0.0,0.0,,,,,,,,,,,
USC00043491,1989,5,9,,,0.0,0.0,0.0,,,,,,,,,,,
USC00043491,1989,6,1,,,0.0,0.0,0.0,,,,,,,,,,,
USC00043491,1989,6,10,,,0.0,0.0,0.0,,,,,,,,,,,
USC00043491,1989,6,11,,,0.0,0.0,0.0,,,,,,,,,,,
USC00043491,1989,6,12,,,0.0,0.0,0.0,,,,,,,,,,,
USC00043491,1989,6,13,,,0.0,0.0,0.0,,,,,,,,,,,
USC00043491,1989,6,14,,,0.0,0.0,0.0,,,,,,,,,,,
USC00043491,1989,6,15,,,0.0,0.0,0.0,,,,,,,,,,,
USC00043491,1989,6,16,,,0.0,0.0,0.0,,,,,,,,,,,
USC00043491,1989,6,17,,,0.0,0.0,0.0,,,,,,,,,,,
USC00043491,1989,6,18,,,0.0,0.0,0.0,,,,,,,,,,,
USC00043491,1989,6,19,,,0.0,0.0,0.0,,,,,,,,,,,
USC00043491,1989,6,2,,,0.0,0.0,0.0,,,,,,,,,,,
USC00043491,1989,6,20,,,0.0,0.0,0.0,,,,,,,,,,,
USC00043491,1989,6,21,,,0.0,0.0,0.0,,,,,,,,,,,
USC00043491,1989,6,22,,,0.0,0.0,0.0,,,,,,,,,,,
USC00043491,1989,6,23,,,0.0,0.0,0.0,,,,,,,,,,,
USC00043491,1989,6,24,,,0.0,0.0,0.0,,,,,,,,,,,
USC00043491,1989,6,25,,,0.0,0.0,0.0,,,,,,,,,,,
USC00043491,1989,6,26,,,0.0,0.0,0.0,,,,,,,,,,,
USC00043491,1989,6,27,,,0.0,0.0,0.0,,,,,,,,,,,
USC00043491,1989,6,28,,,0.0,0.0,0.0,,,,,,,,,,,
USC00043491,1989,6,29,,,0.0,0.0,0.0,,,,,,,,,,,
USC00043491,1989,6,3,,,46.0,0.0,0.0,,,,,,,,,,,
USC00043491,1989,6,30,,,0.0,0.0,0.0,,,,,,,,,,,
USC00043491,1989,6,31,,,-9999.0,-9999.0,-9999.0,,,,,,,,,,,
USC00043491,1989,6,4,,,56.0,0.0,0.0,,,,,,,,,,,
USC00043491,1989,6,5,,,0.0,0.0,0.0,,,,,,,,,,,
USC00043491,1989,6,6,,,43.0,0.0,0.0,,,,,,,,,,,
USC00043491,1989,6,7,,,46.0,0.0,0.0,,,,,,,,,,,
USC00043491,1989,6,8,,,0.0,0.0,0.0,,,,,,,,,,,
USC00043491,1989,6,9,,,0.0,0.0,0.0,,,,,,,,,,,
USC00043491,1989,7,1,,,0.0,0.0,0.0,,,,,,,,,,,
USC00043491,1989,7,10,,,0.0,0.0,0.0,,,,,,,,,,,
USC00043491,1989,7,11,,,0.0,0.0,0.0,,,,,,,,,,,
USC00043491,1989,7,12,,,0.0,0.0,0.0,,,,,,,,,,,
USC00043491,1989,7,13,,,0.0,0.0,0.0,,,,,,,,,,,
USC00043491,1989,7,14,,,0.0,0.0,0.0,,,,,,,,,,,
USC00043491,1989,7,15,,,0.0,0.0,0.0,,,,,,,,,,,
USC00043491,1989,7,16,,,0.0,0.0,0.0,,,,,,,,,,,
USC00043491,1989,7,17,,,0.0,0.0,0.0,,,,,,,,,,,
USC00043491,1989,7,18,,,0.0,0.0,0.0,,,,,,,,,,,
USC00043491,1989,7,19,,,0.0,0.0,0.0,,,,,,,,,,,
USC00043491,1989,7,2,,,0.0,0.0,0.0,,,,,,,,,,,
USC00043491,1989,7,20,,,0.0,0.0,0.0,,,,,,,,,,,
USC00043491,1989,7,21,,,0.0,0.0,0.0,,,,,,,,,,,
USC00043491,1989,7,22,,,0.0,0.0,0.0,,,,,,,,,,,
USC00043491,1989,7,23,,,0.0,0.0,0.0,,,,,,,,,,,
USC00043491,1989,7,24,,,0.0,0.0,0.0,,,,,,,,,,,
USC00043491,1989,7,25,,,0.0,0.0,0.0,,,,,,,,,,,
USC00043491,1989,7,26,,,0.0,0.0,0.0,,,,,,,,,,,
USC00043491,1989,7,27,,,0.0,0.0,0.0,,,,,,,,,,,
USC00043491,1989,7,28,,,0.0,0.0,0.0,,,,,,,,,,,
USC00043491,1989,7,29,,,0.0,0.0,0.0,,,,,,,,,,,
USC00043491,1989,7,3,,,0.0,0.0,0.0,,,,,,,,,,,
USC00043491,1989,7,30,,,0.0,0.0,0.0,,,,,,,,,,,
USC00043491,1989,7,31,,,0.0,0.0,0.0,,,,,,,,,,,
USC00043491,1989,7,4,,,0.0,0.0,0.0,,,,,,,,,,,
USC00043491,1989,7,5,,,0.0,0.0,0.0,,,,,,,,,,,
USC00043491,1989,7,6,,,0.0,0.0,0.0,,,,,,,,,,,
USC00043491,1989,7,7,,,0.0,0.0,0.0,,,,,,,,,,,
USC00043491,1989,7,8,,,0.0,0.0,0.0,,,,,,,,,,,
USC00043491,1989,7,9,,,0.0,0.0,0.0,,,,,,,,,,,
USC00043491,1989,8,1,,,0.0,0.0,0.0,,,,,,,,,,,
USC00043491,1989,8,10,,,0.0,0.0,0.0,,,,,,,,,,,
USC00043491,1989,8,11,,,0.0,0.0,0.0,,,,,,,,,,,
USC00043491,1989,8,12,,,0.0,0.0,0.0,,,,,,,,,,,
USC00043491,1989,8,13,,,0.0,0.0,0.0,,,,,,,,,,,
USC00043491,1989,8,14,,,0.0,0.0,0.0,,,,,,,,,,,
USC00043491,1989,8,15,,,0.0,0.0,0.0,,,,,,,,,,,
USC00043491,1989,8,16,,,0.0,0.0,0.0,,,,,,,,,,,
USC00043491,1989,8,17,,,0.0,0.0,0.0,,,,,,,,,,,
USC00043491,1989,8,18,,,0.0,0.0,0.0,,,,,,,,,,,
USC00043491,1989,8,19,,,0.0,0.0,0.0,,,,,,,,,,,
USC00043491,1989,8,2,,,0.0,0.0,0.0,,,,,,,,,,,
USC00043491,1989,8,20,,,0.0,0.0,0.0,,,,,,,,,,,
USC00043491,1989,8,21,,,0.0,0.0,0.0,,,,,,,,,,,
USC00043491,1989,8,22,,,0.0,0.0,0.0,,,,,,,,,,,
USC00043491,1989,8,23,,,0.0,0.0,0.0,,,,,,,,,,,
USC00043491,1989,8,24,,,0.0,0.0,0.0,,,,,,,,,,,
USC00043491,1989,8,25,,,0.0,0.0,0.0,,,,,,,,,,,
USC00043491,1989,8,26,,,0.0,0.0,0.0,,,,,,,,,,,
USC00043491,1989,8,27,,,0.0,0.0,0.0,,,,,,,,,,,
USC00043491,1989,8,28,,,0.0,0.0,0.0,,,,,,,,,,,
USC00043491,1989,8,29,,,0.0,0.0,0.0,,,,,,,,,,,
USC00043491,1989,8,3,,,0.0,0.0,0.0,,,,,,,,,,,
USC00043491,1989,8,30,,,0.0,0.0,0.0,,,,,,,,,,,
USC00043491,1989,8,31,,,0.0,0.0,0.0,,,,,,,,,,,
USC00043491,1989,8,4,,,0.0,0.0,0.0,,,,,,,,,,,
USC00043491,1989,8,5,,,0.0,0.0,0.0,,,,,,,,,,,
USC00043491,1989,8,6,,,0.0,0.0,0.0,,,,,,,,,,,
USC00043491,1989,8,7,,,188.0,0.0,0.0,,,,,,,,,,,
USC00043491,1989,8,8,,,0.0,0.0,0.0,,,,,,,,,,,
USC00043491,1989,8,9,,,0.0,0.0,0.0,,,,,,,,,,,
USC00043491,1989,9,1,,,0.0,0.0,0.0,,,,,,,,,,,
USC00043491,1989,9,10,,,0.0,0.0,0.0,,,,,,,,,,,
USC00043491,1989,9,11,,,0.0,0.0,0.0,,,,,,,,,,,
USC00043491,1989,9,12,,,0.0,0.0,0.0,,,,,,,,,,,
USC00043491,1989,9,13,,,0.0,0.0,0.0,,,,,,,,,,,
USC00043491,1989,9,14,,,0.0,0.0,0.0,,,,,,,,,,,
USC00043491,1989,9,15,,,0.0,0.0,0.0,,,,,,,,,,,
USC00043491,1989,9,16,,,211.0,0.0,0.0,,,,,,,,,,,
USC00043491,1989,9,17,,,305.0,0.0,0.0,,,,,,,,,,,
USC00043491,1989,9,18,,,216.0,0.0,0.0,,,,,,,,,,,
USC00043491,1989,9,19,,,0.0,0.0,0.0,,,,,,,,,,,
USC00043491,1989,9,2,,,0.0,0.0,0.0,,,,,,,,,,,
USC00043491,1989,9,20,,,0.0,0.0,0.0,,,,,,,,,,,
USC00043491,1989,9,21,,,0.0,0.0,0.0,,,,,,,,,,,
USC00043491,1989,9,22,,,0.0,0.0,0.0,,,,,,,,,,,
USC00043491,1989,9,23,,,0.0,0.0,0.0,,,,,,,,,,,
USC00043491,1989,9,24,,,0.0,0.0,0.0,,,,,,,,,,,
USC00043491,1989,9,25,,,0.0,0.0,0.0,,,,,,,,,,,
USC00043491,1989,9,26,,,0.0,0.0,0.0,,,,,,,,,,,
USC00043491,1989,9,27,,,0.0,0.0,0.0,,,,,,,,,,,
USC00043491,1989,9,28,,,76.0,0.0,0.0,,,,,,,,,,,
USC00043491,1989,9,29,,,84.0,0.0,0.0,,,,,,,,,,,
USC00043491,1989,9,3,,,0.0,0.0,0.0,,,,,,,,,,,
USC00043491,1989,9,30,,,0.0,0.0,0.0,,,,,,,,,,,
USC00043491,1989,9,31,,,-9999.0,-9999.0,-9999.0,,,,,,,,,,,
USC00043491,1989,9,4,,,0.0,0.0,0.0,,,,,,,,,,,
USC00043491,1989,9,5,,,0.0,0.0,0.0,,,,,,,,,,,
USC00043491,1989,9,6,,,0.0,0.0,0.0,,,,,,,,,,,
USC00043491,1989,9,7,,,0.0,0.0,0.0,,,,,,,,,,,
USC00043491,1989,9,8,,,0.0,0.0,0.0,,,,,,,,,,,
USC00043491,1989,9,9,,,0.0,0.0,0.0,,,,,,,,,,,
USC00043491,1989,10,1,,,0.0,0.0,0.0,,,,,,,,,,,
USC00043491,1989,10,10,,,0.0,0.0,0.0,,,,,,,,,,,
USC00043491,1989,10,11,,,0.0,0.0,0.0,,,,,,,,,,,
USC00043491,1989,10,12,,,0.0,0.0,0.0,,,,,,,,,,,
USC00043491,1989,10,13,,,0.0,0.0,0.0,,,,,,,,,,,
USC00043491,1989,10,14,,,0.0,0.0,0.0,,,,,,,,,,,
USC00043491,1989,10,15,,,0.0,0.0,0.0,,,,,,,,,,,
USC00043491,1989,10,16,,,0.0,0.0,0.0,,,,,,,,,,,
USC00043491,1989,10,17,,,0.0,0.0,0.0,,,,,,,,,,,
USC00043491,1989,10,18,,,0.0,0.0,0.0,,,,,,,,,,,
USC00043491,1989,10,19,,,0.0,0.0,0.0,,,,,,,,,,,
USC00043491,1989,10,2,,,109.0,0.0,0.0,,,,,,,,,,,
USC00043491,1989,10,20,,,0.0,0.0,0.0,,,,,,,,,,,
USC00043491,1989,10,21,,,452.0,0.0,0.0,,,,,,,,,,,
USC00043491,1989,10,22,,,406.0,0.0,0.0,,,,,,,,,,,
USC00043491,1989,10,23,,,76.0,0.0,0.0,,,,,,,,,,,
USC00043491,1989,10,24,,,0.0,0.0,0.0,,,,,,,,,,,
USC00043491,1989,10,25,,,312.0,0.0,0.0,,,,,,,,,,,
USC00043491,1989,10,26,,,0.0,0.0,0.0,,,,,,,,,,,
USC00043491,1989,10,27,,,0.0,0.0,0.0,,,,,,,,,,,
USC00043491,1989,10,28,,,0.0,0.0,0.0,,,,,,,,,,,
USC00043491,1989,10,29,,,0.0,0.0,0.0,,,,,,,,,,,
USC00043491,1989,10,3,,,0.0,0.0,0.0,,,,,,,,,,,
USC00043491,1989,10,30,,,0.0,0.0,0.0,,,,,,,,,,,
USC00043491,1989,10,31,,,0.0,0.0,0.0,,,,,,,,,,,
USC00043491,1989,10,4,,,0.0,0.0,0.0,,,,,,,,,,,
USC00043491,1989,10,5,,,0.0,0.0,0.0,,,,,,,,,,,
USC00043491,1989,10,6,,,0.0,0.0,0.0,,,,,,,,,,,
USC00043491,1989,10,7,,,0.0,0.0,0.0,,,,,,,,,,,
USC00043491,1989,10,8,,,0.0,0.0,0.0,,,,,,,,,,,
USC00043491,1989,10,9,,,0.0,0.0,0.0,,,,,,,,,,,
USC00043491,1989,11,1,,,0.0,0.0,0.0,,,,,,,,,,,
USC00043491,1989,11,10,,,0.0,0.0,0.0,,,,,,,,,,,
USC00043491,1989,11,11,,,0.0,0.0,0.0,,,,,,,,,,,
USC00043491,1989,11,12,,,0.0,0.0,0.0,,,,,,,,,,,
USC00043491,1989,11,13,,,0.0,0.0,0.0,,,,,,,,,,,
USC00043491,1989,11,14,,,0.0,0.0,0.0,,,,,,,,,,,
USC00043491,1989,11,15,,,0.0,0.0,0.0,,,,,,,,,,,
USC00043491,1989,11,16,,,0.0,0.0,0.0,,,,,,,,,,,
USC00043491,1989,11,17,,,0.0,0.0,0.0,,,,,,,,,,,
USC00043491,1989,11,18,,,0.0,0.0,0.0,,,,,,,,,,,
USC00043491,1989,11,19,,,0.0,0.0,0.0,,,,,,,,,,,
USC00043491,1989,11,2,,,0.0,0.0,0.0,,,,,,,,,,,
USC00043491,1989,11,20,,,0.0,0.0,0.0,,,,,,,,,,,
USC00043491,1989,11,21,,,0.0,0.0,0.0,,,,,,,,,,,
USC00043491,1989,11,22,,,0.0,0.0,0.0,,,,,,,,,,,
USC00043491,1989,11,23,,,0.0,0.0,0.0,,,,,,,,,,,
USC00043491,1989,11,24,,,277.0,0.0,0.0,,,,,,,,,,,
USC00043491,1989,11,25,,,777.0,0.0,0.0,,,,,,,,,,,
USC00043491,1989,11,26,,,97.0,0.0,0.0,,,,,,,,,,,
USC00043491,1989,11,27,,,0.0,0.0,0.0,,,,,,,,,,,
USC00043491,1989,11,28,,,0.0,0.0,0.0,,,,,,,,,,,
USC00043491,1989,11,29,,,0.0,0.0,0.0,,,,,,,,,,,
USC00043491,1989,11,3,,,0.0,0.0,0.0,,,,,,,,,,,
USC00043491,1989,11,30,,,0.0,0.0,0.0,,,,,,,,,,,
USC00043491,1989,11,31,,,-9999.0,-9999.0,-9999.0,,,,,,,,,,,
USC00043491,1989,11,4,,,0.0,0.0,0.0,,,,,,,,,,,
USC00043491,1989,11,5,,,0.0,0.0,0.0,,,,,,,,,,,
USC00043491,1989,11,6,,,0.0,0.0,0.0,,,,,,,,,,,
USC00043491,1989,11,7,,,0.0,0.0,0.0,,,,,,,,,,,
USC00043491,1989,11,8,,,0.0,0.0,0.0,,,,,,,,,,,
USC00043491,1989,11,9,,,0.0,0.0,0.0,,,,,,,,,,,
USC00043491,1989,12,1,,,0.0,0.0,0.0,,,,,,,,,,,
USC00043491,1989,12,10,,,0.0,0.0,0.0,,,,,,,,,,,
USC00043491,1989,12,11,,,0.0,0.0,0.0,,,,,,,,,,,
USC00043491,1989,12,12,,,0.0,0.0,0.0,,,,,,,,,,,
USC00043491,1989,12,13,,,0.0,0.0,0.0,,,,,,,,,,,
USC00043491,1989,12,14,,,0.0,0.0,0.0,,,,,,,,,,,
USC00043491,1989,12,15,,,0.0,0.0,0.0,,,,,,,,,,,
USC00043491,1989,12,16,,,0.0,0.0,0.0,,,,,,,,,,,
USC00043491,1989,12,17,,,0.0,0.0,0.0,,,,,,,,,,,
USC00043491,1989,12,18,,,0.0,0.0,0.0,,,,,,,,,,,
USC00043491,1989,12,19,,,0.0,0.0,0.0,,,,,,,,,,,
USC00043491,1989,12,2,,,0.0,0.0,0.0,,,,,,,,,,,
USC00043491,1989,12,20,,,0.0,0.0,0.0,,,,,,,,,,,
USC00043491,1989,12,21,,,0.0,0.0,0.0,,,,,,,,,,,
USC00043491,1989,12,22,,,0.0,0.0,0.0,,,,,,,,,,,
USC00043491,1989,12,23,,,0.0,0.0,0.0,,,,,,,,,,,
USC00043491,1989,12,24,,,0.0,0.0,0.0,,,,,,,,,,,
USC00043491,1989,12,25,,,0.0,0.0,0.0,,,,,,,,,,,
USC00043491,1989,12,26,,,0.0,0.0,0.0,,,,,,,,,,,
USC00043491,1989,12,27,,,0.0,0.0,0.0,,,,,,,,,,,
USC00043491,1989,12,28,,,0.0,0.0,0.0,,,,,,,,,,,
USC00043491,1989,12,29,,,0.0,0.0,0.0,,,,,,,,,,,
USC00043491,1989,12,3,,,0.0,0.0,0.0,,,,,,,,,,,
USC00043491,1989,12,30,,,0.0,0.0,0.0,,,,,,,,,,,
USC00043491,1989,12,31,,,0.0,0.0,0.0,,,,,,,,,,,
USC00043491,1989,12,4,,,0.0,0.0,0.0,,,,,,,,,,,
USC00043491,1989,12,5,,,0.0,0.0,0.0,,,,,,,,,,,
USC00043491,1989,12,6,,,0.0,0.0,0.0,,,,,,,,,,,
USC00043491,1989,12,7,,,0.0,0.0,0.0,,,,,,,,,,,
USC00043491,1989,12,8,,,0.0,0.0,0.0,,,,,,,,,,,
USC00043491,1989,12,9,,,0.0,0.0,0.0,,,,,,,,,,,
USC00043491,1990,1,1,,,97.0,0.0,0.0,,,,,,,,,,,
USC00043491,1990,1,10,,,0.0,0.0,0.0,,,,,,,,,,,
USC00043491,1990,1,11,,,0.0,0.0,0.0,,,,,,,,,,,
USC00043491,1990,1,12,,,89.0,0.0,0.0,,,,,,,,,,,
USC00043491,1990,1,13,,,381.0,0.0,0.0,,,,,,,,,,,
USC00043491,1990,1,14,,,439.0,0.0,0.0,,,,,,,,,,,
USC00043491,1990,1,15,,,0.0,0.0,-9999.0,,,,,,,,,,,
USC00043491,1990,1,16,,,157.0,-9999.0,-9999.0,,,,,,,,,,,
USC00043491,1990,1,17,,,0.0,0.0,0.0,,,,,,,,,,,
USC00043491,1990,1,18,,,0.0,0.0,0.0,,,,,,,,,,,
USC00043491,1990,1,19,,,0.0,0.0,0.0,,,,,,,,,,,
USC00043491,1990,1,2,,,0.0,0.0,0.0,,,,,,,,,,,
USC00043491,1990,1,20,,,0.0,0.0,0.0,,,,,,,,,,,
USC00043491,1990,1,21,,,0.0,0.0,0.0,,,,,,,,,,,
USC00043491,1990,1,22,,,0.0,0.0,0.0,,,,,,,,,,,
USC00043491,1990,1,23,,,0.0,0.0,0.0,,,,,,,,,,,
USC00043491,1990,1,24,,,0.0,0.0,0.0,,,,,,,,,,,
USC00043491,1990,1,25,,,0.0,0.0,0.0,,,,,,,,,,,
USC00043491,1990,1,26,,,0.0,0.0,0.0,,,,,,,,,,,
USC00043491,1990,1,27,,,0.0,0.0,0.0,,,,,,,,,,,
USC00043491,1990,1,28,,,0.0,0.0,0.0,,,,,,,,,,,
USC00043491,1990,1,29,,,0.0,0.0,0.0,,,,,,,,,,,
USC00043491,1990,1,3,,,0.0,0.0,0.0,,,,,,,,,,,
USC00043491,1990,1,30,,,335.0,0.0,0.0,,,,,,,,,,,
USC00043491,1990,1,31,,,61.0,0.0,0.0,,,,,,,,,,,
USC00043491,1990,1,4,,,0.0,0.0,0.0,,,,,,,,,,,
USC00043491,1990,1,5,,,0.0,0.0,0.0,,,,,,,,,,,
USC00043491,1990,1,6,,,0.0,0.0,0.0,,,,,,,,,,,
USC00043491,1990,1,7,,,551.0,0.0,0.0,,,,,,,,,,,
USC00043491,1990,1,8,,,254.0,0.0,0.0,,,,,,,,,,,
USC00043491,1990,1,9,,,0.0,0.0,0.0,,,,,,,,,,,
USC00043491,1990,2,1,,,157.0,,,,,,,,,,,,,
USC00043491,1990,2,10,,,0.0,,,,,,,,,,,,,
USC00043491,1990,2,11,,,0.0,,,,,,,,,,,,,
USC00043491,1990,2,12,,,0.0,,,,,,,,,,,,,
USC00043491,1990,2,13,,,0.0,,,,,,,,,,,,,
USC00043491,1990,2,14,,,0.0,,,,,,,,,,,,,
USC00043491,1990,2,15,,,0.0,,,,,,,,,,,,,
USC00043491,1990,2,16,,,759.0,,,,,,,,,,,,,
USC00043491,1990,2,17,,,826.0,,,,,,,,,,,,,
USC00043491,1990,2,18,,,0.0,,,,,,,,,,,,,
USC00043491,1990,2,19,,,0.0,,,,,,,,,,,,,
USC00043491,1990,2,2,,,0.0,,,,,,,,,,,,,
USC00043491,1990,2,20,,,0.0,,,,,,,,,,,,,
USC00043491,1990,2,21,,,0.0,,,,,,,,,,,,,
USC00043491,1990,2,22,,,0.0,,,,,,,,,,,,,
USC00043491,1990,2,23,,,0.0,,,,,,,,,,,,,
USC00043491,1990,2,24,,,0.0,,,,,,,,,,,,,
USC00043491,1990,2,25,,,0.0,,,,,,,,,,,,,
USC00043491,1990,2,26,,,0.0,,,,,,,,,,,,,
USC00043491,1990,2,27,,,0.0,,,,,,,,,,,,,
USC00043491,1990,2,28,,,-9999.0,,,,,,,,,,,,,
USC00043491,1990,2,29,,,-9999.0,,,,,,,,,,,,,
USC00043491,1990,2,3,,,0.0,,,,,,,,,,,,,
USC00043491,1990,2,30,,,-9999.0,,,,,,,,,,,,,
USC00043491,1990,2,31,,,-9999.0,,,,,,,,,,,,,
USC00043491,1990,2,4,,,318.0,,,,,,,,,,,,,
USC00043491,1990,2,5,,,0.0,,,,,,,,,,,,,
USC00043491,1990,2,6,,,183.0,,,,,,,,,,,,,
USC00043491,1990,2,7,,,0.0,,,,,,,,,,,,,
USC00043491,1990,2,8,,,0.0,,,,,,,,,,,,,
USC00043491,1990,2,9,,,0.0,,,,,,,,,,,,,
USC00043491,1990,3,1,,,0.0,0.0,0.0,,,,,,,,,,,
USC00043491,1990,3,10,,,290.0,-9999.0,-9999.0,,,,,,,,,,,
USC00043491,1990,3,11,,,18.0,-9999.0,-9999.0,,,,,,,,,,,
USC00043491,1990,3,12,,,20.0,-9999.0,-9999.0,,,,,,,,,,,
USC00043491,1990,3,13,,,0.0,0.0,-9999.0,,,,,,,,,,,
USC00043491,1990,3,14,,,15.0,0.0,-9999.0,,,,,,,,,,,
USC00043491,1990,3,15,,,0.0,0.0,-9999.0,,,,,,,,,,,
USC00043491,1990,3,16,,,0.0,0.0,-9999.0,,,,,,,,,,,
USC00043491,1990,3,17,,,0.0,0.0,0.0,,,,,,,,,,,
USC00043491,1990,3,18,,,0.0,0.0,0.0,,,,,,,,,,,
USC00043491,1990,3,19,,,0.0,0.0,0.0,,,,,,,,,,,
USC00043491,1990,3,2,,,102.0,0.0,0.0,,,,,,,,,,,
USC00043491,1990,3,20,,,0.0,0.0,0.0,,,,,,,,,,,
USC00043491,1990,3,21,,,0.0,0.0,0.0,,,,,,,,,,,
USC00043491,1990,3,22,,,0.0,0.0,0.0,,,,,,,,,,,
USC00043491,1990,3,23,,,0.0,0.0,0.0,,,,,,,,,,,
USC00043491,1990,3,24,,,0.0,0.0,0.0,,,,,,,,,,,
USC00043491,1990,3,25,,,0.0,0.0,0.0,,,,,,,,,,,
USC00043491,1990,3,26,,,0.0,0.0,0.0,,,,,,,,,,,
USC00043491,1990,3,27,,,0.0,0.0,0.0,,,,,,,,,,,
USC00043491,1990,3,28,,,0.0,0.0,0.0,,,,,,,,,,,
USC00043491,1990,3,29,,,0.0,0.0,0.0,,,,,,,,,,,
USC00043491,1990,3,3,,,0.0,0.0,0.0,,,,,,,,,,,
USC00043491,1990,3,30,,,0.0,0.0,0.0,,,,,,,,,,,
USC00043491,1990,3,31,,,0.0,0.0,0.0,,,,,,,,,,,
USC00043491,1990,3,4,,,394.0,0.0,0.0,,,,,,,,,,,
USC00043491,1990,3,5,,,0.0,0.0,0.0,,,,,,,,,,,
USC00043491,1990,3,6,,,0.0,0.0,0.0,,,,,,,,,,,
USC00043491,1990,3,7,,,0.0,0.0,0.0,,,,,,,,,,,
USC00043491,1990,3,8,,,0.0,0.0,0.0,,,,,,,,,,,
USC00043491,1990,3,9,,,0.0,0.0,0.0,,,,,,,,,,,
USC00043491,1990,4,1,,,0.0,0.0,0.0,,,,,,,,,,,
USC00043491,1990,4,10,,,0.0,0.0,0.0,,,,,,,,,,,
USC00043491,1990,4,11,,,0.0,0.0,0.0,,,,,,,,,,,
USC00043491,1990,4,12,,,0.0,0.0,0.0,,,,,,,,,,,
USC00043491,1990,4,13,,,0.0,0.0,0.0,,,,,,,,,,,
USC00043491,1990,4,14,,,0.0,0.0,0.0,,,,,,,,,,,
USC00043491,1990,4,15,,,0.0,0.0,0.0,,,,,,,,,,,
USC00043491,1990,4,16,,,48.0,0.0,0.0,,,,,,,,,,,
USC00043491,1990,4,17,,,0.0,0.0,0.0,,,,,,,,,,,
USC00043491,1990,4,18,,,0.0,0.0,0.0,,,,,,,,,,,
USC00043491,1990,4,19,,,0.0,0.0,0.0,,,,,,,,,,,
USC00043491,1990,4,2,,,0.0,0.0,0.0,,,,,,,,,,,
USC00043491,1990,4,20,,,0.0,0.0,0.0,,,,,,,,,,,
USC00043491,1990,4,21,,,0.0,0.0,0.0,,,,,,,,,,,
USC00043491,1990,4,22,,,137.0,0.0,0.0,,,,,,,,,,,
USC00043491,1990,4,23,,,300.0,0.0,0.0,,,,,,,,,,,
USC00043491,1990,4,24,,,0.0,0.0,0.0,,,,,,,,,,,
USC00043491,1990,4,25,,,0.0,0.0,0.0,,,,,,,,,,,
USC00043491,1990,4,26,,,0.0,0.0,0.0,,,,,,,,,,,
USC00043491,1990,4,27,,,0.0,0.0,0.0,,,,,,,,,,,
USC00043491,1990,4,28,,,0.0,0.0,0.0,,,,,,,,,,,
USC00043491,1990,4,29,,,0.0,0.0,0.0,,,,,,,,,,,
USC00043491,1990,4,3,,,0.0,0.0,0.0,,,,,,,,,,,
USC00043491,1990,4,30,,,0.0,0.0,0.0,,,,,,,,,,,
USC00043491,1990,4,31,,,-9999.0,-9999.0,-9999.0,,,,,,,,,,,
USC00043491,1990,4,4,,,0.0,0.0,0.0,,,,,,,,,,,
USC00043491,1990,4,5,,,0.0,0.0,0.0,,,,,,,,,,,
USC00043491,1990,4,6,,,0.0,0.0,0.0,,,,,,,,,,,
USC00043491,1990,4,7,,,8.0,0.0,0.0,,,,,,,,,,,
USC00043491,1990,4,8,,,0.0,0.0,0.0,,,,,,,,,,,
USC00043491,1990,4,9,,,0.0,0.0,0.0,,,,,,,,,,,
USC00043491,1990,5,1,,,0.0,0.0,0.0,,,,,,,,,,,
USC00043491,1990,5,10,,,0.0,0.0,0.0,,,,,,,,,,,
USC00043491,1990,5,11,,,0.0,0.0,0.0,,,,,,,,,,,
USC00043491,1990,5,12,,,0.0,0.0,0.0,,,,,,,,,,,
USC00043491,1990,5,13,,,0.0,0.0,0.0,,,,,,,,,,,
USC00043491,1990,5,14,,,0.0,0.0,0.0,,,,,,,,,,,
USC00043491,1990,5,15,,,0.0,0.0,0.0,,,,,,,,,,,
USC00043491,1990,5,16,,,0.0,0.0,0.0,,,,,,,,,,,
USC00043491,1990,5,17,,,0.0,0.0,0.0,,,,,,,,,,,
USC00043491,1990,5,18,,,0.0,0.0,0.0,,,,,,,,,,,
USC00043491,1990,5,19,,,0.0,0.0,0.0,,,,,,,,,,,
USC00043491,1990,5,2,,,0.0,0.0,0.0,,,,,,,,,,,
USC00043491,1990,5,20,,,305.0,0.0,0.0,,,,,,,,,,,
USC00043491,1990,5,21,,,0.0,0.0,0.0,,,,,,,,,,,
USC00043491,1990,5,22,,,61.0,0.0,0.0,,,,,,,,,,,
USC00043491,1990,5,23,,,254.0,0.0,0.0,,,,,,,,,,,
USC00043491,1990,5,24,,,5.0,0.0,0.0,,,,,,,,,,,
USC00043491,1990,5,25,,,0.0,0.0,0.0,,,,,,,,,,,
USC00043491,1990,5,26,,,36.0,0.0,0.0,,,,,,,,,,,
USC00043491,1990,5,27,,,320.0,0.0,0.0,,,,,,,,,,,
USC00043491,1990,5,28,,,0.0,0.0,0.0,,,,,,,,,,,
USC00043491,1990,5,29,,,0.0,0.0,0.0,,,,,,,,,,,
USC00043491,1990,5,3,,,0.0,0.0,0.0,,,,,,,,,,,
USC00043491,1990,5,30,,,559.0,0.0,0.0,,,,,,,,,,,
USC00043491,1990,5,31,,,254.0,0.0,0.0,,,,,,,,,,,
USC00043491,1990,5,4,,,0.0,0.0,0.0,,,,,,,,,,,
USC00043491,1990,5,5,,,0.0,0.0,0.0,,,,,,,,,,,
USC00043491,1990,5,6,,,0.0,0.0,0.0,,,,,,,,,,,
USC00043491,1990,5,7,,,0.0,0.0,0.0,,,,,,,,,,,
USC00043491,1990,5,8,,,0.0,0.0,0.0,,,,,,,,,,,
USC00043491,1990,5,9,,,0.0,0.0,0.0,,,,,,,,,,,
USC00043491,1990,8,1,,,-9999.0,-9999.0,-9999.0,,,,,,,,,,,
USC00043491,1990,8,10,,,-9999.0,-9999.0,-9999.0,,,,,,,,,,,
USC00043491,1990,8,11,,,-9999.0,-9999.0,-9999.0,,,,,,,,,,,
USC00043491,1990,8,12,,,-9999.0,-9999.0,-9999.0,,,,,,,,,,,
USC00043491,1990,8,13,,,-9999.0,-9999.0,-9999.0,,,,,,,,,,,
USC00043491,1990,8,14,,,-9999.0,-9999.0,-9999.0,,,,,,,,,,,
USC00043491,1990,8,15,,,-9999.0,-9999.0,-9999.0,,,,,,,,,,,
USC00043491,1990,8,16,,,-9999.0,-9999.0,-9999.0,,,,,,,,,,,
USC00043491,1990,8,17,,,-9999.0,-9999.0,-9999.0,,,,,,,,,,,
USC00043491,1990,8,18,,,-9999.0,-9999.0,-9999.0,,,,,,,,,,,
USC00043491,1990,8,19,,,-9999.0,-9999.0,-9999.0,,,,,,,,,,,
USC00043491,1990,8,2,,,-9999.0,-9999.0,-9999.0,,,,,,,,,,,
USC00043491,1990,8,20,,,-9999.0,-9999.0,-9999.0,,,,,,,,,,,
USC00043491,1990,8,21,,,-9999.0,-9999.0,-9999.0,,,,,,,,,,,
USC00043491,1990,8,22,,,-9999.0,-9999.0,-9999.0,,,,,,,,,,,
USC00043491,1990,8,23,,,-9999.0,-9999.0,-9999.0,,,,,,,,,,,
USC00043491,1990,8,24,,,-9999.0,-9999.0,-9999.0,,,,,,,,,,,
USC00043491,1990,8,25,,,0.0,0.0,0.0,,,,,,,,,,,
USC00043491,1990,8,26,,,0.0,0.0,0.0,,,,,,,,,,,
USC00043491,1990,8,27,,,0.0,0.0,0.0,,,,,,,,,,,
USC00043491,1990,8,28,,,0.0,0.0,0.0,,,,,,,,,,,
USC00043491,1990,8,29,,,0.0,0.0,0.0,,,,,,,,,,,
USC00043491,1990,8,3,,,-9999.0,-9999.0,-9999.0,,,,,,,,,,,
USC00043491,1990,8,30,,,0.0,0.0,0.0,,,,,,,,,,,
USC00043491,1990,8,31,,,0.0,0.0,0.0,,,,,,,,,,,
USC00043491,1990,8,4,,,-9999.0,-9999.0,-9999.0,,,,,,,,,,,
USC00043491,1990,8,5,,,-9999.0,-9999.0,-9999.0,,,,,,,,,,,
USC00043491,1990,8,6,,,-9999.0,-9999.0,-9999.0,,,,,,,,,,,
USC00043491,1990,8,7,,,-9999.0,-9999.0,-9999.0,,,,,,,,,,,
USC00043491,1990,8,8,,,-9999.0,-9999.0,-9999.0,,,,,,,,,,,
USC00043491,1990,8,9,,,-9999.0,-9999.0,-9999.0,,,,,,,,,,,
USC00043491,1990,9,1,,,0.0,0.0,0.0,,,,,,,,,,,
USC00043491,1990,9,10,,,0.0,0.0,0.0,,,,,,,,,,,
USC00043491,1990,9,11,,,0.0,0.0,0.0,,,,,,,,,,,
USC00043491,1990,9,12,,,0.0,0.0,0.0,,,,,,,,,,,
USC00043491,1990,9,13,,,0.0,0.0,0.0,,,,,,,,,,,
USC00043491,1990,9,14,,,0.0,0.0,0.0,,,,,,,,,,,
USC00043491,1990,9,15,,,0.0,0.0,0.0,,,,,,,,,,,
USC00043491,1990,9,16,,,0.0,0.0,0.0,,,,,,,,,,,
USC00043491,1990,9,17,,,0.0,0.0,0.0,,,,,,,,,,,
USC00043491,1990,9,18,,,0.0,0.0,0.0,,,,,,,,,,,
USC00043491,1990,9,19,,,0.0,0.0,0.0,,,,,,,,,,,
USC00043491,1990,9,2,,,0.0,0.0,0.0,,,,,,,,,,,
USC00043491,1990,9,20,,,0.0,0.0,0.0,,,,,,,,,,,
USC00043491,1990,9,21,,,0.0,0.0,0.0,,,,,,,,,,,
USC00043491,1990,9,22,,,0.0,0.0,0.0,,,,,,,,,,,
USC00043491,1990,9,23,,,3.0,0.0,0.0,,,,,,,,,,,
USC00043491,1990,9,24,,,127.0,0.0,0.0,,,,,,,,,,,
USC00043491,1990,9,25,,,3.0,0.0,0.0,,,,,,,,,,,
USC00043491,1990,9,26,,,0.0,0.0,0.0,,,,,,,,,,,
USC00043491,1990,9,27,,,0.0,0.0,0.0,,,,,,,,,,,
USC00043491,1990,9,28,,,0.0,0.0,0.0,,,,,,,,,,,
USC00043491,1990,9,29,,,0.0,0.0,0.0,,,,,,,,,,,
USC00043491,1990,9,3,,,0.0,0.0,0.0,,,,,,,,,,,
USC00043491,1990,9,30,,,0.0,0.0,0.0,,,,,,,,,,,
USC00043491,1990,9,31,,,-9999.0,-9999.0,-9999.0,,,,,,,,,,,
USC00043491,1990,9,4,,,0.0,0.0,0.0,,,,,,,,,,,
USC00043491,1990,9,5,,,0.0,0.0,0.0,,,,,,,,,,,
USC00043491,1990,9,6,,,0.0,0.0,0.0,,,,,,,,,,,
USC00043491,1990,9,7,,,0.0,0.0,0.0,,,,,,,,,,,
USC00043491,1990,9,8,,,0.0,0.0,0.0,,,,,,,,,,,
USC00043491,1990,9,9,,,0.0,0.0,0.0,,,,,,,,,,,
USC00043491,1990,10,1,,,0.0,0.0,0.0,,,,,,,,,,,
USC00043491,1990,10,10,,,0.0,0.0,0.0,,,,,,,,,,,
USC00043491,1990,10,11,,,0.0,0.0,0.0,,,,,,,,,,,
USC00043491,1990,10,12,,,0.0,0.0,0.0,,,,,,,,,,,
USC00043491,1990,10,13,,,0.0,0.0,0.0,,,,,,,,,,,
USC00043491,1990,10,14,,,0.0,0.0,0.0,,,,,,,,,,,
USC00043491,1990,10,15,,,0.0,0.0,0.0,,,,,,,,,,,
USC00043491,1990,10,16,,,0.0,0.0,0.0,,,,,,,,,,,
USC00043491,1990,10,17,,,0.0,0.0,0.0,,,,,,,,,,,
USC00043491,1990,10,18,,,188.0,0.0,0.0,,,,,,,,,,,
USC00043491,1990,10,19,,,0.0,0.0,0.0,,,,,,,,,,,
USC00043491,1990,10,2,,,0.0,0.0,0.0,,,,,,,,,,,
USC00043491,1990,10,20,,,0.0,0.0,0.0,,,,,,,,,,,
USC00043491,1990,10,21,,,0.0,0.0,0.0,,,,,,,,,,,
USC00043491,1990,10,22,,,0.0,0.0,0.0,,,,,,,,,,,
USC00043491,1990,10,23,,,0.0,0.0,0.0,,,,,,,,,,,
USC00043491,1990,10,24,,,0.0,0.0,0.0,,,,,,,,,,,
USC00043491,1990,10,25,,,0.0,0.0,0.0,,,,,,,,,,,
USC00043491,1990,10,26,,,0.0,0.0,0.0,,,,,,,,,,,
USC00043491,1990,10,27,,,0.0,0.0,0.0,,,,,,,,,,,
USC00043491,1990,10,28,,,0.0,0.0,0.0,,,,,,,,,,,
USC00043491,1990,10,29,,,0.0,0.0,0.0,,,,,,,,,,,
USC00043491,1990,10,3,,,0.0,0.0,0.0,,,,,,,,,,,
USC00043491,1990,10,30,,,36.0,0.0,0.0,,,,,,,,,,,
USC00043491,1990,10,31,,,51.0,0.0,0.0,,,,,,,,,,,
USC00043491,1990,10,4,,,0.0,0.0,0.0,,,,,,,,,,,
USC00043491,1990,10,5,,,0.0,0.0,0.0,,,,,,,,,,,
USC00043491,1990,10,6,,,0.0,0.0,0.0,,,,,,,,,,,
USC00043491,1990,10,7,,,0.0,0.0,0.0,,,,,,,,,,,
USC00043491,1990,10,8,,,0.0,0.0,0.0,,,,,,,,,,,
USC00043491,1990,10,9,,,0.0,0.0,0.0,,,,,,,,,,,
USC00043491,1990,11,1,,,0.0,0.0,0.0,,,,,,,,,,,
USC00043491,1990,11,10,,,0.0,0.0,0.0,,,,,,,,,,,
USC00043491,1990,11,11,,,0.0,0.0,0.0,,,,,,,,,,,
USC00043491,1990,11,12,,,0.0,0.0,0.0,,,,,,,,,,,
USC00043491,1990,11,13,,,0.0,0.0,0.0,,,,,,,,,,,
USC00043491,1990,11,14,,,18.0,0.0,0.0,,,,,,,,,,,
USC00043491,1990,11,15,,,0.0,0.0,0.0,,,,,,,,,,,
USC00043491,1990,11,16,,,0.0,0.0,0.0,,,,,,,,,,,
USC00043491,1990,11,17,,,0.0,0.0,0.0,,,,,,,,,,,
USC00043491,1990,11,18,,,0.0,0.0,0.0,,,,,,,,,,,
USC00043491,1990,11,19,,,5.0,0.0,0.0,,,,,,,,,,,
USC00043491,1990,11,2,,,0.0,0.0,0.0,,,,,,,,,,,
USC00043491,1990,11,20,,,30.0,0.0,0.0,,,,,,,,,,,
USC00043491,1990,11,21,,,0.0,0.0,0.0,,,,,,,,,,,
USC00043491,1990,11,22,,,0.0,0.0,0.0,,,,,,,,,,,
USC00043491,1990,11,23,,,0.0,0.0,0.0,,,,,,,,,,,
USC00043491,1990,11,24,,,0.0,0.0,0.0,,,,,,,,,,,
USC00043491,1990,11,25,,,244.0,0.0,0.0,,,,,,,,,,,
USC00043491,1990,11,26,,,10.0,0.0,0.0,,,,,,,,,,,
USC00043491,1990,11,27,,,0.0,0.0,0.0,,,,,,,,,,,
USC00043491,1990,11,28,,,0.0,0.0,0.0,,,,,,,,,,,
USC00043491,1990,11,29,,,0.0,0.0,0.0,,,,,,,,,,,
USC00043491,1990,11,3,,,0.0,0.0,0.0,,,,,,,,,,,
USC00043491,1990,11,30,,,0.0,0.0,0.0,,,,,,,,,,,
USC00043491,1990,11,31,,,-9999.0,-9999.0,-9999.0,,,,,,,,,,,
USC00043491,1990,11,4,,,0.0,0.0,0.0,,,,,,,,,,,
USC00043491,1990,11,5,,,0.0,0.0,0.0,,,,,,,,,,,
USC00043491,1990,11,6,,,0.0,0.0,0.0,,,,,,,,,,,
USC00043491,1990,11,7,,,0.0,0.0,0.0,,,,,,,,,,,
USC00043491,1990,11,8,,,0.0,0.0,0.0,,,,,,,,,,,
USC00043491,1990,11,9,,,0.0,0.0,0.0,,,,,,,,,,,
USC00043491,1990,12,1,,,0.0,0.0,0.0,,,,,,,,,,,
USC00043491,1990,12,10,,,15.0,0.0,0.0,,,,,,,,,,,
USC00043491,1990,12,11,,,188.0,0.0,0.0,,,,,,,,,,,
USC00043491,1990,12,12,,,0.0,0.0,0.0,,,,,,,,,,,
USC00043491,1990,12,13,,,0.0,0.0,0.0,,,,,,,,,,,
USC00043491,1990,12,14,,,0.0,0.0,0.0,,,,,,,,,,,
USC00043491,1990,12,15,,,114.0,-9999.0,-9999.0,,,,,,,,,,,
USC00043491,1990,12,16,,,0.0,0.0,-9999.0,,,,,,,,,,,
USC00043491,1990,12,17,,,0.0,0.0,-9999.0,,,,,,,,,,,
USC00043491,1990,12,18,,,0.0,0.0,-9999.0,,,,,,,,,,,
USC00043491,1990,12,19,,,18.0,-9999.0,-9999.0,,,,,,,,,,,
USC00043491,1990,12,2,,,0.0,0.0,0.0,,,,,,,,,,,
USC00043491,1990,12,20,,,8.0,-9999.0,-9999.0,,,,,,,,,,,
USC00043491,1990,12,21,,,0.0,0.0,0.0,,,,,,,,,,,
USC00043491,1990,12,22,,,0.0,0.0,0.0,,,,,,,,,,,
USC00043491,1990,12,23,,,0.0,0.0,0.0,,,,,,,,,,,
USC00043491,1990,12,24,,,0.0,0.0,0.0,,,,,,,,,,,
USC00043491,1990,12,25,,,0.0,0.0,0.0,,,,,,,,,,,
USC00043491,1990,12,26,,,0.0,0.0,0.0,,,,,,,,,,,
USC00043491,1990,12,27,,,0.0,0.0,0.0,,,,,,,,,,,
USC00043491,1990,12,28,,,0.0,0.0,0.0,,,,,,,,,,,
USC00043491,1990,12,29,,,0.0,0.0,0.0,,,,,,,,,,,
USC00043491,1990,12,3,,,0.0,0.0,0.0,,,,,,,,,,,
USC00043491,1990,12,30,,,0.0,0.0,0.0,,,,,,,,,,,
USC00043491,1990,12,31,,,0.0,0.0,0.0,,,,,,,,,,,
USC00043491,1990,12,4,,,0.0,0.0,0.0,,,,,,,,,,,
USC00043491,1990,12,5,,,0.0,0.0,0.0,,,,,,,,,,,
USC00043491,1990,12,6,,,0.0,0.0,0.0,,,,,,,,,,,
USC00043491,1990,12,7,,,0.0,0.0,0.0,,,,,,,,,,,
USC00043491,1990,12,8,,,0.0,0.0,0.0,,,,,,,,,,,
USC00043491,1990,12,9,,,0.0,0.0,0.0,,,,,,,,,,,
USC00043491,1991,1,1,,,0.0,0.0,0.0,,,,,,,,,,,
USC00043491,1991,1,10,,,10.0,0.0,0.0,,,,,,,,,,,
USC00043491,1991,1,11,,,0.0,0.0,0.0,,,,,,,,,,,
USC00043491,1991,1,12,,,0.0,0.0,0.0,,,,,,,,,,,
USC00043491,1991,1,13,,,0.0,0.0,0.0,,,,,,,,,,,
USC00043491,1991,1,14,,,0.0,0.0,0.0,,,,,,,,,,,
USC00043491,1991,1,15,,,0.0,0.0,0.0,,,,,,,,,,,
USC00043491,1991,1,16,,,0.0,0.0,0.0,,,,,,,,,,,
USC00043491,1991,1,17,,,0.0,0.0,0.0,,,,,,,,,,,
USC00043491,1991,1,18,,,0.0,0.0,0.0,,,,,,,,,,,
USC00043491,1991,1,19,,,0.0,0.0,0.0,,,,,,,,,,,
USC00043491,1991,1,2,,,0.0,0.0,0.0,,,,,,,,,,,
USC00043491,1991,1,20,,,0.0,0.0,0.0,,,,,,,,,,,
USC00043491,1991,1,21,,,0.0,0.0,0.0,,,,,,,,,,,
USC00043491,1991,1,22,,,0.0,0.0,0.0,,,,,,,,,,,
USC00043491,1991,1,23,,,0.0,0.0,0.0,,,,,,,,,,,
USC00043491,1991,1,24,,,0.0,0.0,0.0,,,,,,,,,,,
USC00043491,1991,1,25,,,0.0,0.0,0.0,,,,,,,,,,,
USC00043491,1991,1,26,,,0.0,0.0,0.0,,,,,,,,,,,
USC00043491,1991,1,27,,,0.0,0.0,0.0,,,,,,,,,,,
USC00043491,1991,1,28,,,0.0,0.0,0.0,,,,,,,,,,,
USC00043491,1991,1,29,,,0.0,0.0,0.0,,,,,,,,,,,
USC00043491,1991,1,3,,,0.0,0.0,0.0,,,,,,,,,,,
USC00043491,1991,1,30,,,0.0,0.0,0.0,,,,,,,,,,,
USC00043491,1991,1,31,,,0.0,0.0,0.0,,,,,,,,,,,
USC00043491,1991,1,4,,,0.0,0.0,0.0,,,,,,,,,,,
USC00043491,1991,1,5,,,0.0,0.0,0.0,,,,,,,,,,,
USC00043491,1991,1,6,,,10.0,0.0,0.0,,,,,,,,,,,
USC00043491,1991,1,7,,,152.0,0.0,0.0,,,,,,,,,,,
USC00043491,1991,1,8,,,0.0,0.0,0.0,,,,,,,,,,,
USC00043491,1991,1,9,,,13.0,0.0,0.0,,,,,,,,,,,
USC00043491,1991,2,1,,,0.0,0.0,0.0,,,,,,,,,,,
USC00043491,1991,2,10,,,0.0,0.0,0.0,,,,,,,,,,,
USC00043491,1991,2,11,,,0.0,0.0,0.0,,,,,,,,,,,
USC00043491,1991,2,12,,,0.0,0.0,0.0,,,,,,,,,,,
USC00043491,1991,2,13,,,0.0,0.0,0.0,,,,,,,,,,,
USC00043491,1991,2,14,,,0.0,0.0,0.0,,,,,,,,,,,
USC00043491,1991,2,15,,,0.0,0.0,0.0,,,,,,,,,,,
USC00043491,1991,2,16,,,0.0,0.0,0.0,,,,,,,,,,,
USC00043491,1991,2,17,,,0.0,0.0,0.0,,,,,,,,,,,
USC00043491,1991,2,18,,,0.0,0.0,0.0,,,,,,,,,,,
USC00043491,1991,2,19,,,0.0,0.0,0.0,,,,,,,,,,,
USC00043491,1991,2,2,,,460.0,0.0,0.0,,,,,,,,,,,
USC00043491,1991,2,20,,,0.0,0.0,0.0,,,,,,,,,,,
USC00043491,1991,2,21,,,0.0,0.0,0.0,,,,,,,,,,,
USC00043491,1991,2,22,,,0.0,0.0,0.0,,,,,,,,,,,
USC00043491,1991,2,23,,,0.0,0.0,0.0,,,,,,,,,,,
USC00043491,1991,2,24,,,0.0,0.0,0.0,,,,,,,,,,,
USC00043491,1991,2,25,,,0.0,0.0,0.0,,,,,,,,,,,
USC00043491,1991,2,26,,,0.0,0.0,0.0,,,,,,,,,,,
USC00043491,1991,2,27,,,0.0,0.0,0.0,,,,,,,,,,,
USC00043491,1991,2,28,,,287.0,0.0,0.0,,,,,,,,,,,
USC00043491,1991,2,29,,,-9999.0,-9999.0,-9999.0,,,,,,,,,,,
USC00043491,1991,2,3,,,198.0,0.0,0.0,,,,,,,,,,,
USC00043491,1991,2,30,,,-9999.0,-9999.0,-9999.0,,,,,,,,,,,
USC00043491,1991,2,31,,,-9999.0,-9999.0,-9999.0,,,,,,,,,,,
USC00043491,1991,2,4,,,160.0,0.0,0.0,,,,,,,,,,,
USC00043491,1991,2,5,,,0.0,0.0,0.0,,,,,,,,,,,
USC00043491,1991,2,6,,,0.0,0.0,0.0,,,,,,,,,,,
USC00043491,1991,2,7,,,0.0,0.0,0.0,,,,,,,,,,,
USC00043491,1991,2,8,,,0.0,0.0,0.0,,,,,,,,,,,
USC00043491,1991,2,9,,,0.0,0.0,0.0,,,,,,,,,,,
USC00043491,1991,3,1,,,838.0,0.0,0.0,,,,,,,,,,,
USC00043491,1991,3,10,,,241.0,0.0,0.0,,,,,,,,,,,
USC00043491,1991,3,11,,,0.0,0.0,0.0,,,,,,,,,,,
USC00043491,1991,3,12,,,183.0,0.0,0.0,,,,,,,,,,,
USC00043491,1991,3,13,,,467.0,0.0,0.0,,,,,,,,,,,
USC00043491,1991,3,14,,,76.0,0.0,0.0,,,,,,,,,,,
USC00043491,1991,3,15,,,81.0,0.0,0.0,,,,,,,,,,,
USC00043491,1991,3,16,,,0.0,0.0,0.0,,,,,,,,,,,
USC00043491,1991,3,17,,,112.0,0.0,0.0,,,,,,,,,,,
USC00043491,1991,3,18,,,0.0,0.0,0.0,,,,,,,,,,,
USC00043491,1991,3,19,,,112.0,0.0,0.0,,,,,,,,,,,
USC00043491,1991,3,2,,,323.0,0.0,0.0,,,,,,,,,,,
USC00043491,1991,3,20,,,66.0,0.0,0.0,,,,,,,,,,,
USC00043491,1991,3,21,,,0.0,0.0,0.0,,,,,,,,,,,
USC00043491,1991,3,22,,,0.0,0.0,0.0,,,,,,,,,,,
USC00043491,1991,3,23,,,295.0,0.0,0.0,,,,,,,,,,,
USC00043491,1991,3,24,,,213.0,0.0,0.0,,,,,,,,,,,
USC00043491,1991,3,25,,,231.0,0.0,0.0,,,,,,,,,,,
USC00043491,1991,3,26,,,508.0,0.0,0.0,,,,,,,,,,,
USC00043491,1991,3,27,,,0.0,0.0,0.0,,,,,,,,,,,
USC00043491,1991,3,28,,,0.0,0.0,0.0,,,,,,,,,,,
USC00043491,1991,3,29,,,0.0,0.0,0.0,,,,,,,,,,,
USC00043491,1991,3,3,,,439.0,0.0,0.0,,,,,,,,,,,
USC00043491,1991,3,30,,,0.0,0.0,0.0,,,,,,,,,,,
USC00043491,1991,3,31,,,0.0,0.0,0.0,,,,,,,,,,,
USC00043491,1991,3,4,,,719.0,0.0,0.0,,,,,,,,,,,
USC00043491,1991,3,5,,,152.0,0.0,0.0,,,,,,,,,,,
USC00043491,1991,3,6,,,0.0,0.0,0.0,,,,,,,,,,,
USC00043491,1991,3,7,,,0.0,0.0,0.0,,,,,,,,,,,
USC00043491,1991,3,8,,,0.0,0.0,0.0,,,,,,,,,,,
USC00043491,1991,3,9,,,0.0,0.0,0.0,,,,,,,,,,,
USC00043491,1991,4,1,,,71.0,0.0,0.0,,,,,,-9999.0,-9999.0,,,,
USC00043491,1991,4,10,,,0.0,0.0,0.0,,,,,,-9999.0,-9999.0,,,,
USC00043491,1991,4,11,,,0.0,0.0,0.0,,,,,,-9999.0,-9999.0,,,,
USC00043491,1991,4,12,,,0.0,0.0,0.0,,,,,,-9999.0,-9999.0,,,,
USC00043491,1991,4,13,,,0.0,0.0,0.0,,,,,,-9999.0,-9999.0,,,,
USC00043491,1991,4,14,,,0.0,0.0,0.0,,,,,,-9999.0,-9999.0,,,,
USC00043491,1991,4,15,,,0.0,0.0,0.0,,,,,,-9999.0,-9999.0,,,,
USC00043491,1991,4,16,,,0.0,0.0,0.0,,,,,,-9999.0,-9999.0,,,,
USC00043491,1991,4,17,,,41.0,0.0,0.0,,,,,,-9999.0,-9999.0,,,,
USC00043491,1991,4,18,,,0.0,0.0,0.0,,,,,,-9999.0,-9999.0,,,,
USC00043491,1991,4,19,,,0.0,0.0,0.0,,,,,,-9999.0,-9999.0,,,,
USC00043491,1991,4,2,,,0.0,0.0,0.0,,,,,,-9999.0,-9999.0,,,,
USC00043491,1991,4,20,,,183.0,0.0,0.0,,,,,,1.0,1.0,,,,
USC00043491,1991,4,21,,,43.0,0.0,0.0,,,,,,-9999.0,-9999.0,,,,
USC00043491,1991,4,22,,,0.0,0.0,0.0,,,,,,-9999.0,-9999.0,,,,
USC00043491,1991,4,23,,,0.0,0.0,0.0,,,,,,-9999.0,-9999.0,,,,
USC00043491,1991,4,24,,,89.0,0.0,0.0,,,,,,-9999.0,-9999.0,,,,
USC00043491,1991,4,25,,,163.0,0.0,0.0,,,,,,-9999.0,-9999.0,,,,
USC00043491,1991,4,26,,,0.0,0.0,0.0,,,,,,-9999.0,-9999.0,,,,
USC00043491,1991,4,27,,,0.0,0.0,0.0,,,,,,-9999.0,-9999.0,,,,
USC00043491,1991,4,28,,,0.0,0.0,0.0,,,,,,-9999.0,-9999.0,,,,
USC00043491,1991,4,29,,,0.0,0.0,0.0,,,,,,-9999.0,-9999.0,,,,
USC00043491,1991,4,3,,,0.0,0.0,0.0,,,,,,-9999.0,-9999.0,,,,
USC00043491,1991,4,30,,,10.0,0.0,0.0,,,,,,-9999.0,1.0,,,,
USC00043491,1991,4,31,,,-9999.0,-9999.0,-9999.0,,,,,,-9999.0,-9999.0,,,,
USC00043491,1991,4,4,,,0.0,0.0,0.0,,,,,,-9999.0,-9999.0,,,,
USC00043491,1991,4,5,,,0.0,0.0,0.0,,,,,,-9999.0,-9999.0,,,,
USC00043491,1991,4,6,,,0.0,0.0,0.0,,,,,,-9999.0,-9999.0,,,,
USC00043491,1991,4,7,,,155.0,0.0,0.0,,,,,,-9999.0,-9999.0,,,,
USC00043491,1991,4,8,,,0.0,0.0,0.0,,,,,,-9999.0,-9999.0,,,,
USC00043491,1991,4,9,,,0.0,0.0,0.0,,,,,,-9999.0,-9999.0,,,,
USC00043491,1991,5,1,,,0.0,0.0,0.0,,,,,,,,,,,
USC00043491,1991,5,10,,,0.0,0.0,0.0,,,,,,,,,,,
USC00043491,1991,5,11,,,0.0,0.0,0.0,,,,,,,,,,,
USC00043491,1991,5,12,,,0.0,0.0,0.0,,,,,,,,,,,
USC00043491,1991,5,13,,,142.0,0.0,0.0,,,,,,,,,,,
USC00043491,1991,5,14,,,0.0,0.0,0.0,,,,,,,,,,,
USC00043491,1991,5,15,,,0.0,0.0,0.0,,,,,,,,,,,
USC00043491,1991,5,16,,,0.0,0.0,0.0,,,,,,,,,,,
USC00043491,1991,5,17,,,0.0,0.0,0.0,,,,,,,,,,,
USC00043491,1991,5,18,,,249.0,0.0,0.0,,,,,,,,,,,
USC00043491,1991,5,19,,,302.0,0.0,0.0,,,,,,,,,,,
USC00043491,1991,5,2,,,0.0,0.0,0.0,,,,,,,,,,,
USC00043491,1991,5,20,,,0.0,0.0,0.0,,,,,,,,,,,
USC00043491,1991,5,21,,,0.0,0.0,0.0,,,,,,,,,,,
USC00043491,1991,5,22,,,0.0,0.0,0.0,,,,,,,,,,,
USC00043491,1991,5,23,,,0.0,0.0,0.0,,,,,,,,,,,
USC00043491,1991,5,24,,,0.0,0.0,0.0,,,,,,,,,,,
USC00043491,1991,5,25,,,0.0,0.0,0.0,,,,,,,,,,,
USC00043491,1991,5,26,,,0.0,0.0,0.0,,,,,,,,,,,
USC00043491,1991,5,27,,,0.0,0.0,0.0,,,,,,,,,,,
USC00043491,1991,5,28,,,0.0,0.0,0.0,,,,,,,,,,,
USC00043491,1991,5,29,,,71.0,0.0,0.0,,,,,,,,,,,
USC00043491,1991,5,3,,,0.0,0.0,0.0,,,,,,,,,,,
USC00043491,1991,5,30,,,226.0,0.0,0.0,,,,,,,,,,,
USC00043491,1991,5,31,,,0.0,0.0,0.0,,,,,,,,,,,
USC00043491,1991,5,4,,,28.0,0.0,0.0,,,,,,,,,,,
USC00043491,1991,5,5,,,0.0,0.0,0.0,,,,,,,,,,,
USC00043491,1991,5,6,,,0.0,0.0,0.0,,,,,,,,,,,
USC00043491,1991,5,7,,,0.0,0.0,0.0,,,,,,,,,,,
USC00043491,1991,5,8,,,0.0,0.0,0.0,,,,,,,,,,,
USC00043491,1991,5,9,,,135.0,0.0,0.0,,,,,,,,,,,
USC00043491,1991,6,1,,,0.0,0.0,0.0,,,,,,,,,,,
USC00043491,1991,6,10,,,0.0,0.0,0.0,,,,,,,,,,,
USC00043491,1991,6,11,,,0.0,0.0,0.0,,,,,,,,,,,
USC00043491,1991,6,12,,,0.0,0.0,0.0,,,,,,,,,,,
USC00043491,1991,6,13,,,0.0,0.0,0.0,,,,,,,,,,,
USC00043491,1991,6,14,,,0.0,0.0,0.0,,,,,,,,,,,
USC00043491,1991,6,15,,,0.0,0.0,0.0,,,,,,,,,,,
USC00043491,1991,6,16,,,0.0,0.0,0.0,,,,,,,,,,,
USC00043491,1991,6,17,,,0.0,0.0,0.0,,,,,,,,,,,
USC00043491,1991,6,18,,,0.0,0.0,0.0,,,,,,,,,,,
USC00043491,1991,6,19,,,0.0,0.0,0.0,,,,,,,,,,,
USC00043491,1991,6,2,,,0.0,0.0,0.0,,,,,,,,,,,
USC00043491,1991,6,20,,,0.0,0.0,0.0,,,,,,,,,,,
USC00043491,1991,6,21,,,0.0,0.0,0.0,,,,,,,,,,,
USC00043491,1991,6,22,,,0.0,0.0,0.0,,,,,,,,,,,
USC00043491,1991,6,23,,,0.0,0.0,0.0,,,,,,,,,,,
USC00043491,1991,6,24,,,0.0,0.0,0.0,,,,,,,,,,,
USC00043491,1991,6,25,,,0.0,0.0,0.0,,,,,,,,,,,
USC00043491,1991,6,26,,,0.0,0.0,0.0,,,,,,,,,,,
USC00043491,1991,6,27,,,0.0,0.0,0.0,,,,,,,,,,,
USC00043491,1991,6,28,,,584.0,0.0,0.0,,,,,,,,,,,
USC00043491,1991,6,29,,,0.0,0.0,0.0,,,,,,,,,,,
USC00043491,1991,6,3,,,0.0,0.0,0.0,,,,,,,,,,,
USC00043491,1991,6,30,,,0.0,0.0,0.0,,,,,,,,,,,
USC00043491,1991,6,31,,,-9999.0,-9999.0,-9999.0,,,,,,,,,,,
USC00043491,1991,6,4,,,0.0,0.0,0.0,,,,,,,,,,,
USC00043491,1991,6,5,,,0.0,0.0,0.0,,,,,,,,,,,
USC00043491,1991,6,6,,,0.0,0.0,0.0,,,,,,,,,,,
USC00043491,1991,6,7,,,0.0,0.0,0.0,,,,,,,,,,,
USC00043491,1991,6,8,,,0.0,0.0,0.0,,,,,,,,,,,
USC00043491,1991,6,9,,,0.0,0.0,0.0,,,,,,,,,,,
USC00043491,1991,7,1,,,0.0,0.0,0.0,,,,,,,,,,,
USC00043491,1991,7,10,,,0.0,0.0,0.0,,,,,,,,,,,
USC00043491,1991,7,11,,,0.0,0.0,0.0,,,,,,,,,,,
USC00043491,1991,7,12,,,0.0,0.0,0.0,,,,,,,,,,,
USC00043491,1991,7,13,,,0.0,0.0,0.0,,,,,,,,,,,
USC00043491,1991,7,14,,,0.0,0.0,0.0,,,,,,,,,,,
USC00043491,1991,7,15,,,0.0,0.0,0.0,,,,,,,,,,,
USC00043491,1991,7,16,,,0.0,0.0,0.0,,,,,,,,,,,
USC00043491,1991,7,17,,,0.0,0.0,0.0,,,,,,,,,,,
USC00043491,1991,7,18,,,0.0,0.0,0.0,,,,,,,,,,,
USC00043491,1991,7,19,,,0.0,0.0,0.0,,,,,,,,,,,
USC00043491,1991,7,2,,,0.0,0.0,0.0,,,,,,,,,,,
USC00043491,1991,7,20,,,0.0,0.0,0.0,,,,,,,,,,,
USC00043491,1991,7,21,,,0.0,0.0,0.0,,,,,,,,,,,
USC00043491,1991,7,22,,,0.0,0.0,0.0,,,,,,,,,,,
USC00043491,1991,7,23,,,0.0,0.0,0.0,,,,,,,,,,,
USC00043491,1991,7,24,,,0.0,0.0,0.0,,,,,,,,,,,
USC00043491,1991,7,25,,,0.0,0.0,0.0,,,,,,,,,,,
USC00043491,1991,7,26,,,0.0,0.0,0.0,,,,,,,,,,,
USC00043491,1991,7,27,,,0.0,0.0,0.0,,,,,,,,,,,
USC00043491,1991,7,28,,,0.0,0.0,0.0,,,,,,,,,,,
USC00043491,1991,7,29,,,0.0,0.0,0.0,,,,,,,,,,,
USC00043491,1991,7,3,,,0.0,0.0,0.0,,,,,,,,,,,
USC00043491,1991,7,30,,,0.0,0.0,0.0,,,,,,,,,,,
USC00043491,1991,7,31,,,0.0,0.0,0.0,,,,,,,,,,,
USC00043491,1991,7,4,,,0.0,0.0,0.0,,,,,,,,,,,
USC00043491,1991,7,5,,,0.0,0.0,0.0,,,,,,,,,,,
USC00043491,1991,7,6,,,0.0,0.0,0.0,,,,,,,,,,,
USC00043491,1991,7,7,,,0.0,0.0,0.0,,,,,,,,,,,
USC00043491,1991,7,8,,,0.0,0.0,0.0,,,,,,,,,,,
USC00043491,1991,7,9,,,0.0,0.0,0.0,,,,,,,,,,,
USC00043491,1991,8,1,,,0.0,0.0,0.0,,,,,,,,,,,
USC00043491,1991,8,10,,,0.0,0.0,0.0,,,,,,,,,,,
USC00043491,1991,8,11,,,0.0,0.0,0.0,,,,,,,,,,,
USC00043491,1991,8,12,,,0.0,0.0,0.0,,,,,,,,,,,
USC00043491,1991,8,13,,,71.0,0.0,0.0,,,,,,,,,,,
USC00043491,1991,8,14,,,41.0,0.0,0.0,,,,,,,,,,,
USC00043491,1991,8,15,,,0.0,0.0,0.0,,,,,,,,,,,
USC00043491,1991,8,16,,,0.0,0.0,0.0,,,,,,,,,,,
USC00043491,1991,8,17,,,0.0,0.0,0.0,,,,,,,,,,,
USC00043491,1991,8,18,,,0.0,0.0,0.0,,,,,,,,,,,
USC00043491,1991,8,19,,,0.0,0.0,0.0,,,,,,,,,,,
USC00043491,1991,8,2,,,0.0,0.0,0.0,,,,,,,,,,,
USC00043491,1991,8,20,,,0.0,0.0,0.0,,,,,,,,,,,
USC00043491,1991,8,21,,,0.0,0.0,0.0,,,,,,,,,,,
USC00043491,1991,8,22,,,0.0,0.0,0.0,,,,,,,,,,,
USC00043491,1991,8,23,,,0.0,0.0,0.0,,,,,,,,,,,
USC00043491,1991,8,24,,,0.0,0.0,0.0,,,,,,,,,,,
USC00043491,1991,8,25,,,0.0,0.0,0.0,,,,,,,,,,,
USC00043491,1991,8,26,,,0.0,0.0,0.0,,,,,,,,,,,
USC00043491,1991,8,27,,,0.0,0.0,0.0,,,,,,,,,,,
USC00043491,1991,8,28,,,0.0,0.0,0.0,,,,,,,,,,,
USC00043491,1991,8,29,,,0.0,0.0,0.0,,,,,,,,,,,
USC00043491,1991,8,3,,,0.0,0.0,0.0,,,,,,,,,,,
USC00043491,1991,8,30,,,0.0,0.0,0.0,,,,,,,,,,,
USC00043491,1991,8,31,,,0.0,0.0,0.0,,,,,,,,,,,
USC00043491,1991,8,4,,,0.0,0.0,0.0,,,,,,,,,,,
USC00043491,1991,8,5,,,0.0,0.0,0.0,,,,,,,,,,,
USC00043491,1991,8,6,,,0.0,0.0,0.0,,,,,,,,,,,
USC00043491,1991,8,7,,,0.0,0.0,0.0,,,,,,,,,,,
USC00043491,1991,8,8,,,0.0,0.0,0.0,,,,,,,,,,,
USC00043491,1991,8,9,,,0.0,0.0,0.0,,,,,,,,,,,
USC00043491,1991,9,1,,,0.0,0.0,0.0,,,,,,,,,,,
USC00043491,1991,9,10,,,5.0,0.0,0.0,,,,,,,,,,,
USC00043491,1991,9,11,,,0.0,0.0,0.0,,,,,,,,,,,
USC00043491,1991,9,12,,,0.0,0.0,0.0,,,,,,,,,,,
USC00043491,1991,9,13,,,0.0,0.0,0.0,,,,,,,,,,,
USC00043491,1991,9,14,,,0.0,0.0,0.0,,,,,,,,,,,
USC00043491,1991,9,15,,,0.0,0.0,0.0,,,,,,,,,,,
USC00043491,1991,9,16,,,0.0,0.0,0.0,,,,,,,,,,,
USC00043491,1991,9,17,,,0.0,0.0,0.0,,,,,,,,,,,
USC00043491,1991,9,18,,,0.0,0.0,0.0,,,,,,,,,,,
USC00043491,1991,9,19,,,0.0,0.0,0.0,,,,,,,,,,,
USC00043491,1991,9,2,,,0.0,0.0,0.0,,,,,,,,,,,
USC00043491,1991,9,20,,,0.0,0.0,0.0,,,,,,,,,,,
USC00043491,1991,9,21,,,0.0,0.0,0.0,,,,,,,,,,,
USC00043491,1991,9,22,,,0.0,0.0,0.0,,,,,,,,,,,
USC00043491,1991,9,23,,,0.0,0.0,0.0,,,,,,,,,,,
USC00043491,1991,9,24,,,0.0,0.0,0.0,,,,,,,,,,,
USC00043491,1991,9,25,,,0.0,0.0,0.0,,,,,,,,,,,
USC00043491,1991,9,26,,,10.0,0.0,0.0,,,,,,,,,,,
USC00043491,1991,9,27,,,0.0,0.0,0.0,,,,,,,,,,,
USC00043491,1991,9,28,,,0.0,0.0,0.0,,,,,,,,,,,
USC00043491,1991,9,29,,,0.0,0.0,0.0,,,,,,,,,,,
USC00043491,1991,9,3,,,0.0,0.0,0.0,,,,,,,,,,,
USC00043491,1991,9,30,,,0.0,0.0,0.0,,,,,,,,,,,
USC00043491,1991,9,31,,,-9999.0,-9999.0,-9999.0,,,,,,,,,,,
USC00043491,1991,9,4,,,0.0,0.0,0.0,,,,,,,,,,,
USC00043491,1991,9,5,,,0.0,0.0,0.0,,,,,,,,,,,
USC00043491,1991,9,6,,,0.0,0.0,0.0,,,,,,,,,,,
USC00043491,1991,9,7,,,0.0,0.0,0.0,,,,,,,,,,,
USC00043491,1991,9,8,,,0.0,0.0,0.0,,,,,,,,,,,
USC00043491,1991,9,9,,,0.0,0.0,0.0,,,,,,,,,,,
USC00043491,1991,10,1,,,0.0,0.0,0.0,,,,,,,,,,,
USC00043491,1991,10,10,,,0.0,0.0,0.0,,,,,,,,,,,
USC00043491,1991,10,11,,,0.0,0.0,0.0,,,,,,,,,,,
USC00043491,1991,10,12,,,0.0,0.0,0.0,,,,,,,,,,,
USC00043491,1991,10,13,,,0.0,0.0,0.0,,,,,,,,,,,
USC00043491,1991,10,14,,,0.0,0.0,0.0,,,,,,,,,,,
USC00043491,1991,10,15,,,0.0,0.0,0.0,,,,,,,,,,,
USC00043491,1991,10,16,,,0.0,0.0,0.0,,,,,,,,,,,
USC00043491,1991,10,17,,,0.0,0.0,0.0,,,,,,,,,,,
USC00043491,1991,10,18,,,0.0,0.0,0.0,,,,,,,,,,,
USC00043491,1991,10,19,,,0.0,0.0,0.0,,,,,,,,,,,
USC00043491,1991,10,2,,,0.0,0.0,0.0,,,,,,,,,,,
USC00043491,1991,10,20,,,0.0,0.0,0.0,,,,,,,,,,,
USC00043491,1991,10,21,,,0.0,0.0,0.0,,,,,,,,,,,
USC00043491,1991,10,22,,,33.0,0.0,0.0,,,,,,,,,,,
USC00043491,1991,10,23,,,0.0,0.0,0.0,,,,,,,,,,,
USC00043491,1991,10,24,,,58.0,0.0,0.0,,,,,,,,,,,
USC00043491,1991,10,25,,,747.0,0.0,0.0,,,,,,,,,,,
USC00043491,1991,10,26,,,307.0,0.0,0.0,,,,,,,,,,,
USC00043491,1991,10,27,,,18.0,0.0,0.0,,,,,,,,,,,
USC00043491,1991,10,28,,,0.0,0.0,0.0,,,,,,,,,,,
USC00043491,1991,10,29,,,18.0,0.0,0.0,,,,,,,,,,,
USC00043491,1991,10,3,,,0.0,0.0,0.0,,,,,,,,,,,
USC00043491,1991,10,30,,,0.0,0.0,0.0,,,,,,,,,,,
USC00043491,1991,10,31,,,0.0,0.0,0.0,,,,,,,,,,,
USC00043491,1991,10,4,,,0.0,0.0,0.0,,,,,,,,,,,
USC00043491,1991,10,5,,,0.0,0.0,0.0,,,,,,,,,,,
USC00043491,1991,10,6,,,0.0,0.0,0.0,,,,,,,,,,,
USC00043491,1991,10,7,,,0.0,0.0,0.0,,,,,,,,,,,
USC00043491,1991,10,8,,,0.0,0.0,0.0,,,,,,,,,,,
USC00043491,1991,10,9,,,0.0,0.0,0.0,,,,,,,,,,,
USC00043491,1991,11,1,,,0.0,0.0,0.0,,,,,,,,,,,
USC00043491,1991,11,10,,,0.0,0.0,0.0,,,,,,,,,,,
USC00043491,1991,11,11,,,0.0,0.0,0.0,,,,,,,,,,,
USC00043491,1991,11,12,,,0.0,0.0,0.0,,,,,,,,,,,
USC00043491,1991,11,13,,,0.0,0.0,0.0,,,,,,,,,,,
USC00043491,1991,11,14,,,0.0,0.0,0.0,,,,,,,,,,,
USC00043491,1991,11,15,,,0.0,0.0,0.0,,,,,,,,,,,
USC00043491,1991,11,16,,,0.0,0.0,0.0,,,,,,,,,,,
USC00043491,1991,11,17,,,508.0,0.0,0.0,,,,,,,,,,,
USC00043491,1991,11,18,,,0.0,0.0,0.0,,,,,,,,,,,
USC00043491,1991,11,19,,,0.0,0.0,0.0,,,,,,,,,,,
USC00043491,1991,11,2,,,0.0,0.0,0.0,,,,,,,,,,,
USC00043491,1991,11,20,,,61.0,0.0,0.0,,,,,,,,,,,
USC00043491,1991,11,21,,,3.0,0.0,0.0,,,,,,,,,,,
USC00043491,1991,11,22,,,0.0,0.0,0.0,,,,,,,,,,,
USC00043491,1991,11,23,,,0.0,0.0,0.0,,,,,,,,,,,
USC00043491,1991,11,24,,,0.0,0.0,0.0,,,,,,,,,,,
USC00043491,1991,11,25,,,0.0,0.0,0.0,,,,,,,,,,,
USC00043491,1991,11,26,,,140.0,0.0,0.0,,,,,,,,,,,
USC00043491,1991,11,27,,,0.0,0.0,0.0,,,,,,,,,,,
USC00043491,1991,11,28,,,0.0,0.0,0.0,,,,,,,,,,,
USC00043491,1991,11,29,,,0.0,0.0,0.0,,,,,,,,,,,
USC00043491,1991,11,3,,,0.0,0.0,0.0,,,,,,,,,,,
USC00043491,1991,11,30,,,0.0,0.0,0.0,,,,,,,,,,,
USC00043491,1991,11,31,,,-9999.0,-9999.0,-9999.0,,,,,,,,,,,
USC00043491,1991,11,4,,,0.0,0.0,0.0,,,,,,,,,,,
USC00043491,1991,11,5,,,0.0,0.0,0.0,,,,,,,,,,,
USC00043491,1991,11,6,,,0.0,0.0,0.0,,,,,,,,,,,
USC00043491,1991,11,7,,,0.0,0.0,0.0,,,,,,,,,,,
USC00043491,1991,11,8,,,36.0,0.0,0.0,,,,,,,,,,,
USC00043491,1991,11,9,,,0.0,0.0,0.0,,,,,,,,,,,
USC00043491,1991,12,1,,,0.0,0.0,0.0,,,,,,,,,,,
USC00043491,1991,12,10,,,0.0,0.0,0.0,,,,,,,,,,,
USC00043491,1991,12,11,,,0.0,0.0,0.0,,,,,,,,,,,
USC00043491,1991,12,12,,,0.0,0.0,0.0,,,,,,,,,,,
USC00043491,1991,12,13,,,0.0,0.0,0.0,,,,,,,,,,,
USC00043491,1991,12,14,,,0.0,0.0,0.0,,,,,,,,,,,
USC00043491,1991,12,15,,,0.0,0.0,0.0,,,,,,,,,,,
USC00043491,1991,12,16,,,0.0,0.0,0.0,,,,,,,,,,,
USC00043491,1991,12,17,,,188.0,0.0,0.0,,,,,,,,,,,
USC00043491,1991,12,18,,,208.0,0.0,0.0,,,,,,,,,,,
USC00043491,1991,12,19,,,0.0,0.0,0.0,,,,,,,,,,,
USC00043491,1991,12,2,,,0.0,0.0,0.0,,,,,,,,,,,
USC00043491,1991,12,20,,,0.0,0.0,0.0,,,,,,,,,,,
USC00043491,1991,12,21,,,0.0,0.0,0.0,,,,,,,,,,,
USC00043491,1991,12,22,,,0.0,0.0,0.0,,,,,,,,,,,
USC00043491,1991,12,23,,,0.0,0.0,0.0,,,,,,,,,,,
USC00043491,1991,12,24,,,0.0,0.0,0.0,,,,,,,,,,,
USC00043491,1991,12,25,,,0.0,0.0,0.0,,,,,,,,,,,
USC00043491,1991,12,26,,,0.0,0.0,0.0,,,,,,,,,,,
USC00043491,1991,12,27,,,58.0,0.0,0.0,,,,,,,,,,,
USC00043491,1991,12,28,,,259.0,0.0,0.0,,,,,,,,,,,
USC00043491,1991,12,29,,,211.0,0.0,0.0,,,,,,,,,,,
USC00043491,1991,12,3,,,0.0,0.0,0.0,,,,,,,,,,,
USC00043491,1991,12,30,,,30.0,0.0,0.0,,,,,,,,,,,
USC00043491,1991,12,31,,,0.0,0.0,0.0,,,,,,,,,,,
USC00043491,1991,12,4,,,0.0,0.0,0.0,,,,,,,,,,,
USC00043491,1991,12,5,,,0.0,0.0,0.0,,,,,,,,,,,
USC00043491,1991,12,6,,,0.0,0.0,0.0,,,,,,,,,,,
USC00043491,1991,12,7,,,188.0,0.0,0.0,,,,,,,,,,,
USC00043491,1991,12,8,,,0.0,0.0,0.0,,,,,,,,,,,
USC00043491,1991,12,9,,,0.0,0.0,0.0,,,,,,,,,,,
USC00043491,1992,1,1,,,0.0,0.0,0.0,,,,,,,,,,,
USC00043491,1992,1,10,,,0.0,0.0,0.0,,,,,,,,,,,
USC00043491,1992,1,11,,,0.0,0.0,0.0,,,,,,,,,,,
USC00043491,1992,1,12,,,0.0,0.0,0.0,,,,,,,,,,,
USC00043491,1992,1,13,,,0.0,0.0,0.0,,,,,,,,,,,
USC00043491,1992,1,14,,,0.0,0.0,0.0,,,,,,,,,,,
USC00043491,1992,1,15,,,0.0,0.0,0.0,,,,,,,,,,,
USC00043491,1992,1,16,,,0.0,0.0,0.0,,,,,,,,,,,
USC00043491,1992,1,17,,,0.0,0.0,0.0,,,,,,,,,,,
USC00043491,1992,1,18,,,0.0,0.0,0.0,,,,,,,,,,,
USC00043491,1992,1,19,,,0.0,0.0,0.0,,,,,,,,,,,
USC00043491,1992,1,2,,,0.0,0.0,0.0,,,,,,,,,,,
USC00043491,1992,1,20,,,0.0,0.0,0.0,,,,,,,,,,,
USC00043491,1992,1,21,,,0.0,0.0,0.0,,,,,,,,,,,
USC00043491,1992,1,22,,,0.0,0.0,0.0,,,,,,,,,,,
USC00043491,1992,1,23,,,0.0,0.0,0.0,,,,,,,,,,,
USC00043491,1992,1,24,,,0.0,0.0,0.0,,,,,,,,,,,
USC00043491,1992,1,25,,,0.0,0.0,0.0,,,,,,,,,,,
USC00043491,1992,1,26,,,0.0,0.0,0.0,,,,,,,,,,,
USC00043491,1992,1,27,,,97.0,0.0,0.0,,,,,,,,,,,
USC00043491,1992,1,28,,,0.0,0.0,0.0,,,,,,,,,,,
USC00043491,1992,1,29,,,0.0,0.0,0.0,,,,,,,,,,,
USC00043491,1992,1,3,,,0.0,0.0,0.0,,,,,,,,,,,
USC00043491,1992,1,30,,,0.0,0.0,0.0,,,,,,,,,,,
USC00043491,1992,1,31,,,0.0,0.0,0.0,,,,,,,,,,,
USC00043491,1992,1,4,,,0.0,0.0,0.0,,,,,,,,,,,
USC00043491,1992,1,5,,,282.0,-9999.0,-9999.0,,,,,,,,,,,
USC00043491,1992,1,6,,,160.0,0.0,0.0,,,,,,,,,,,
USC00043491,1992,1,7,,,211.0,0.0,0.0,,,,,,,,,,,
USC00043491,1992,1,8,,,0.0,0.0,0.0,,,,,,,,,,,
USC00043491,1992,1,9,,,0.0,0.0,0.0,,,,,,,,,,,
USC00043491,1992,2,1,,,114.0,0.0,0.0,,,,,,,,,,,
USC00043491,1992,2,10,,,224.0,0.0,0.0,,,,,,,,,,,
USC00043491,1992,2,11,,,188.0,0.0,0.0,,,,,,,,,,,
USC00043491,1992,2,12,,,424.0,0.0,0.0,,,,,,,,,,,
USC00043491,1992,2,13,,,203.0,0.0,0.0,,,,,,,,,,,
USC00043491,1992,2,14,,,208.0,-9999.0,-9999.0,,,,,,,,,,,
USC00043491,1992,2,15,,,366.0,-9999.0,-9999.0,,,,,,,,,,,
USC00043491,1992,2,16,,,406.0,-9999.0,-9999.0,,,,,,,,,,,
USC00043491,1992,2,17,,,112.0,0.0,-9999.0,,,,,,,,,,,
USC00043491,1992,2,18,,,188.0,0.0,-9999.0,,,,,,,,,,,
USC00043491,1992,2,19,,,396.0,0.0,-9999.0,,,,,,,,,,,
USC00043491,1992,2,2,,,0.0,0.0,0.0,,,,,,,,,,,
USC00043491,1992,2,20,,,0.0,0.0,-9999.0,,,,,,,,,,,
USC00043491,1992,2,21,,,226.0,0.0,-9999.0,,,,,,,,,,,
USC00043491,1992,2,22,,,0.0,0.0,-9999.0,,,,,,,,,,,
USC00043491,1992,2,23,,,0.0,0.0,-9999.0,,,,,,,,,,,
USC00043491,1992,2,24,,,0.0,0.0,-9999.0,,,,,,,,,,,
USC00043491,1992,2,25,,,0.0,0.0,-9999.0,,,,,,,,,,,
USC00043491,1992,2,26,,,0.0,0.0,-9999.0,,,,,,,,,,,
USC00043491,1992,2,27,,,0.0,0.0,-9999.0,,,,,,,,,,,
USC00043491,1992,2,28,,,0.0,0.0,-9999.0,,,,,,,,,,,
USC00043491,1992,2,29,,,8.0,0.0,0.0,,,,,,,,,,,
USC00043491,1992,2,3,,,0.0,0.0,0.0,,,,,,,,,,,
USC00043491,1992,2,30,,,-9999.0,-9999.0,-9999.0,,,,,,,,,,,
USC00043491,1992,2,31,,,-9999.0,-9999.0,-9999.0,,,,,,,,,,,
USC00043491,1992,2,4,,,10.0,0.0,0.0,,,,,,,,,,,
USC00043491,1992,2,5,,,0.0,0.0,0.0,,,,,,,,,,,
USC00043491,1992,2,6,,,0.0,0.0,0.0,,,,,,,,,,,
USC00043491,1992,2,7,,,224.0,0.0,0.0,,,,,,,,,,,
USC00043491,1992,2,8,,,20.0,0.0,0.0,,,,,,,,,,,
USC00043491,1992,2,9,,,30.0,0.0,0.0,,,,,,,,,,,
USC00043491,1992,3,1,,,0.0,0.0,0.0,,,,,,,,,,,
USC00043491,1992,3,10,,,0.0,0.0,0.0,,,,,,,,,,,
USC00043491,1992,3,11,,,0.0,0.0,0.0,,,,,,,,,,,
USC00043491,1992,3,12,,,0.0,0.0,0.0,,,,,,,,,,,
USC00043491,1992,3,13,,,0.0,0.0,0.0,,,,,,,,,,,
USC00043491,1992,3,14,,,89.0,0.0,0.0,,,,,,,,,,,
USC00043491,1992,3,15,,,163.0,0.0,0.0,,,,,,,,,,,
USC00043491,1992,3,16,,,168.0,0.0,0.0,,,,,,,,,,,
USC00043491,1992,3,17,,,10.0,0.0,0.0,,,,,,,,,,,
USC00043491,1992,3,18,,,0.0,0.0,0.0,,,,,,,,,,,
USC00043491,1992,3,19,,,0.0,0.0,0.0,,,,,,,,,,,
USC00043491,1992,3,2,,,0.0,0.0,0.0,,,,,,,,,,,
USC00043491,1992,3,20,,,0.0,0.0,0.0,,,,,,,,,,,
USC00043491,1992,3,21,,,0.0,0.0,0.0,,,,,,,,,,,
USC00043491,1992,3,22,,,117.0,0.0,0.0,,,,,,,,,,,
USC00043491,1992,3,23,,,0.0,0.0,0.0,,,,,,,,,,,
USC00043491,1992,3,24,,,0.0,0.0,0.0,,,,,,,,,,,
USC00043491,1992,3,25,,,203.0,0.0,0.0,,,,,,,,,,,
USC00043491,1992,3,26,,,0.0,0.0,0.0,,,,,,,,,,,
USC00043491,1992,3,27,,,0.0,0.0,0.0,,,,,,,,,,,
USC00043491,1992,3,28,,,0.0,0.0,0.0,,,,,,,,,,,
USC00043491,1992,3,29,,,0.0,0.0,0.0,,,,,,,,,,,
USC00043491,1992,3,3,,,0.0,0.0,0.0,,,,,,,,,,,
USC00043491,1992,3,30,,,10.0,0.0,0.0,,,,,,,,,,,
USC00043491,1992,3,31,,,0.0,0.0,0.0,,,,,,,,,,,
USC00043491,1992,3,4,,,0.0,0.0,0.0,,,,,,,,,,,
USC00043491,1992,3,5,,,526.0,0.0,0.0,,,,,,,,,,,
USC00043491,1992,3,6,,,213.0,0.0,0.0,,,,,,,,,,,
USC00043491,1992,3,7,,,0.0,0.0,0.0,,,,,,,,,,,
USC00043491,1992,3,8,,,5.0,0.0,0.0,,,,,,,,,,,
USC00043491,1992,3,9,,,0.0,0.0,0.0,,,,,,,,,,,
USC00043491,1992,4,1,,,0.0,0.0,0.0,,,,,,,,,,,
USC00043491,1992,4,10,,,0.0,0.0,0.0,,,,,,,,,,,
USC00043491,1992,4,11,,,0.0,0.0,0.0,,,,,,,,,,,
USC00043491,1992,4,12,,,411.0,0.0,0.0,,,,,,,,,,,
USC00043491,1992,4,13,,,137.0,0.0,0.0,,,,,,,,,,,
USC00043491,1992,4,14,,,0.0,0.0,0.0,,,,,,,,,,,
USC00043491,1992,4,15,,,0.0,0.0,0.0,,,,,,,,,,,
USC00043491,1992,4,16,,,0.0,0.0,0.0,,,,,,,,,,,
USC00043491,1992,4,17,,,0.0,0.0,0.0,,,,,,,,,,,
USC00043491,1992,4,18,,,0.0,0.0,0.0,,,,,,,,,,,
USC00043491,1992,4,19,,,0.0,0.0,0.0,,,,,,,,,,,
USC00043491,1992,4,2,,,0.0,0.0,0.0,,,,,,,,,,,
USC00043491,1992,4,20,,,0.0,0.0,0.0,,,,,,,,,,,
USC00043491,1992,4,21,,,0.0,0.0,0.0,,,,,,,,,,,
USC00043491,1992,4,22,,,0.0,0.0,0.0,,,,,,,,,,,
USC00043491,1992,4,23,,,0.0,0.0,0.0,,,,,,,,,,,
USC00043491,1992,4,24,,,0.0,0.0,0.0,,,,,,,,,,,
USC00043491,1992,4,25,,,0.0,0.0,0.0,,,,,,,,,,,
USC00043491,1992,4,26,,,0.0,0.0,0.0,,,,,,,,,,,
USC00043491,1992,4,27,,,0.0,0.0,0.0,,,,,,,,,,,
USC00043491,1992,4,28,,,0.0,0.0,0.0,,,,,,,,,,,
USC00043491,1992,4,29,,,0.0,0.0,0.0,,,,,,,,,,,
USC00043491,1992,4,3,,,0.0,0.0,0.0,,,,,,,,,,,
USC00043491,1992,4,30,,,0.0,0.0,0.0,,,,,,,,,,,
USC00043491,1992,4,31,,,-9999.0,-9999.0,-9999.0,,,,,,,,,,,
USC00043491,1992,4,4,,,0.0,0.0,0.0,,,,,,,,,,,
USC00043491,1992,4,5,,,0.0,0.0,0.0,,,,,,,,,,,
USC00043491,1992,4,6,,,0.0,0.0,0.0,,,,,,,,,,,
USC00043491,1992,4,7,,,0.0,0.0,0.0,,,,,,,,,,,
USC00043491,1992,4,8,,,0.0,0.0,0.0,,,,,,,,,,,
USC00043491,1992,4,9,,,0.0,0.0,0.0,,,,,,,,,,,
USC00043491,1992,5,1,,,0.0,0.0,0.0,,,,,-9999.0,,,,,,
USC00043491,1992,5,10,,,0.0,0.0,0.0,,,,,-9999.0,,,,,,
USC00043491,1992,5,11,,,0.0,0.0,0.0,,,,,-9999.0,,,,,,
USC00043491,1992,5,12,,,0.0,0.0,0.0,,,,,-9999.0,,,,,,
USC00043491,1992,5,13,,,0.0,0.0,0.0,,,,,-9999.0,,,,,,
USC00043491,1992,5,14,,,0.0,0.0,0.0,,,,,-9999.0,,,,,,
USC00043491,1992,5,15,,,0.0,0.0,0.0,,,,,-9999.0,,,,,,
USC00043491,1992,5,16,,,0.0,0.0,0.0,,,,,-9999.0,,,,,,
USC00043491,1992,5,17,,,0.0,0.0,0.0,,,,,-9999.0,,,,,,
USC00043491,1992,5,18,,,0.0,0.0,0.0,,,,,-9999.0,,,,,,
USC00043491,1992,5,19,,,0.0,0.0,0.0,,,,,-9999.0,,,,,,
USC00043491,1992,5,2,,,0.0,0.0,0.0,,,,,-9999.0,,,,,,
USC00043491,1992,5,20,,,0.0,0.0,0.0,,,,,-9999.0,,,,,,
USC00043491,1992,5,21,,,0.0,0.0,0.0,,,,,-9999.0,,,,,,
USC00043491,1992,5,22,,,0.0,0.0,0.0,,,,,-9999.0,,,,,,
USC00043491,1992,5,23,,,0.0,0.0,0.0,,,,,-9999.0,,,,,,
USC00043491,1992,5,24,,,0.0,0.0,0.0,,,,,-9999.0,,,,,,
USC00043491,1992,5,25,,,0.0,0.0,0.0,,,,,-9999.0,,,,,,
USC00043491,1992,5,26,,,0.0,0.0,0.0,,,,,-9999.0,,,,,,
USC00043491,1992,5,27,,,0.0,0.0,0.0,,,,,-9999.0,,,,,,
USC00043491,1992,5,28,,,0.0,0.0,0.0,,,,,-9999.0,,,,,,
USC00043491,1992,5,29,,,0.0,0.0,0.0,,,,,-9999.0,,,,,,
USC00043491,1992,5,3,,,0.0,0.0,0.0,,,,,-9999.0,,,,,,
USC00043491,1992,5,30,,,0.0,0.0,0.0,,,,,-9999.0,,,,,,
USC00043491,1992,5,31,,,0.0,0.0,0.0,,,,,-9999.0,,,,,,
USC00043491,1992,5,4,,,0.0,0.0,0.0,,,,,-9999.0,,,,,,
USC00043491,1992,5,5,,,0.0,0.0,0.0,,,,,-9999.0,,,,,,
USC00043491,1992,5,6,,,0.0,0.0,0.0,,,,,-9999.0,,,,,,
USC00043491,1992,5,7,,,79.0,0.0,0.0,,,,,1.0,,,,,,
USC00043491,1992,5,8,,,0.0,0.0,0.0,,,,,-9999.0,,,,,,
USC00043491,1992,5,9,,,0.0,0.0,0.0,,,,,-9999.0,,,,,,
USC00043491,1992,6,1,,,0.0,0.0,0.0,,,,,-9999.0,,,,,,
USC00043491,1992,6,10,,,0.0,0.0,0.0,,,,,-9999.0,,,,,,
USC00043491,1992,6,11,,,0.0,0.0,0.0,,,,,-9999.0,,,,,,
USC00043491,1992,6,12,,,0.0,0.0,0.0,,,,,-9999.0,,,,,,
USC00043491,1992,6,13,,,0.0,0.0,0.0,,,,,-9999.0,,,,,,
USC00043491,1992,6,14,,,0.0,0.0,0.0,,,,,-9999.0,,,,,,
USC00043491,1992,6,15,,,38.0,0.0,0.0,,,,,1.0,,,,,,
USC00043491,1992,6,16,,,0.0,0.0,0.0,,,,,-9999.0,,,,,,
USC00043491,1992,6,17,,,0.0,0.0,0.0,,,,,-9999.0,,,,,,
USC00043491,1992,6,18,,,0.0,0.0,0.0,,,,,-9999.0,,,,,,
USC00043491,1992,6,19,,,0.0,0.0,0.0,,,,,-9999.0,,,,,,
USC00043491,1992,6,2,,,0.0,0.0,0.0,,,,,-9999.0,,,,,,
USC00043491,1992,6,20,,,0.0,0.0,0.0,,,,,-9999.0,,,,,,
USC00043491,1992,6,21,,,0.0,0.0,0.0,,,,,-9999.0,,,,,,
USC00043491,1992,6,22,,,0.0,0.0,0.0,,,,,-9999.0,,,,,,
USC00043491,1992,6,23,,,0.0,0.0,0.0,,,,,-9999.0,,,,,,
USC00043491,1992,6,24,,,25.0,0.0,0.0,,,,,1.0,,,,,,
USC00043491,1992,6,25,,,0.0,0.0,0.0,,,,,-9999.0,,,,,,
USC00043491,1992,6,26,,,0.0,0.0,0.0,,,,,-9999.0,,,,,,
USC00043491,1992,6,27,,,0.0,0.0,0.0,,,,,-9999.0,,,,,,
USC00043491,1992,6,28,,,0.0,0.0,0.0,,,,,-9999.0,,,,,,
USC00043491,1992,6,29,,,356.0,0.0,0.0,,,,,-9999.0,,,,,,
USC00043491,1992,6,3,,,0.0,0.0,0.0,,,,,-9999.0,,,,,,
USC00043491,1992,6,30,,,76.0,0.0,0.0,,,,,-9999.0,,,,,,
USC00043491,1992,6,31,,,-9999.0,-9999.0,-9999.0,,,,,-9999.0,,,,,,
USC00043491,1992,6,4,,,0.0,0.0,0.0,,,,,-9999.0,,,,,,
USC00043491,1992,6,5,,,0.0,0.0,0.0,,,,,-9999.0,,,,,,
USC00043491,1992,6,6,,,0.0,0.0,0.0,,,,,-9999.0,,,,,,
USC00043491,1992,6,7,,,0.0,0.0,0.0,,,,,-9999.0,,,,,,
USC00043491,1992,6,8,,,0.0,0.0,0.0,,,,,-9999.0,,,,,,
USC00043491,1992,6,9,,,0.0,0.0,0.0,,,,,-9999.0,,,,,,
USC00043491,1992,7,1,,,0.0,0.0,0.0,,,,,,,,,,,
USC00043491,1992,7,10,,,0.0,0.0,0.0,,,,,,,,,,,
USC00043491,1992,7,11,,,0.0,0.0,0.0,,,,,,,,,,,
USC00043491,1992,7,12,,,0.0,0.0,0.0,,,,,,,,,,,
USC00043491,1992,7,13,,,0.0,0.0,0.0,,,,,,,,,,,
USC00043491,1992,7,14,,,0.0,0.0,0.0,,,,,,,,,,,
USC00043491,1992,7,15,,,0.0,0.0,0.0,,,,,,,,,,,
USC00043491,1992,7,16,,,0.0,0.0,0.0,,,,,,,,,,,
USC00043491,1992,7,17,,,0.0,0.0,0.0,,,,,,,,,,,
USC00043491,1992,7,18,,,0.0,0.0,0.0,,,,,,,,,,,
USC00043491,1992,7,19,,,0.0,0.0,0.0,,,,,,,,,,,
USC00043491,1992,7,2,,,0.0,0.0,0.0,,,,,,,,,,,
USC00043491,1992,7,20,,,0.0,0.0,0.0,,,,,,,,,,,
USC00043491,1992,7,21,,,0.0,0.0,0.0,,,,,,,,,,,
USC00043491,1992,7,22,,,0.0,0.0,0.0,,,,,,,,,,,
USC00043491,1992,7,23,,,0.0,0.0,0.0,,,,,,,,,,,
USC00043491,1992,7,24,,,0.0,0.0,0.0,,,,,,,,,,,
USC00043491,1992,7,25,,,0.0,0.0,0.0,,,,,,,,,,,
USC00043491,1992,7,26,,,0.0,0.0,0.0,,,,,,,,,,,
USC00043491,1992,7,27,,,0.0,0.0,0.0,,,,,,,,,,,
USC00043491,1992,7,28,,,0.0,0.0,0.0,,,,,,,,,,,
USC00043491,1992,7,29,,,0.0,0.0,0.0,,,,,,,,,,,
USC00043491,1992,7,3,,,0.0,0.0,0.0,,,,,,,,,,,
USC00043491,1992,7,30,,,0.0,0.0,0.0,,,,,,,,,,,
USC00043491,1992,7,31,,,0.0,0.0,0.0,,,,,,,,,,,
USC00043491,1992,7,4,,,0.0,0.0,0.0,,,,,,,,,,,
USC00043491,1992,7,5,,,0.0,0.0,0.0,,,,,,,,,,,
USC00043491,1992,7,6,,,0.0,0.0,0.0,,,,,,,,,,,
USC00043491,1992,7,7,,,0.0,0.0,0.0,,,,,,,,,,,
USC00043491,1992,7,8,,,0.0,0.0,0.0,,,,,,,,,,,
USC00043491,1992,7,9,,,0.0,0.0,0.0,,,,,,,,,,,
USC00043491,1992,8,1,,,0.0,0.0,0.0,,,,,,,,,,,
USC00043491,1992,8,10,,,0.0,0.0,0.0,,,,,,,,,,,
USC00043491,1992,8,11,,,0.0,0.0,0.0,,,,,,,,,,,
USC00043491,1992,8,12,,,0.0,0.0,0.0,,,,,,,,,,,
USC00043491,1992,8,13,,,0.0,0.0,0.0,,,,,,,,,,,
USC00043491,1992,8,14,,,0.0,0.0,0.0,,,,,,,,,,,
USC00043491,1992,8,15,,,0.0,0.0,0.0,,,,,,,,,,,
USC00043491,1992,8,16,,,0.0,0.0,0.0,,,,,,,,,,,
USC00043491,1992,8,17,,,0.0,0.0,0.0,,,,,,,,,,,
USC00043491,1992,8,18,,,0.0,0.0,0.0,,,,,,,,,,,
USC00043491,1992,8,19,,,0.0,0.0,0.0,,,,,,,,,,,
USC00043491,1992,8,2,,,0.0,0.0,0.0,,,,,,,,,,,
USC00043491,1992,8,20,,,0.0,0.0,0.0,,,,,,,,,,,
USC00043491,1992,8,21,,,0.0,0.0,0.0,,,,,,,,,,,
USC00043491,1992,8,22,,,0.0,0.0,0.0,,,,,,,,,,,
USC00043491,1992,8,23,,,0.0,0.0,0.0,,,,,,,,,,,
USC00043491,1992,8,24,,,0.0,0.0,0.0,,,,,,,,,,,
USC00043491,1992,8,25,,,0.0,0.0,0.0,,,,,,,,,,,
USC00043491,1992,8,26,,,0.0,0.0,0.0,,,,,,,,,,,
USC00043491,1992,8,27,,,0.0,0.0,0.0,,,,,,,,,,,
USC00043491,1992,8,28,,,0.0,0.0,0.0,,,,,,,,,,,
USC00043491,1992,8,29,,,0.0,0.0,0.0,,,,,,,,,,,
USC00043491,1992,8,3,,,0.0,0.0,0.0,,,,,,,,,,,
USC00043491,1992,8,30,,,0.0,0.0,0.0,,,,,,,,,,,
USC00043491,1992,8,31,,,0.0,0.0,0.0,,,,,,,,,,,
USC00043491,1992,8,4,,,0.0,0.0,0.0,,,,,,,,,,,
USC00043491,1992,8,5,,,0.0,0.0,0.0,,,,,,,,,,,
USC00043491,1992,8,6,,,0.0,0.0,0.0,,,,,,,,,,,
USC00043491,1992,8,7,,,0.0,0.0,0.0,,,,,,,,,,,
USC00043491,1992,8,8,,,0.0,0.0,0.0,,,,,,,,,,,
USC00043491,1992,8,9,,,0.0,0.0,0.0,,,,,,,,,,,
USC00043491,1992,9,1,,,0.0,0.0,0.0,,,,,,,,,,,
USC00043491,1992,9,10,,,0.0,0.0,0.0,,,,,,,,,,,
USC00043491,1992,9,11,,,0.0,0.0,0.0,,,,,,,,,,,
USC00043491,1992,9,12,,,0.0,0.0,0.0,,,,,,,,,,,
USC00043491,1992,9,13,,,0.0,0.0,0.0,,,,,,,,,,,
USC00043491,1992,9,14,,,0.0,0.0,0.0,,,,,,,,,,,
USC00043491,1992,9,15,,,0.0,0.0,0.0,,,,,,,,,,,
USC00043491,1992,9,16,,,0.0,0.0,0.0,,,,,,,,,,,
USC00043491,1992,9,17,,,0.0,0.0,0.0,,,,,,,,,,,
USC00043491,1992,9,18,,,0.0,0.0,0.0,,,,,,,,,,,
USC00043491,1992,9,19,,,0.0,0.0,0.0,,,,,,,,,,,
USC00043491,1992,9,2,,,0.0,0.0,0.0,,,,,,,,,,,
USC00043491,1992,9,20,,,0.0,0.0,0.0,,,,,,,,,,,
USC00043491,1992,9,21,,,0.0,0.0,0.0,,,,,,,,,,,
USC00043491,1992,9,22,,,0.0,0.0,0.0,,,,,,,,,,,
USC00043491,1992,9,23,,,0.0,0.0,0.0,,,,,,,,,,,
USC00043491,1992,9,24,,,0.0,0.0,0.0,,,,,,,,,,,
USC00043491,1992,9,25,,,0.0,0.0,0.0,,,,,,,,,,,
USC00043491,1992,9,26,,,0.0,0.0,0.0,,,,,,,,,,,
USC00043491,1992,9,27,,,0.0,0.0,0.0,,,,,,,,,,,
USC00043491,1992,9,28,,,0.0,0.0,0.0,,,,,,,,,,,
USC00043491,1992,9,29,,,0.0,0.0,0.0,,,,,,,,,,,
USC00043491,1992,9,3,,,0.0,0.0,0.0,,,,,,,,,,,
USC00043491,1992,9,30,,,0.0,0.0,0.0,,,,,,,,,,,
USC00043491,1992,9,31,,,-9999.0,-9999.0,-9999.0,,,,,,,,,,,
USC00043491,1992,9,4,,,0.0,0.0,0.0,,,,,,,,,,,
USC00043491,1992,9,5,,,0.0,0.0,0.0,,,,,,,,,,,
USC00043491,1992,9,6,,,0.0,0.0,0.0,,,,,,,,,,,
USC00043491,1992,9,7,,,0.0,0.0,0.0,,,,,,,,,,,
USC00043491,1992,9,8,,,0.0,0.0,0.0,,,,,,,,,,,
USC00043491,1992,9,9,,,0.0,0.0,0.0,,,,,,,,,,,
USC00043491,1992,10,1,,,0.0,0.0,0.0,,,,,,,,,,,
USC00043491,1992,10,10,,,0.0,0.0,0.0,,,,,,,,,,,
USC00043491,1992,10,11,,,0.0,0.0,0.0,,,,,,,,,,,
USC00043491,1992,10,12,,,0.0,0.0,0.0,,,,,,,,,,,
USC00043491,1992,10,13,,,0.0,0.0,0.0,,,,,,,,,,,
USC00043491,1992,10,14,,,0.0,0.0,0.0,,,,,,,,,,,
USC00043491,1992,10,15,,,0.0,0.0,0.0,,,,,,,,,,,
USC00043491,1992,10,16,,,0.0,0.0,0.0,,,,,,,,,,,
USC00043491,1992,10,17,,,0.0,0.0,0.0,,,,,,,,,,,
USC00043491,1992,10,18,,,0.0,0.0,0.0,,,,,,,,,,,
USC00043491,1992,10,19,,,0.0,0.0,0.0,,,,,,,,,,,
USC00043491,1992,10,2,,,0.0,0.0,0.0,,,,,,,,,,,
USC00043491,1992,10,20,,,0.0,0.0,0.0,,,,,,,,,,,
USC00043491,1992,10,21,,,193.0,0.0,0.0,,,,,,,,,,,
USC00043491,1992,10,22,,,0.0,0.0,0.0,,,,,,,,,,,
USC00043491,1992,10,23,,,0.0,0.0,0.0,,,,,,,,,,,
USC00043491,1992,10,24,,,0.0,0.0,0.0,,,,,,,,,,,
USC00043491,1992,10,25,,,0.0,0.0,0.0,,,,,,,,,,,
USC00043491,1992,10,26,,,0.0,0.0,0.0,,,,,,,,,,,
USC00043491,1992,10,27,,,0.0,0.0,0.0,,,,,,,,,,,
USC00043491,1992,10,28,,,185.0,0.0,0.0,,,,,,,,,,,
USC00043491,1992,10,29,,,323.0,0.0,0.0,,,,,,,,,,,
USC00043491,1992,10,3,,,0.0,0.0,0.0,,,,,,,,,,,
USC00043491,1992,10,30,,,401.0,0.0,0.0,,,,,,,,,,,
USC00043491,1992,10,31,,,61.0,0.0,0.0,,,,,,,,,,,
USC00043491,1992,10,4,,,0.0,0.0,0.0,,,,,,,,,,,
USC00043491,1992,10,5,,,0.0,0.0,0.0,,,,,,,,,,,
USC00043491,1992,10,6,,,0.0,0.0,0.0,,,,,,,,,,,
USC00043491,1992,10,7,,,0.0,0.0,0.0,,,,,,,,,,,
USC00043491,1992,10,8,,,0.0,0.0,0.0,,,,,,,,,,,
USC00043491,1992,10,9,,,0.0,0.0,0.0,,,,,,,,,,,
USC00043491,1992,11,1,,,5.0,0.0,0.0,,,,,,,,,,,
USC00043491,1992,11,10,,,0.0,0.0,0.0,,,,,,,,,,,
USC00043491,1992,11,11,,,0.0,0.0,0.0,,,,,,,,,,,
USC00043491,1992,11,12,,,0.0,0.0,0.0,,,,,,,,,,,
USC00043491,1992,11,13,,,0.0,0.0,0.0,,,,,,,,,,,
USC00043491,1992,11,14,,,0.0,0.0,0.0,,,,,,,,,,,
USC00043491,1992,11,15,,,0.0,0.0,0.0,,,,,,,,,,,
USC00043491,1992,11,16,,,0.0,0.0,0.0,,,,,,,,,,,
USC00043491,1992,11,17,,,0.0,0.0,0.0,,,,,,,,,,,
USC00043491,1992,11,18,,,0.0,0.0,0.0,,,,,,,,,,,
USC00043491,1992,11,19,,,61.0,0.0,0.0,,,,,,,,,,,
USC00043491,1992,11,2,,,0.0,0.0,0.0,,,,,,,,,,,
USC00043491,1992,11,20,,,0.0,0.0,0.0,,,,,,,,,,,
USC00043491,1992,11,21,,,43.0,0.0,0.0,,,,,,,,,,,
USC00043491,1992,11,22,,,76.0,0.0,0.0,,,,,,,,,,,
USC00043491,1992,11,23,,,0.0,0.0,0.0,,,,,,,,,,,
USC00043491,1992,11,24,,,0.0,0.0,0.0,,,,,,,,,,,
USC00043491,1992,11,25,,,0.0,0.0,0.0,,,,,,,,,,,
USC00043491,1992,11,26,,,0.0,0.0,0.0,,,,,,,,,,,
USC00043491,1992,11,27,,,20.0,0.0,0.0,,,,,,,,,,,
USC00043491,1992,11,28,,,0.0,0.0,0.0,,,,,,,,,,,
USC00043491,1992,11,29,,,0.0,0.0,0.0,,,,,,,,,,,
USC00043491,1992,11,3,,,0.0,0.0,0.0,,,,,,,,,,,
USC00043491,1992,11,30,,,0.0,0.0,0.0,,,,,,,,,,,
USC00043491,1992,11,31,,,-9999.0,-9999.0,-9999.0,,,,,,,,,,,
USC00043491,1992,11,4,,,0.0,0.0,0.0,,,,,,,,,,,
USC00043491,1992,11,5,,,0.0,0.0,0.0,,,,,,,,,,,
USC00043491,1992,11,6,,,0.0,0.0,0.0,,,,,,,,,,,
USC00043491,1992,11,7,,,0.0,0.0,0.0,,,,,,,,,,,
USC00043491,1992,11,8,,,0.0,0.0,0.0,,,,,,,,,,,
USC00043491,1992,11,9,,,0.0,0.0,0.0,,,,,,,,,,,
USC00043491,1992,12,1,,,0.0,0.0,0.0,,,,,,-9999.0,-9999.0,,,,
USC00043491,1992,12,10,,,340.0,0.0,0.0,,,,,,-9999.0,-9999.0,,,,
USC00043491,1992,12,11,,,272.0,0.0,0.0,,,,,,-9999.0,-9999.0,,,,
USC00043491,1992,12,12,,,18.0,0.0,0.0,,,,,,-9999.0,-9999.0,,,,
USC00043491,1992,12,13,,,0.0,0.0,0.0,,,,,,-9999.0,-9999.0,,,,
USC00043491,1992,12,14,,,0.0,0.0,0.0,,,,,,-9999.0,-9999.0,,,,
USC00043491,1992,12,15,,,0.0,0.0,0.0,,,,,,-9999.0,-9999.0,,,,
USC00043491,1992,12,16,,,0.0,0.0,0.0,,,,,,-9999.0,-9999.0,,,,
USC00043491,1992,12,17,,,221.0,-9999.0,-9999.0,,,,,,1.0,1.0,,,,
USC00043491,1992,12,18,,,0.0,0.0,-9999.0,,,,,,-9999.0,-9999.0,,,,
USC00043491,1992,12,19,,,0.0,0.0,-9999.0,,,,,,-9999.0,-9999.0,,,,
USC00043491,1992,12,2,,,36.0,0.0,0.0,,,,,,-9999.0,-9999.0,,,,
USC00043491,1992,12,20,,,0.0,0.0,-9999.0,,,,,,-9999.0,-9999.0,,,,
USC00043491,1992,12,21,,,36.0,0.0,0.0,,,,,,-9999.0,-9999.0,,,,
USC00043491,1992,12,22,,,0.0,0.0,0.0,,,,,,-9999.0,-9999.0,,,,
USC00043491,1992,12,23,,,0.0,0.0,0.0,,,,,,-9999.0,-9999.0,,,,
USC00043491,1992,12,24,,,0.0,0.0,0.0,,,,,,-9999.0,-9999.0,,,,
USC00043491,1992,12,25,,,0.0,0.0,0.0,,,,,,-9999.0,-9999.0,,,,
USC00043491,1992,12,26,,,0.0,0.0,0.0,,,,,,-9999.0,-9999.0,,,,
USC00043491,1992,12,27,,,0.0,0.0,0.0,,,,,,-9999.0,-9999.0,,,,
USC00043491,1992,12,28,,,483.0,0.0,0.0,,,,,,1.0,-9999.0,,,,
USC00043491,1992,12,29,,,572.0,-9999.0,-9999.0,,,,,,-9999.0,-9999.0,,,,
USC00043491,1992,12,3,,,0.0,0.0,0.0,,,,,,-9999.0,-9999.0,,,,
USC00043491,1992,12,30,,,0.0,0.0,-9999.0,,,,,,-9999.0,-9999.0,,,,
USC00043491,1992,12,31,,,368.0,0.0,0.0,,,,,,-9999.0,-9999.0,,,,
USC00043491,1992,12,4,,,0.0,0.0,0.0,,,,,,-9999.0,-9999.0,,,,
USC00043491,1992,12,5,,,0.0,0.0,0.0,,,,,,-9999.0,-9999.0,,,,
USC00043491,1992,12,6,,,244.0,0.0,0.0,,,,,,-9999.0,-9999.0,,,,
USC00043491,1992,12,7,,,254.0,0.0,0.0,,,,,,-9999.0,-9999.0,,,,
USC00043491,1992,12,8,,,472.0,0.0,0.0,,,,,,-9999.0,-9999.0,,,,
USC00043491,1992,12,9,,,732.0,0.0,0.0,,,,,,-9999.0,-9999.0,,,,
USC00043491,1993,1,1,,,122.0,0.0,0.0,,,,,,-9999.0,,,,,
USC00043491,1993,1,10,,,0.0,0.0,0.0,,,,,,-9999.0,,,,,
USC00043491,1993,1,11,,,185.0,0.0,0.0,,,,,,1.0,,,,,
USC00043491,1993,1,12,,,175.0,0.0,0.0,,,,,,-9999.0,,,,,
USC00043491,1993,1,13,,,396.0,0.0,0.0,,,,,,-9999.0,,,,,
USC00043491,1993,1,14,,,119.0,0.0,0.0,,,,,,-9999.0,,,,,
USC00043491,1993,1,15,,,165.0,0.0,0.0,,,,,,-9999.0,,,,,
USC00043491,1993,1,16,,,51.0,0.0,0.0,,,,,,-9999.0,,,,,
USC00043491,1993,1,17,,,107.0,0.0,0.0,,,,,,-9999.0,,,,,
USC00043491,1993,1,18,,,76.0,0.0,0.0,,,,,,-9999.0,,,,,
USC00043491,1993,1,19,,,0.0,0.0,0.0,,,,,,-9999.0,,,,,
USC00043491,1993,1,2,,,0.0,0.0,0.0,,,,,,-9999.0,,,,,
USC00043491,1993,1,20,,,785.0,0.0,0.0,,,,,,-9999.0,,,,,
USC00043491,1993,1,21,,,597.0,0.0,0.0,,,,,,-9999.0,,,,,
USC00043491,1993,1,22,,,183.0,0.0,0.0,,,,,,-9999.0,,,,,
USC00043491,1993,1,23,,,0.0,0.0,0.0,,,,,,-9999.0,,,,,
USC00043491,1993,1,24,,,0.0,0.0,0.0,,,,,,-9999.0,,,,,
USC00043491,1993,1,25,,,0.0,0.0,0.0,,,,,,-9999.0,,,,,
USC00043491,1993,1,26,,,0.0,0.0,0.0,,,,,,-9999.0,,,,,
USC00043491,1993,1,27,,,0.0,0.0,0.0,,,,,,-9999.0,,,,,
USC00043491,1993,1,28,,,0.0,0.0,0.0,,,,,,-9999.0,,,,,
USC00043491,1993,1,29,,,0.0,0.0,0.0,,,,,,-9999.0,,,,,
USC00043491,1993,1,3,,,0.0,0.0,0.0,,,,,,-9999.0,,,,,
USC00043491,1993,1,30,,,0.0,0.0,0.0,,,,,,-9999.0,,,,,
USC00043491,1993,1,31,,,0.0,0.0,0.0,,,,,,-9999.0,,,,,
USC00043491,1993,1,4,,,0.0,0.0,0.0,,,,,,-9999.0,,,,,
USC00043491,1993,1,5,,,0.0,0.0,0.0,,,,,,-9999.0,,,,,
USC00043491,1993,1,6,,,142.0,0.0,0.0,,,,,,-9999.0,,,,,
USC00043491,1993,1,7,,,409.0,-9999.0,-9999.0,,,,,,-9999.0,,,,,
USC00043491,1993,1,8,,,262.0,0.0,-9999.0,,,,,,1.0,,,,,
USC00043491,1993,1,9,,,0.0,0.0,0.0,,,,,,-9999.0,,,,,
USC00043491,1993,2,1,-9999.0,-9999.0,0.0,0.0,0.0,,,,,,,-9999.0,,,,
USC00043491,1993,2,10,-9999.0,-9999.0,84.0,0.0,0.0,,,,,,,-9999.0,,,,
USC00043491,1993,2,11,-9999.0,-9999.0,76.0,0.0,0.0,,,,,,,-9999.0,,,,
USC00043491,1993,2,12,-9999.0,-9999.0,0.0,0.0,0.0,,,,,,,-9999.0,,,,
USC00043491,1993,2,13,-9999.0,-9999.0,0.0,0.0,0.0,,,,,,,-9999.0,,,,
USC00043491,1993,2,14,-9999.0,-9999.0,0.0,0.0,0.0,,,,,,,-9999.0,,,,
USC00043491,1993,2,15,-9999.0,-9999.0,0.0,0.0,0.0,,,,,,,-9999.0,,,,
USC00043491,1993,2,16,-9999.0,-9999.0,-9999.0,-9999.0,-9999.0,,,,,,,-9999.0,,,,
USC00043491,1993,2,17,-9999.0,-9999.0,-9999.0,-9999.0,-9999.0,,,,,,,-9999.0,,,,
USC00043491,1993,2,18,-9999.0,-9999.0,-9999.0,-9999.0,-9999.0,,,,,,,-9999.0,,,,
USC00043491,1993,2,19,4.0,937.0,-9999.0,-9999.0,-9999.0,,,,,,,-9999.0,,,,
USC00043491,1993,2,2,-9999.0,-9999.0,0.0,0.0,0.0,,,,,,,-9999.0,,,,
USC00043491,1993,2,20,-9999.0,-9999.0,363.0,-9999.0,-9999.0,,,,,,,-9999.0,,,,
USC00043491,1993,2,21,-9999.0,-9999.0,109.0,-9999.0,-9999.0,,,,,,,-9999.0,,,,
USC00043491,1993,2,22,-9999.0,-9999.0,198.0,-9999.0,-9999.0,,,,,,,-9999.0,,,,
USC00043491,1993,2,23,-9999.0,-9999.0,249.0,-9999.0,-9999.0,,,,,,,-9999.0,,,,
USC00043491,1993,2,24,-9999.0,-9999.0,229.0,-9999.0,-9999.0,,,,,,,-9999.0,,,,
USC00043491,1993,2,25,-9999.0,-9999.0,0.0,-9999.0,-9999.0,,,,,,,-9999.0,,,,
USC00043491,1993,2,26,-9999.0,-9999.0,0.0,-9999.0,-9999.0,,,,,,,-9999.0,,,,
USC00043491,1993,2,27,-9999.0,-9999.0,0.0,-9999.0,-9999.0,,,,,,,-9999.0,,,,
USC00043491,1993,2,28,-9999.0,-9999.0,0.0,-9999.0,-9999.0,,,,,,,-9999.0,,,,
USC00043491,1993,2,29,-9999.0,-9999.0,-9999.0,-9999.0,-9999.0,,,,,,,-9999.0,,,,
USC00043491,1993,2,3,-9999.0,-9999.0,0.0,0.0,0.0,,,,,,,-9999.0,,,,
USC00043491,1993,2,30,-9999.0,-9999.0,-9999.0,-9999.0,-9999.0,,,,,,,-9999.0,,,,
USC00043491,1993,2,31,-9999.0,-9999.0,-9999.0,-9999.0,-9999.0,,,,,,,-9999.0,,,,
USC00043491,1993,2,4,-9999.0,-9999.0,0.0,0.0,0.0,,,,,,,-9999.0,,,,
USC00043491,1993,2,5,-9999.0,-9999.0,102.0,0.0,0.0,,,,,,,-9999.0,,,,
USC00043491,1993,2,6,-9999.0,-9999.0,0.0,0.0,0.0,,,,,,,-9999.0,,,,
USC00043491,1993,2,7,-9999.0,-9999.0,51.0,0.0,0.0,,,,,,,-9999.0,,,,
USC00043491,1993,2,8,-9999.0,-9999.0,140.0,0.0,0.0,,,,,,,-9999.0,,,,
USC00043491,1993,2,9,-9999.0,-9999.0,300.0,0.0,0.0,,,,,,,1.0,,,,
USC00043491,1993,3,1,,,0.0,0.0,0.0,,,,,,,,,,,
USC00043491,1993,3,10,,,0.0,0.0,0.0,,,,,,,,,,,
USC00043491,1993,3,11,,,0.0,0.0,0.0,,,,,,,,,,,
USC00043491,1993,3,12,,,5.0,0.0,0.0,,,,,,,,,,,
USC00043491,1993,3,13,,,18.0,0.0,0.0,,,,,,,,,,,
USC00043491,1993,3,14,,,48.0,0.0,0.0,,,,,,,,,,,
USC00043491,1993,3,15,,,0.0,0.0,0.0,,,,,,,,,,,
USC00043491,1993,3,16,,,89.0,0.0,0.0,,,,,,,,,,,
USC00043491,1993,3,17,,,419.0,0.0,0.0,,,,,,,,,,,
USC00043491,1993,3,18,,,5.0,0.0,0.0,,,,,,,,,,,
USC00043491,1993,3,19,,,0.0,0.0,0.0,,,,,,,,,,,
USC00043491,1993,3,2,,,0.0,0.0,0.0,,,,,,,,,,,
USC00043491,1993,3,20,,,0.0,0.0,0.0,,,,,,,,,,,
USC00043491,1993,3,21,,,0.0,0.0,0.0,,,,,,,,,,,
USC00043491,1993,3,22,,,0.0,0.0,0.0,,,,,,,,,,,
USC00043491,1993,3,23,,,457.0,0.0,0.0,,,,,,,,,,,
USC00043491,1993,3,24,,,249.0,0.0,0.0,,,,,,,,,,,
USC00043491,1993,3,25,,,170.0,0.0,0.0,,,,,,,,,,,
USC00043491,1993,3,26,,,94.0,0.0,0.0,,,,,,,,,,,
USC00043491,1993,3,27,,,71.0,0.0,0.0,,,,,,,,,,,
USC00043491,1993,3,28,,,13.0,0.0,0.0,,,,,,,,,,,
USC00043491,1993,3,29,,,0.0,0.0,0.0,,,,,,,,,,,
USC00043491,1993,3,3,,,13.0,0.0,0.0,,,,,,,,,,,
USC00043491,1993,3,30,,,0.0,0.0,0.0,,,,,,,,,,,
USC00043491,1993,3,31,,,338.0,0.0,0.0,,,,,,,,,,,
USC00043491,1993,3,4,,,0.0,0.0,0.0,,,,,,,,,,,
USC00043491,1993,3,5,,,0.0,0.0,0.0,,,,,,,,,,,
USC00043491,1993,3,6,,,0.0,0.0,0.0,,,,,,,,,,,
USC00043491,1993,3,7,,,0.0,0.0,0.0,,,,,,,,,,,
USC00043491,1993,3,8,,,0.0,0.0,0.0,,,,,,,,,,,
USC00043491,1993,3,9,,,0.0,0.0,0.0,,,,,,,,,,,
USC00043491,1993,4,1,,,0.0,0.0,0.0,,,,,,,,,,,
USC00043491,1993,4,10,,,0.0,0.0,0.0,,,,,,,,,,,
USC00043491,1993,4,11,,,0.0,0.0,0.0,,,,,,,,,,,
USC00043491,1993,4,12,,,0.0,0.0,0.0,,,,,,,,,,,
USC00043491,1993,4,13,,,0.0,0.0,0.0,,,,,,,,,,,
USC00043491,1993,4,14,,,0.0,0.0,0.0,,,,,,,,,,,
USC00043491,1993,4,15,,,0.0,0.0,0.0,,,,,,,,,,,
USC00043491,1993,4,16,,,0.0,0.0,0.0,,,,,,,,,,,
USC00043491,1993,4,17,,,122.0,0.0,0.0,,,,,,,,,,,
USC00043491,1993,4,18,,,71.0,0.0,0.0,,,,,,,,,,,
USC00043491,1993,4,19,,,0.0,0.0,0.0,,,,,,,,,,,
USC00043491,1993,4,2,,,0.0,0.0,0.0,,,,,,,,,,,
USC00043491,1993,4,20,,,0.0,0.0,0.0,,,,,,,,,,,
USC00043491,1993,4,21,,,0.0,0.0,0.0,,,,,,,,,,,
USC00043491,1993,4,22,,,0.0,0.0,0.0,,,,,,,,,,,
USC00043491,1993,4,23,,,81.0,0.0,0.0,,,,,,,,,,,
USC00043491,1993,4,24,,,0.0,0.0,0.0,,,,,,,,,,,
USC00043491,1993,4,25,,,0.0,0.0,0.0,,,,,,,,,,,
USC00043491,1993,4,26,,,0.0,0.0,0.0,,,,,,,,,,,
USC00043491,1993,4,27,,,0.0,0.0,0.0,,,,,,,,,,,
USC00043491,1993,4,28,,,0.0,0.0,0.0,,,,,,,,,,,
USC00043491,1993,4,29,,,0.0,0.0,0.0,,,,,,,,,,,
USC00043491,1993,4,3,,,84.0,0.0,0.0,,,,,,,,,,,
USC00043491,1993,4,30,,,0.0,0.0,0.0,,,,,,,,,,,
USC00043491,1993,4,31,,,-9999.0,-9999.0,-9999.0,,,,,,,,,,,
USC00043491,1993,4,4,,,0.0,0.0,0.0,,,,,,,,,,,
USC00043491,1993,4,5,,,0.0,0.0,0.0,,,,,,,,,,,
USC00043491,1993,4,6,,,0.0,0.0,0.0,,,,,,,,,,,
USC00043491,1993,4,7,,,0.0,0.0,0.0,,,,,,,,,,,
USC00043491,1993,4,8,,,97.0,0.0,0.0,,,,,,,,,,,
USC00043491,1993,4,9,,,0.0,0.0,0.0,,,,,,,,,,,
USC00043491,1993,5,1,,,0.0,0.0,0.0,,,,,,,,,,,
USC00043491,1993,5,10,,,0.0,0.0,0.0,,,,,,,,,,,
USC00043491,1993,5,11,,,0.0,0.0,0.0,,,,,,,,,,,
USC00043491,1993,5,12,,,0.0,0.0,0.0,,,,,,,,,,,
USC00043491,1993,5,13,,,0.0,0.0,0.0,,,,,,,,,,,
USC00043491,1993,5,14,,,0.0,0.0,0.0,,,,,,,,,,,
USC00043491,1993,5,15,,,0.0,0.0,0.0,,,,,,,,,,,
USC00043491,1993,5,16,,,0.0,0.0,0.0,,,,,,,,,,,
USC00043491,1993,5,17,,,0.0,0.0,0.0,,,,,,,,,,,
USC00043491,1993,5,18,,,0.0,0.0,0.0,,,,,,,,,,,
USC00043491,1993,5,19,,,0.0,0.0,0.0,,,,,,,,,,,
USC00043491,1993,5,2,,,0.0,0.0,0.0,,,,,,,,,,,
USC00043491,1993,5,20,,,20.0,0.0,0.0,,,,,,,,,,,
USC00043491,1993,5,21,,,0.0,0.0,0.0,,,,,,,,,,,
USC00043491,1993,5,22,,,0.0,0.0,0.0,,,,,,,,,,,
USC00043491,1993,5,23,,,0.0,0.0,0.0,,,,,,,,,,,
USC00043491,1993,5,24,,,0.0,0.0,0.0,,,,,,,,,,,
USC00043491,1993,5,25,,,356.0,0.0,0.0,,,,,,,,,,,
USC00043491,1993,5,26,,,43.0,0.0,0.0,,,,,,,,,,,
USC00043491,1993,5,27,,,51.0,0.0,0.0,,,,,,,,,,,
USC00043491,1993,5,28,,,0.0,0.0,0.0,,,,,,,,,,,
USC00043491,1993,5,29,,,0.0,0.0,0.0,,,,,,,,,,,
USC00043491,1993,5,3,,,0.0,0.0,0.0,,,,,,,,,,,
USC00043491,1993,5,30,,,0.0,0.0,0.0,,,,,,,,,,,
USC00043491,1993,5,31,,,320.0,0.0,0.0,,,,,,,,,,,
USC00043491,1993,5,4,,,0.0,0.0,0.0,,,,,,,,,,,
USC00043491,1993,5,5,,,0.0,0.0,0.0,,,,,,,,,,,
USC00043491,1993,5,6,,,94.0,0.0,0.0,,,,,,,,,,,
USC00043491,1993,5,7,,,0.0,0.0,0.0,,,,,,,,,,,
USC00043491,1993,5,8,,,0.0,0.0,0.0,,,,,,,,,,,
USC00043491,1993,5,9,,,0.0,0.0,0.0,,,,,,,,,,,
USC00043491,1993,6,1,,,0.0,0.0,0.0,,,,,,,,,,,
USC00043491,1993,6,10,,,0.0,0.0,0.0,,,,,,,,,,,
USC00043491,1993,6,11,,,0.0,0.0,0.0,,,,,,,,,,,
USC00043491,1993,6,12,,,0.0,0.0,0.0,,,,,,,,,,,
USC00043491,1993,6,13,,,0.0,0.0,0.0,,,,,,,,,,,
USC00043491,1993,6,14,,,0.0,0.0,0.0,,,,,,,,,,,
USC00043491,1993,6,15,,,0.0,0.0,0.0,,,,,,,,,,,
USC00043491,1993,6,16,,,0.0,0.0,0.0,,,,,,,,,,,
USC00043491,1993,6,17,,,0.0,0.0,0.0,,,,,,,,,,,
USC00043491,1993,6,18,,,0.0,0.0,0.0,,,,,,,,,,,
USC00043491,1993,6,19,,,0.0,0.0,0.0,,,,,,,,,,,
USC00043491,1993,6,2,,,0.0,0.0,0.0,,,,,,,,,,,
USC00043491,1993,6,20,,,0.0,0.0,0.0,,,,,,,,,,,
USC00043491,1993,6,21,,,0.0,0.0,0.0,,,,,,,,,,,
USC00043491,1993,6,22,,,0.0,0.0,0.0,,,,,,,,,,,
USC00043491,1993,6,23,,,0.0,0.0,0.0,,,,,,,,,,,
USC00043491,1993,6,24,,,0.0,0.0,0.0,,,,,,,,,,,
USC00043491,1993,6,25,,,0.0,0.0,0.0,,,,,,,,,,,
USC00043491,1993,6,26,,,0.0,0.0,0.0,,,,,,,,,,,
USC00043491,1993,6,27,,,0.0,0.0,0.0,,,,,,,,,,,
USC00043491,1993,6,28,,,0.0,0.0,0.0,,,,,,,,,,,
USC00043491,1993,6,29,,,0.0,0.0,0.0,,,,,,,,,,,
USC00043491,1993,6,3,,,0.0,0.0,0.0,,,,,,,,,,,
USC00043491,1993,6,30,,,0.0,0.0,0.0,,,,,,,,,,,
USC00043491,1993,6,31,,,-9999.0,-9999.0,-9999.0,,,,,,,,,,,
USC00043491,1993,6,4,,,259.0,0.0,0.0,,,,,,,,,,,
USC00043491,1993,6,5,,,188.0,0.0,0.0,,,,,,,,,,,
USC00043491,1993,6,6,,,142.0,0.0,0.0,,,,,,,,,,,
USC00043491,1993,6,7,,,119.0,0.0,0.0,,,,,,,,,,,
USC00043491,1993,6,8,,,0.0,0.0,0.0,,,,,,,,,,,
USC00043491,1993,6,9,,,0.0,0.0,0.0,,,,,,,,,,,
USC00043491,1993,7,1,,,0.0,0.0,0.0,,,,,,,,,,,
USC00043491,1993,7,10,,,0.0,0.0,0.0,,,,,,,,,,,
USC00043491,1993,7,11,,,0.0,0.0,0.0,,,,,,,,,,,
USC00043491,1993,7,12,,,0.0,0.0,0.0,,,,,,,,,,,
USC00043491,1993,7,13,,,0.0,0.0,0.0,,,,,,,,,,,
USC00043491,1993,7,14,,,0.0,0.0,0.0,,,,,,,,,,,
USC00043491,1993,7,15,,,0.0,0.0,0.0,,,,,,,,,,,
USC00043491,1993,7,16,,,0.0,0.0,0.0,,,,,,,,,,,
USC00043491,1993,7,17,,,0.0,0.0,0.0,,,,,,,,,,,
USC00043491,1993,7,18,,,0.0,0.0,0.0,,,,,,,,,,,
USC00043491,1993,7,19,,,0.0,0.0,0.0,,,,,,,,,,,
USC00043491,1993,7,2,,,0.0,0.0,0.0,,,,,,,,,,,
USC00043491,1993,7,20,,,0.0,0.0,0.0,,,,,,,,,,,
USC00043491,1993,7,21,,,0.0,0.0,0.0,,,,,,,,,,,
USC00043491,1993,7,22,,,0.0,0.0,0.0,,,,,,,,,,,
USC00043491,1993,7,23,,,0.0,0.0,0.0,,,,,,,,,,,
USC00043491,1993,7,24,,,0.0,0.0,0.0,,,,,,,,,,,
USC00043491,1993,7,25,,,0.0,0.0,0.0,,,,,,,,,,,
USC00043491,1993,7,26,,,0.0,0.0,0.0,,,,,,,,,,,
USC00043491,1993,7,27,,,0.0,0.0,0.0,,,,,,,,,,,
USC00043491,1993,7,28,,,0.0,0.0,0.0,,,,,,,,,,,
USC00043491,1993,7,29,,,0.0,0.0,0.0,,,,,,,,,,,
USC00043491,1993,7,3,,,0.0,0.0,0.0,,,,,,,,,,,
USC00043491,1993,7,30,,,0.0,0.0,0.0,,,,,,,,,,,
USC00043491,1993,7,31,,,0.0,0.0,0.0,,,,,,,,,,,
USC00043491,1993,7,4,,,0.0,0.0,0.0,,,,,,,,,,,
USC00043491,1993,7,5,,,0.0,0.0,0.0,,,,,,,,,,,
USC00043491,1993,7,6,,,0.0,0.0,0.0,,,,,,,,,,,
USC00043491,1993,7,7,,,0.0,0.0,0.0,,,,,,,,,,,
USC00043491,1993,7,8,,,0.0,0.0,0.0,,,,,,,,,,,
USC00043491,1993,7,9,,,0.0,0.0,0.0,,,,,,,,,,,
USC00043491,1993,8,1,,,0.0,0.0,0.0,,,,,,,,,,,
USC00043491,1993,8,10,,,0.0,0.0,0.0,,,,,,,,,,,
USC00043491,1993,8,11,,,0.0,0.0,0.0,,,,,,,,,,,
USC00043491,1993,8,12,,,0.0,0.0,0.0,,,,,,,,,,,
USC00043491,1993,8,13,,,0.0,0.0,0.0,,,,,,,,,,,
USC00043491,1993,8,14,,,0.0,0.0,0.0,,,,,,,,,,,
USC00043491,1993,8,15,,,64.0,0.0,0.0,,,,,,,,,,,
USC00043491,1993,8,16,,,0.0,0.0,0.0,,,,,,,,,,,
USC00043491,1993,8,17,,,0.0,0.0,0.0,,,,,,,,,,,
USC00043491,1993,8,18,,,0.0,0.0,0.0,,,,,,,,,,,
USC00043491,1993,8,19,,,0.0,0.0,0.0,,,,,,,,,,,
USC00043491,1993,8,2,,,0.0,0.0,0.0,,,,,,,,,,,
USC00043491,1993,8,20,,,0.0,0.0,0.0,,,,,,,,,,,
USC00043491,1993,8,21,,,0.0,0.0,0.0,,,,,,,,,,,
USC00043491,1993,8,22,,,0.0,0.0,0.0,,,,,,,,,,,
USC00043491,1993,8,23,,,0.0,0.0,0.0,,,,,,,,,,,
USC00043491,1993,8,24,,,0.0,0.0,0.0,,,,,,,,,,,
USC00043491,1993,8,25,,,0.0,0.0,0.0,,,,,,,,,,,
USC00043491,1993,8,26,,,0.0,0.0,0.0,,,,,,,,,,,
USC00043491,1993,8,27,,,0.0,0.0,0.0,,,,,,,,,,,
USC00043491,1993,8,28,,,0.0,0.0,0.0,,,,,,,,,,,
USC00043491,1993,8,29,,,0.0,0.0,0.0,,,,,,,,,,,
USC00043491,1993,8,3,,,0.0,0.0,0.0,,,,,,,,,,,
USC00043491,1993,8,30,,,0.0,0.0,0.0,,,,,,,,,,,
USC00043491,1993,8,31,,,0.0,0.0,0.0,,,,,,,,,,,
USC00043491,1993,8,4,,,0.0,0.0,0.0,,,,,,,,,,,
USC00043491,1993,8,5,,,0.0,0.0,0.0,,,,,,,,,,,
USC00043491,1993,8,6,,,0.0,0.0,0.0,,,,,,,,,,,
USC00043491,1993,8,7,,,0.0,0.0,0.0,,,,,,,,,,,
USC00043491,1993,8,8,,,0.0,0.0,0.0,,,,,,,,,,,
USC00043491,1993,8,9,,,0.0,0.0,0.0,,,,,,,,,,,
USC00043491,1993,9,1,,,0.0,0.0,0.0,,,,,,,,,,,
USC00043491,1993,9,10,,,0.0,0.0,0.0,,,,,,,,,,,
USC00043491,1993,9,11,,,0.0,0.0,0.0,,,,,,,,,,,
USC00043491,1993,9,12,,,0.0,0.0,0.0,,,,,,,,,,,
USC00043491,1993,9,13,,,0.0,0.0,0.0,,,,,,,,,,,
USC00043491,1993,9,14,,,0.0,0.0,0.0,,,,,,,,,,,
USC00043491,1993,9,15,,,0.0,0.0,0.0,,,,,,,,,,,
USC00043491,1993,9,16,,,0.0,0.0,0.0,,,,,,,,,,,
USC00043491,1993,9,17,,,0.0,0.0,0.0,,,,,,,,,,,
USC00043491,1993,9,18,,,0.0,0.0,0.0,,,,,,,,,,,
USC00043491,1993,9,19,,,0.0,0.0,0.0,,,,,,,,,,,
USC00043491,1993,9,2,,,0.0,0.0,0.0,,,,,,,,,,,
USC00043491,1993,9,20,,,0.0,0.0,0.0,,,,,,,,,,,
USC00043491,1993,9,21,,,0.0,0.0,0.0,,,,,,,,,,,
USC00043491,1993,9,22,,,0.0,0.0,0.0,,,,,,,,,,,
USC00043491,1993,9,23,,,0.0,0.0,0.0,,,,,,,,,,,
USC00043491,1993,9,24,,,0.0,0.0,0.0,,,,,,,,,,,
USC00043491,1993,9,25,,,0.0,0.0,0.0,,,,,,,,,,,
USC00043491,1993,9,26,,,0.0,0.0,0.0,,,,,,,,,,,
USC00043491,1993,9,27,,,0.0,0.0,0.0,,,,,,,,,,,
USC00043491,1993,9,28,,,0.0,0.0,0.0,,,,,,,,,,,
USC00043491,1993,9,29,,,0.0,0.0,0.0,,,,,,,,,,,
USC00043491,1993,9,3,,,0.0,0.0,0.0,,,,,,,,,,,
USC00043491,1993,9,30,,,0.0,0.0,0.0,,,,,,,,,,,
USC00043491,1993,9,31,,,-9999.0,-9999.0,-9999.0,,,,,,,,,,,
USC00043491,1993,9,4,,,0.0,0.0,0.0,,,,,,,,,,,
USC00043491,1993,9,5,,,0.0,0.0,0.0,,,,,,,,,,,
USC00043491,1993,9,6,,,0.0,0.0,0.0,,,,,,,,,,,
USC00043491,1993,9,7,,,0.0,0.0,0.0,,,,,,,,,,,
USC00043491,1993,9,8,,,0.0,0.0,0.0,,,,,,,,,,,
USC00043491,1993,9,9,,,0.0,0.0,0.0,,,,,,,,,,,
USC00043491,1993,10,1,,,0.0,0.0,0.0,,,,,,,,,,,
USC00043491,1993,10,10,,,0.0,0.0,0.0,,,,,,,,,,,
USC00043491,1993,10,11,,,0.0,0.0,0.0,,,,,,,,,,,
USC00043491,1993,10,12,,,0.0,0.0,0.0,,,,,,,,,,,
USC00043491,1993,10,13,,,0.0,0.0,0.0,,,,,,,,,,,
USC00043491,1993,10,14,,,10.0,0.0,0.0,,,,,,,,,,,
USC00043491,1993,10,15,,,226.0,0.0,0.0,,,,,,,,,,,
USC00043491,1993,10,16,,,81.0,0.0,0.0,,,,,,,,,,,
USC00043491,1993,10,17,,,0.0,0.0,0.0,,,,,,,,,,,
USC00043491,1993,10,18,,,0.0,0.0,0.0,,,,,,,,,,,
USC00043491,1993,10,19,,,0.0,0.0,0.0,,,,,,,,,,,
USC00043491,1993,10,2,,,0.0,0.0,0.0,,,,,,,,,,,
USC00043491,1993,10,20,,,0.0,0.0,0.0,,,,,,,,,,,
USC00043491,1993,10,21,,,0.0,0.0,0.0,,,,,,,,,,,
USC00043491,1993,10,22,,,0.0,0.0,0.0,,,,,,,,,,,
USC00043491,1993,10,23,,,0.0,0.0,0.0,,,,,,,,,,,
USC00043491,1993,10,24,,,0.0,0.0,0.0,,,,,,,,,,,
USC00043491,1993,10,25,,,0.0,0.0,0.0,,,,,,,,,,,
USC00043491,1993,10,26,,,0.0,0.0,0.0,,,,,,,,,,,
USC00043491,1993,10,27,,,0.0,0.0,0.0,,,,,,,,,,,
USC00043491,1993,10,28,,,0.0,0.0,0.0,,,,,,,,,,,
USC00043491,1993,10,29,,,0.0,0.0,0.0,,,,,,,,,,,
USC00043491,1993,10,3,,,0.0,0.0,0.0,,,,,,,,,,,
USC00043491,1993,10,30,,,0.0,0.0,0.0,,,,,,,,,,,
USC00043491,1993,10,31,,,0.0,0.0,0.0,,,,,,,,,,,
USC00043491,1993,10,4,,,0.0,0.0,0.0,,,,,,,,,,,
USC00043491,1993,10,5,,,0.0,0.0,0.0,,,,,,,,,,,
USC00043491,1993,10,6,,,0.0,0.0,0.0,,,,,,,,,,,
USC00043491,1993,10,7,,,0.0,0.0,0.0,,,,,,,,,,,
USC00043491,1993,10,8,,,0.0,0.0,0.0,,,,,,,,,,,
USC00043491,1993,10,9,,,0.0,0.0,0.0,,,,,,,,,,,
USC00043491,1993,11,1,,,0.0,0.0,0.0,,,,,,,,,,,
USC00043491,1993,11,10,,,150.0,0.0,0.0,,,,,,,,,,,
USC00043491,1993,11,11,,,0.0,0.0,0.0,,,,,,,,,,,
USC00043491,1993,11,12,,,0.0,0.0,0.0,,,,,,,,,,,
USC00043491,1993,11,13,,,0.0,0.0,0.0,,,,,,,,,,,
USC00043491,1993,11,14,,,0.0,0.0,0.0,,,,,,,,,,,
USC00043491,1993,11,15,,,0.0,0.0,0.0,,,,,,,,,,,
USC00043491,1993,11,16,,,0.0,0.0,0.0,,,,,,,,,,,
USC00043491,1993,11,17,,,0.0,0.0,0.0,,,,,,,,,,,
USC00043491,1993,11,18,,,0.0,0.0,0.0,,,,,,,,,,,
USC00043491,1993,11,19,,,0.0,0.0,0.0,,,,,,,,,,,
USC00043491,1993,11,2,,,0.0,0.0,0.0,,,,,,,,,,,
USC00043491,1993,11,20,,,0.0,0.0,0.0,,,,,,,,,,,
USC00043491,1993,11,21,,,0.0,0.0,0.0,,,,,,,,,,,
USC00043491,1993,11,22,,,38.0,0.0,0.0,,,,,,,,,,,
USC00043491,1993,11,23,,,0.0,0.0,0.0,,,,,,,,,,,
USC00043491,1993,11,24,,,0.0,0.0,0.0,,,,,,,,,,,
USC00043491,1993,11,25,,,0.0,0.0,0.0,,,,,,,,,,,
USC00043491,1993,11,26,,,0.0,0.0,0.0,,,,,,,,,,,
USC00043491,1993,11,27,,,0.0,0.0,0.0,,,,,,,,,,,
USC00043491,1993,11,28,,,107.0,0.0,0.0,,,,,,,,,,,
USC00043491,1993,11,29,,,737.0,0.0,0.0,,,,,,,,,,,
USC00043491,1993,11,3,,,0.0,0.0,0.0,,,,,,,,,,,
USC00043491,1993,11,30,,,0.0,0.0,0.0,,,,,,,,,,,
USC00043491,1993,11,31,,,-9999.0,-9999.0,-9999.0,,,,,,,,,,,
USC00043491,1993,11,4,,,0.0,0.0,0.0,,,,,,,,,,,
USC00043491,1993,11,5,,,0.0,0.0,0.0,,,,,,,,,,,
USC00043491,1993,11,6,,,0.0,0.0,0.0,,,,,,,,,,,
USC00043491,1993,11,7,,,0.0,0.0,0.0,,,,,,,,,,,
USC00043491,1993,11,8,,,0.0,0.0,0.0,,,,,,,,,,,
USC00043491,1993,11,9,,,64.0,0.0,0.0,,,,,,,,,,,
USC00043491,1993,12,1,,,0.0,,,,,,,,,,,,,
USC00043491,1993,12,10,,,490.0,,,,,,,,,,,,,
USC00043491,1993,12,11,,,739.0,,,,,,,,,,,,,
USC00043491,1993,12,12,,,0.0,,,,,,,,,,,,,
USC00043491,1993,12,13,,,0.0,,,,,,,,,,,,,
USC00043491,1993,12,14,,,358.0,,,,,,,,,,,,,
USC00043491,1993,12,15,,,0.0,,,,,,,,,,,,,
USC00043491,1993,12,16,,,0.0,,,,,,,,,,,,,
USC00043491,1993,12,17,,,0.0,,,,,,,,,,,,,
USC00043491,1993,12,18,,,0.0,,,,,,,,,,,,,
USC00043491,1993,12,19,,,0.0,,,,,,,,,,,,,
USC00043491,1993,12,2,,,0.0,,,,,,,,,,,,,
USC00043491,1993,12,20,,,0.0,,,,,,,,,,,,,
USC00043491,1993,12,21,,,0.0,,,,,,,,,,,,,
USC00043491,1993,12,22,,,0.0,,,,,,,,,,,,,
USC00043491,1993,12,23,,,0.0,,,,,,,,,,,,,
USC00043491,1993,12,24,,,0.0,,,,,,,,,,,,,
USC00043491,1993,12,25,,,0.0,,,,,,,,,,,,,
USC00043491,1993,12,26,,,0.0,,,,,,,,,,,,,
USC00043491,1993,12,27,,,0.0,,,,,,,,,,,,,
USC00043491,1993,12,28,,,0.0,,,,,,,,,,,,,
USC00043491,1993,12,29,,,0.0,,,,,,,,,,,,,
USC00043491,1993,12,3,,,43.0,,,,,,,,,,,,,
USC00043491,1993,12,30,,,30.0,,,,,,,,,,,,,
USC00043491,1993,12,31,,,0.0,,,,,,,,,,,,,
USC00043491,1993,12,4,,,0.0,,,,,,,,,,,,,
USC00043491,1993,12,5,,,0.0,,,,,,,,,,,,,
USC00043491,1993,12,6,,,0.0,,,,,,,,,,,,,
USC00043491,1993,12,7,,,0.0,,,,,,,,,,,,,
USC00043491,1993,12,8,,,0.0,,,,,,,,,,,,,
USC00043491,1993,12,9,,,0.0,,,,,,,,,,,,,
USC00043491,1994,1,1,,,0.0,0.0,0.0,,,,,,,,,,,
USC00043491,1994,1,10,,,0.0,0.0,0.0,,,,,,,,,,,
USC00043491,1994,1,11,,,0.0,0.0,0.0,,,,,,,,,,,
USC00043491,1994,1,12,,,0.0,0.0,0.0,,,,,,,,,,,
USC00043491,1994,1,13,,,0.0,0.0,0.0,,,,,,,,,,,
USC00043491,1994,1,14,,,0.0,0.0,0.0,,,,,,,,,,,
USC00043491,1994,1,15,,,0.0,0.0,0.0,,,,,,,,,,,
USC00043491,1994,1,16,,,0.0,0.0,0.0,,,,,,,,,,,
USC00043491,1994,1,17,,,0.0,0.0,0.0,,,,,,,,,,,
USC00043491,1994,1,18,,,0.0,0.0,0.0,,,,,,,,,,,
USC00043491,1994,1,19,,,0.0,0.0,0.0,,,,,,,,,,,
USC00043491,1994,1,2,,,0.0,0.0,0.0,,,,,,,,,,,
USC00043491,1994,1,20,,,0.0,0.0,0.0,,,,,,,,,,,
USC00043491,1994,1,21,,,0.0,0.0,0.0,,,,,,,,,,,
USC00043491,1994,1,22,,,0.0,0.0,0.0,,,,,,,,,,,
USC00043491,1994,1,23,,,0.0,0.0,0.0,,,,,,,,,,,
USC00043491,1994,1,24,,,137.0,0.0,0.0,,,,,,,,,,,
USC00043491,1994,1,25,,,234.0,0.0,0.0,,,,,,,,,,,
USC00043491,1994,1,26,,,191.0,0.0,0.0,,,,,,,,,,,
USC00043491,1994,1,27,,,0.0,0.0,0.0,,,,,,,,,,,
USC00043491,1994,1,28,,,0.0,0.0,0.0,,,,,,,,,,,
USC00043491,1994,1,29,,,0.0,0.0,0.0,,,,,,,,,,,
USC00043491,1994,1,3,,,0.0,0.0,0.0,,,,,,,,,,,
USC00043491,1994,1,30,,,0.0,0.0,0.0,,,,,,,,,,,
USC00043491,1994,1,31,,,0.0,0.0,0.0,,,,,,,,,,,
USC00043491,1994,1,4,,,135.0,0.0,0.0,,,,,,,,,,,
USC00043491,1994,1,5,,,0.0,0.0,0.0,,,,,,,,,,,
USC00043491,1994,1,6,,,0.0,0.0,0.0,,,,,,,,,,,
USC00043491,1994,1,7,,,0.0,0.0,0.0,,,,,,,,,,,
USC00043491,1994,1,8,,,0.0,0.0,0.0,,,,,,,,,,,
USC00043491,1994,1,9,,,0.0,0.0,0.0,,,,,,,,,,,
USC00043491,1994,2,1,,,0.0,,,,,,,,,,,,,
USC00043491,1994,2,10,,,0.0,,,,,,,,,,,,,
USC00043491,1994,2,11,,,366.0,,,,,,,,,,,,,
USC00043491,1994,2,12,,,0.0,,,,,,,,,,,,,
USC00043491,1994,2,13,,,0.0,,,,,,,,,,,,,
USC00043491,1994,2,14,,,0.0,,,,,,,,,,,,,
USC00043491,1994,2,15,,,0.0,,,,,,,,,,,,,
USC00043491,1994,2,16,,,0.0,,,,,,,,,,,,,
USC00043491,1994,2,17,,,467.0,,,,,,,,,,,,,
USC00043491,1994,2,18,,,183.0,,,,,,,,,,,,,
USC00043491,1994,2,19,,,102.0,,,,,,,,,,,,,
USC00043491,1994,2,2,,,0.0,,,,,,,,,,,,,
USC00043491,1994,2,20,,,10.0,,,,,,,,,,,,,
USC00043491,1994,2,21,,,10.0,,,,,,,,,,,,,
USC00043491,1994,2,22,,,0.0,,,,,,,,,,,,,
USC00043491,1994,2,23,,,0.0,,,,,,,,,,,,,
USC00043491,1994,2,24,,,0.0,,,,,,,,,,,,,
USC00043491,1994,2,25,,,0.0,,,,,,,,,,,,,
USC00043491,1994,2,26,,,163.0,,,,,,,,,,,,,
USC00043491,1994,2,27,,,0.0,,,,,,,,,,,,,
USC00043491,1994,2,28,,,0.0,,,,,,,,,,,,,
USC00043491,1994,2,29,,,-9999.0,,,,,,,,,,,,,
USC00043491,1994,2,3,,,0.0,,,,,,,,,,,,,
USC00043491,1994,2,30,,,-9999.0,,,,,,,,,,,,,
USC00043491,1994,2,31,,,-9999.0,,,,,,,,,,,,,
USC00043491,1994,2,4,,,0.0,,,,,,,,,,,,,
USC00043491,1994,2,5,,,0.0,,,,,,,,,,,,,
USC00043491,1994,2,6,,,274.0,,,,,,,,,,,,,
USC00043491,1994,2,7,,,295.0,,,,,,,,,,,,,
USC00043491,1994,2,8,,,114.0,,,,,,,,,,,,,
USC00043491,1994,2,9,,,0.0,,,,,,,,,,,,,
USC00043491,1994,3,1,,,0.0,,,,,,,-9999.0,,-9999.0,,,,
USC00043491,1994,3,10,,,168.0,,,,,,,1.0,,1.0,,,,
USC00043491,1994,3,11,,,0.0,,,,,,,-9999.0,,-9999.0,,,,
USC00043491,1994,3,12,,,0.0,,,,,,,-9999.0,,-9999.0,,,,
USC00043491,1994,3,13,,,0.0,,,,,,,-9999.0,,-9999.0,,,,
USC00043491,1994,3,14,,,0.0,,,,,,,-9999.0,,-9999.0,,,,
USC00043491,1994,3,15,,,0.0,,,,,,,-9999.0,,-9999.0,,,,
USC00043491,1994,3,16,,,0.0,,,,,,,-9999.0,,-9999.0,,,,
USC00043491,1994,3,17,,,0.0,,,,,,,-9999.0,,-9999.0,,,,
USC00043491,1994,3,18,,,0.0,,,,,,,-9999.0,,-9999.0,,,,
USC00043491,1994,3,19,,,0.0,,,,,,,-9999.0,,-9999.0,,,,
USC00043491,1994,3,2,,,0.0,,,,,,,-9999.0,,-9999.0,,,,
USC00043491,1994,3,20,,,0.0,,,,,,,-9999.0,,-9999.0,,,,
USC00043491,1994,3,21,,,0.0,,,,,,,-9999.0,,-9999.0,,,,
USC00043491,1994,3,22,,,25.0,,,,,,,-9999.0,,-9999.0,,,,
USC00043491,1994,3,23,,,20.0,,,,,,,-9999.0,,-9999.0,,,,
USC00043491,1994,3,24,,,0.0,,,,,,,-9999.0,,-9999.0,,,,
USC00043491,1994,3,25,,,0.0,,,,,,,-9999.0,,-9999.0,,,,
USC00043491,1994,3,26,,,0.0,,,,,,,-9999.0,,-9999.0,,,,
USC00043491,1994,3,27,,,0.0,,,,,,,-9999.0,,-9999.0,,,,
USC00043491,1994,3,28,,,0.0,,,,,,,-9999.0,,-9999.0,,,,
USC00043491,1994,3,29,,,0.0,,,,,,,-9999.0,,-9999.0,,,,
USC00043491,1994,3,3,,,0.0,,,,,,,-9999.0,,-9999.0,,,,
USC00043491,1994,3,30,,,0.0,,,,,,,-9999.0,,-9999.0,,,,
USC00043491,1994,3,31,,,0.0,,,,,,,-9999.0,,-9999.0,,,,
USC00043491,1994,3,4,,,0.0,,,,,,,-9999.0,,-9999.0,,,,
USC00043491,1994,3,5,,,147.0,,,,,,,1.0,,1.0,,,,
USC00043491,1994,3,6,,,0.0,,,,,,,-9999.0,,-9999.0,,,,
USC00043491,1994,3,7,,,0.0,,,,,,,-9999.0,,-9999.0,,,,
USC00043491,1994,3,8,,,0.0,,,,,,,-9999.0,,-9999.0,,,,
USC00043491,1994,3,9,,,0.0,,,,,,,-9999.0,,-9999.0,,,,
USC00043491,1994,4,1,,,0.0,,,,,,,,,,,,,
USC00043491,1994,4,10,,,0.0,,,,,,,,,,,,,
USC00043491,1994,4,11,,,0.0,,,,,,,,,,,,,
USC00043491,1994,4,12,,,0.0,,,,,,,,,,,,,
USC00043491,1994,4,13,,,0.0,,,,,,,,,,,,,
USC00043491,1994,4,14,,,0.0,,,,,,,,,,,,,
USC00043491,1994,4,15,,,0.0,,,,,,,,,,,,,
USC00043491,1994,4,16,,,0.0,,,,,,,,,,,,,
USC00043491,1994,4,17,,,0.0,,,,,,,,,,,,,
USC00043491,1994,4,18,,,0.0,,,,,,,,,,,,,
USC00043491,1994,4,19,,,0.0,,,,,,,,,,,,,
USC00043491,1994,4,2,,,0.0,,,,,,,,,,,,,
USC00043491,1994,4,20,,,0.0,,,,,,,,,,,,,
USC00043491,1994,4,21,,,0.0,,,,,,,,,,,,,
USC00043491,1994,4,22,,,0.0,,,,,,,,,,,,,
USC00043491,1994,4,23,,,41.0,,,,,,,,,,,,,
USC00043491,1994,4,24,,,89.0,,,,,,,,,,,,,
USC00043491,1994,4,25,,,0.0,,,,,,,,,,,,,
USC00043491,1994,4,26,,,168.0,,,,,,,,,,,,,
USC00043491,1994,4,27,,,102.0,,,,,,,,,,,,,
USC00043491,1994,4,28,,,0.0,,,,,,,,,,,,,
USC00043491,1994,4,29,,,0.0,,,,,,,,,,,,,
USC00043491,1994,4,3,,,0.0,,,,,,,,,,,,,
USC00043491,1994,4,30,,,0.0,,,,,,,,,,,,,
USC00043491,1994,4,31,,,-9999.0,,,,,,,,,,,,,
USC00043491,1994,4,4,,,0.0,,,,,,,,,,,,,
USC00043491,1994,4,5,,,0.0,,,,,,,,,,,,,
USC00043491,1994,4,6,,,13.0,,,,,,,,,,,,,
USC00043491,1994,4,7,,,0.0,,,,,,,,,,,,,
USC00043491,1994,4,8,,,0.0,,,,,,,,,,,,,
USC00043491,1994,4,9,,,305.0,,,,,,,,,,,,,
USC00043491,1994,5,1,,,0.0,,,,,,,,,,,,,
USC00043491,1994,5,10,,,0.0,,,,,,,,,,,,,
USC00043491,1994,5,11,,,0.0,,,,,,,,,,,,,
USC00043491,1994,5,12,,,0.0,,,,,,,,,,,,,
USC00043491,1994,5,13,,,0.0,,,,,,,,,,,,,
USC00043491,1994,5,14,,,0.0,,,,,,,,,,,,,
USC00043491,1994,5,15,,,0.0,,,,,,,,,,,,,
USC00043491,1994,5,16,,,0.0,,,,,,,,,,,,,
USC00043491,1994,5,17,,,61.0,,,,,,,,,,,,,
USC00043491,1994,5,18,,,53.0,,,,,,,,,,,,,
USC00043491,1994,5,19,,,135.0,,,,,,,,,,,,,
USC00043491,1994,5,2,,,0.0,,,,,,,,,,,,,
USC00043491,1994,5,20,,,0.0,,,,,,,,,,,,,
USC00043491,1994,5,21,,,0.0,,,,,,,,,,,,,
USC00043491,1994,5,22,,,0.0,,,,,,,,,,,,,
USC00043491,1994,5,23,,,0.0,,,,,,,,,,,,,
USC00043491,1994,5,24,,,0.0,,,,,,,,,,,,,
USC00043491,1994,5,25,,,0.0,,,,,,,,,,,,,
USC00043491,1994,5,26,,,0.0,,,,,,,,,,,,,
USC00043491,1994,5,27,,,0.0,,,,,,,,,,,,,
USC00043491,1994,5,28,,,0.0,,,,,,,,,,,,,
USC00043491,1994,5,29,,,0.0,,,,,,,,,,,,,
USC00043491,1994,5,3,,,0.0,,,,,,,,,,,,,
USC00043491,1994,5,30,,,0.0,,,,,,,,,,,,,
USC00043491,1994,5,31,,,0.0,,,,,,,,,,,,,
USC00043491,1994,5,4,,,0.0,,,,,,,,,,,,,
USC00043491,1994,5,5,,,0.0,,,,,,,,,,,,,
USC00043491,1994,5,6,,,165.0,,,,,,,,,,,,,
USC00043491,1994,5,7,,,15.0,,,,,,,,,,,,,
USC00043491,1994,5,8,,,18.0,,,,,,,,,,,,,
USC00043491,1994,5,9,,,0.0,,,,,,,,,,,,,
USC00043491,1994,6,1,,,0.0,,,,,,,,,,,,,
USC00043491,1994,6,10,,,0.0,,,,,,,,,,,,,
USC00043491,1994,6,11,,,0.0,,,,,,,,,,,,,
USC00043491,1994,6,12,,,0.0,,,,,,,,,,,,,
USC00043491,1994,6,13,,,0.0,,,,,,,,,,,,,
USC00043491,1994,6,14,,,0.0,,,,,,,,,,,,,
USC00043491,1994,6,15,,,0.0,,,,,,,,,,,,,
USC00043491,1994,6,16,,,0.0,,,,,,,,,,,,,
USC00043491,1994,6,17,,,0.0,,,,,,,,,,,,,
USC00043491,1994,6,18,,,0.0,,,,,,,,,,,,,
USC00043491,1994,6,19,,,0.0,,,,,,,,,,,,,
USC00043491,1994,6,2,,,0.0,,,,,,,,,,,,,
USC00043491,1994,6,20,,,0.0,,,,,,,,,,,,,
USC00043491,1994,6,21,,,0.0,,,,,,,,,,,,,
USC00043491,1994,6,22,,,0.0,,,,,,,,,,,,,
USC00043491,1994,6,23,,,0.0,,,,,,,,,,,,,
USC00043491,1994,6,24,,,0.0,,,,,,,,,,,,,
USC00043491,1994,6,25,,,0.0,,,,,,,,,,,,,
USC00043491,1994,6,26,,,0.0,,,,,,,,,,,,,
USC00043491,1994,6,27,,,0.0,,,,,,,,,,,,,
USC00043491,1994,6,28,,,0.0,,,,,,,,,,,,,
USC00043491,1994,6,29,,,0.0,,,,,,,,,,,,,
USC00043491,1994,6,3,,,0.0,,,,,,,,,,,,,
USC00043491,1994,6,30,,,0.0,,,,,,,,,,,,,
USC00043491,1994,6,31,,,-9999.0,,,,,,,,,,,,,
USC00043491,1994,6,4,,,0.0,,,,,,,,,,,,,
USC00043491,1994,6,5,,,0.0,,,,,,,,,,,,,
USC00043491,1994,6,6,,,43.0,,,,,,,,,,,,,
USC00043491,1994,6,7,,,0.0,,,,,,,,,,,,,
USC00043491,1994,6,8,,,0.0,,,,,,,,,,,,,
USC00043491,1994,6,9,,,0.0,,,,,,,,,,,,,
USC00043491,1994,7,1,,,0.0,,,,,,,,,,,,,
USC00043491,1994,7,10,,,0.0,,,,,,,,,,,,,
USC00043491,1994,7,11,,,0.0,,,,,,,,,,,,,
USC00043491,1994,7,12,,,0.0,,,,,,,,,,,,,
USC00043491,1994,7,13,,,0.0,,,,,,,,,,,,,
USC00043491,1994,7,14,,,0.0,,,,,,,,,,,,,
USC00043491,1994,7,15,,,0.0,,,,,,,,,,,,,
USC00043491,1994,7,16,,,0.0,,,,,,,,,,,,,
USC00043491,1994,7,17,,,0.0,,,,,,,,,,,,,
USC00043491,1994,7,18,,,0.0,,,,,,,,,,,,,
USC00043491,1994,7,19,,,0.0,,,,,,,,,,,,,
USC00043491,1994,7,2,,,0.0,,,,,,,,,,,,,
USC00043491,1994,7,20,,,0.0,,,,,,,,,,,,,
USC00043491,1994,7,21,,,0.0,,,,,,,,,,,,,
USC00043491,1994,7,22,,,0.0,,,,,,,,,,,,,
USC00043491,1994,7,23,,,0.0,,,,,,,,,,,,,
USC00043491,1994,7,24,,,0.0,,,,,,,,,,,,,
USC00043491,1994,7,25,,,0.0,,,,,,,,,,,,,
USC00043491,1994,7,26,,,0.0,,,,,,,,,,,,,
USC00043491,1994,7,27,,,0.0,,,,,,,,,,,,,
USC00043491,1994,7,28,,,0.0,,,,,,,,,,,,,
USC00043491,1994,7,29,,,0.0,,,,,,,,,,,,,
USC00043491,1994,7,3,,,0.0,,,,,,,,,,,,,
USC00043491,1994,7,30,,,0.0,,,,,,,,,,,,,
USC00043491,1994,7,31,,,0.0,,,,,,,,,,,,,
USC00043491,1994,7,4,,,0.0,,,,,,,,,,,,,
USC00043491,1994,7,5,,,0.0,,,,,,,,,,,,,
USC00043491,1994,7,6,,,0.0,,,,,,,,,,,,,
USC00043491,1994,7,7,,,0.0,,,,,,,,,,,,,
USC00043491,1994,7,8,,,0.0,,,,,,,,,,,,,
USC00043491,1994,7,9,,,0.0,,,,,,,,,,,,,
USC00043491,1994,8,1,,,0.0,,,,,,,,,,,,,
USC00043491,1994,8,10,,,0.0,,,,,,,,,,,,,
USC00043491,1994,8,11,,,0.0,,,,,,,,,,,,,
USC00043491,1994,8,12,,,0.0,,,,,,,,,,,,,
USC00043491,1994,8,13,,,0.0,,,,,,,,,,,,,
USC00043491,1994,8,14,,,0.0,,,,,,,,,,,,,
USC00043491,1994,8,15,,,0.0,,,,,,,,,,,,,
USC00043491,1994,8,16,,,0.0,,,,,,,,,,,,,
USC00043491,1994,8,17,,,0.0,,,,,,,,,,,,,
USC00043491,1994,8,18,,,0.0,,,,,,,,,,,,,
USC00043491,1994,8,19,,,0.0,,,,,,,,,,,,,
USC00043491,1994,8,2,,,0.0,,,,,,,,,,,,,
USC00043491,1994,8,20,,,0.0,,,,,,,,,,,,,
USC00043491,1994,8,21,,,0.0,,,,,,,,,,,,,
USC00043491,1994,8,22,,,0.0,,,,,,,,,,,,,
USC00043491,1994,8,23,,,0.0,,,,,,,,,,,,,
USC00043491,1994,8,24,,,0.0,,,,,,,,,,,,,
USC00043491,1994,8,25,,,0.0,,,,,,,,,,,,,
USC00043491,1994,8,26,,,0.0,,,,,,,,,,,,,
USC00043491,1994,8,27,,,0.0,,,,,,,,,,,,,
USC00043491,1994,8,28,,,0.0,,,,,,,,,,,,,
USC00043491,1994,8,29,,,0.0,,,,,,,,,,,,,
USC00043491,1994,8,3,,,0.0,,,,,,,,,,,,,
USC00043491,1994,8,30,,,0.0,,,,,,,,,,,,,
USC00043491,1994,8,31,,,0.0,,,,,,,,,,,,,
USC00043491,1994,8,4,,,0.0,,,,,,,,,,,,,
USC00043491,1994,8,5,,,0.0,,,,,,,,,,,,,
USC00043491,1994,8,6,,,0.0,,,,,,,,,,,,,
USC00043491,1994,8,7,,,0.0,,,,,,,,,,,,,
USC00043491,1994,8,8,,,0.0,,,,,,,,,,,,,
USC00043491,1994,8,9,,,0.0,,,,,,,,,,,,,
USC00043491,1994,9,1,,,0.0,,,,,,,,,,,,,
USC00043491,1994,9,10,,,0.0,,,,,,,,,,,,,
USC00043491,1994,9,11,,,0.0,,,,,,,,,,,,,
USC00043491,1994,9,12,,,0.0,,,,,,,,,,,,,
USC00043491,1994,9,13,,,0.0,,,,,,,,,,,,,
USC00043491,1994,9,14,,,0.0,,,,,,,,,,,,,
USC00043491,1994,9,15,,,0.0,,,,,,,,,,,,,
USC00043491,1994,9,16,,,0.0,,,,,,,,,,,,,
USC00043491,1994,9,17,,,0.0,,,,,,,,,,,,,
USC00043491,1994,9,18,,,0.0,,,,,,,,,,,,,
USC00043491,1994,9,19,,,0.0,,,,,,,,,,,,,
USC00043491,1994,9,2,,,0.0,,,,,,,,,,,,,
USC00043491,1994,9,20,,,0.0,,,,,,,,,,,,,
USC00043491,1994,9,21,,,0.0,,,,,,,,,,,,,
USC00043491,1994,9,22,,,0.0,,,,,,,,,,,,,
USC00043491,1994,9,23,,,0.0,,,,,,,,,,,,,
USC00043491,1994,9,24,,,76.0,,,,,,,,,,,,,
USC00043491,1994,9,25,,,0.0,,,,,,,,,,,,,
USC00043491,1994,9,26,,,0.0,,,,,,,,,,,,,
USC00043491,1994,9,27,,,0.0,,,,,,,,,,,,,
USC00043491,1994,9,28,,,208.0,,,,,,,,,,,,,
USC00043491,1994,9,29,,,0.0,,,,,,,,,,,,,
USC00043491,1994,9,3,,,0.0,,,,,,,,,,,,,
USC00043491,1994,9,30,,,0.0,,,,,,,,,,,,,
USC00043491,1994,9,31,,,-9999.0,,,,,,,,,,,,,
USC00043491,1994,9,4,,,0.0,,,,,,,,,,,,,
USC00043491,1994,9,5,,,0.0,,,,,,,,,,,,,
USC00043491,1994,9,6,,,0.0,,,,,,,,,,,,,
USC00043491,1994,9,7,,,0.0,,,,,,,,,,,,,
USC00043491,1994,9,8,,,0.0,,,,,,,,,,,,,
USC00043491,1994,9,9,,,0.0,,,,,,,,,,,,,
USC00043491,1994,10,1,,,0.0,,,,,,,,,,,,,
USC00043491,1994,10,10,,,0.0,,,,,,,,,,,,,
USC00043491,1994,10,11,,,0.0,,,,,,,,,,,,,
USC00043491,1994,10,12,,,0.0,,,,,,,,,,,,,
USC00043491,1994,10,13,,,0.0,,,,,,,,,,,,,
USC00043491,1994,10,14,,,0.0,,,,,,,,,,,,,
USC00043491,1994,10,15,,,0.0,,,,,,,,,,,,,
USC00043491,1994,10,16,,,0.0,,,,,,,,,,,,,
USC00043491,1994,10,17,,,0.0,,,,,,,,,,,,,
USC00043491,1994,10,18,,,0.0,,,,,,,,,,,,,
USC00043491,1994,10,19,,,0.0,,,,,,,,,,,,,
USC00043491,1994,10,2,,,0.0,,,,,,,,,,,,,
USC00043491,1994,10,20,,,0.0,,,,,,,,,,,,,
USC00043491,1994,10,21,,,0.0,,,,,,,,,,,,,
USC00043491,1994,10,22,,,0.0,,,,,,,,,,,,,
USC00043491,1994,10,23,,,0.0,,,,,,,,,,,,,
USC00043491,1994,10,24,,,0.0,,,,,,,,,,,,,
USC00043491,1994,10,25,,,0.0,,,,,,,,,,,,,
USC00043491,1994,10,26,,,0.0,,,,,,,,,,,,,
USC00043491,1994,10,27,,,0.0,,,,,,,,,,,,,
USC00043491,1994,10,28,,,0.0,,,,,,,,,,,,,
USC00043491,1994,10,29,,,0.0,,,,,,,,,,,,,
USC00043491,1994,10,3,,,0.0,,,,,,,,,,,,,
USC00043491,1994,10,30,,,0.0,,,,,,,,,,,,,
USC00043491,1994,10,31,,,0.0,,,,,,,,,,,,,
USC00043491,1994,10,4,,,272.0,,,,,,,,,,,,,
USC00043491,1994,10,5,,,0.0,,,,,,,,,,,,,
USC00043491,1994,10,6,,,0.0,,,,,,,,,,,,,
USC00043491,1994,10,7,,,0.0,,,,,,,,,,,,,
USC00043491,1994,10,8,,,0.0,,,,,,,,,,,,,
USC00043491,1994,10,9,,,0.0,,,,,,,,,,,,,
USC00043491,1994,11,1,,,264.0,0.0,0.0,,,,,,,,,,,
USC00043491,1994,11,10,,,0.0,0.0,-9999.0,,,,,,,,,,,
USC00043491,1994,11,11,,,0.0,0.0,-9999.0,,,,,,,,,,,
USC00043491,1994,11,12,,,89.0,-9999.0,-9999.0,,,,,,,,,,,
USC00043491,1994,11,13,,,0.0,0.0,-9999.0,,,,,,,,,,,
USC00043491,1994,11,14,,,0.0,0.0,-9999.0,,,,,,,,,,,
USC00043491,1994,11,15,,,142.0,-9999.0,-9999.0,,,,,,,,,,,
USC00043491,1994,11,16,,,0.0,0.0,-9999.0,,,,,,,,,,,
USC00043491,1994,11,17,,,312.0,-9999.0,-9999.0,,,,,,,,,,,
USC00043491,1994,11,18,,,0.0,0.0,-9999.0,,,,,,,,,,,
USC00043491,1994,11,19,,,0.0,0.0,-9999.0,,,,,,,,,,,
USC00043491,1994,11,2,,,0.0,0.0,0.0,,,,,,,,,,,
USC00043491,1994,11,20,,,0.0,0.0,-9999.0,,,,,,,,,,,
USC00043491,1994,11,21,,,0.0,0.0,-9999.0,,,,,,,,,,,
USC00043491,1994,11,22,,,5.0,0.0,-9999.0,,,,,,,,,,,
USC00043491,1994,11,23,,,0.0,0.0,-9999.0,,,,,,,,,,,
USC00043491,1994,11,24,,,0.0,0.0,-9999.0,,,,,,,,,,,
USC00043491,1994,11,25,,,0.0,0.0,-9999.0,,,,,,,,,,,
USC00043491,1994,11,26,,,163.0,-9999.0,-9999.0,,,,,,,,,,,
USC00043491,1994,11,27,,,236.0,-9999.0,-9999.0,,,,,,,,,,,
USC00043491,1994,11,28,,,0.0,0.0,-9999.0,,,,,,,,,,,
USC00043491,1994,11,29,,,0.0,0.0,-9999.0,,,,,,,,,,,
USC00043491,1994,11,3,,,0.0,0.0,0.0,,,,,,,,,,,
USC00043491,1994,11,30,,,0.0,0.0,-9999.0,,,,,,,,,,,
USC00043491,1994,11,31,,,-9999.0,-9999.0,-9999.0,,,,,,,,,,,
USC00043491,1994,11,4,,,0.0,0.0,0.0,,,,,,,,,,,
USC00043491,1994,11,5,,,1024.0,0.0,0.0,,,,,,,,,,,
USC00043491,1994,11,6,,,521.0,0.0,0.0,,,,,,,,,,,
USC00043491,1994,11,7,,,0.0,0.0,0.0,,,,,,,,,,,
USC00043491,1994,11,8,,,0.0,0.0,0.0,,,,,,,,,,,
USC00043491,1994,11,9,,,399.0,-9999.0,-9999.0,,,,,,,,,,,
USC00043491,1994,12,1,,,41.0,,,,,,,,,,,,,
USC00043491,1994,12,10,,,0.0,,,,,,,,,,,,,
USC00043491,1994,12,11,,,0.0,,,,,,,,,,,,,
USC00043491,1994,12,12,,,0.0,,,,,,,,,,,,,
USC00043491,1994,12,13,,,191.0,,,,,,,,,,,,,
USC00043491,1994,12,14,,,173.0,,,,,,,,,,,,,
USC00043491,1994,12,15,,,38.0,,,,,,,,,,,,,
USC00043491,1994,12,16,,,0.0,,,,,,,,,,,,,
USC00043491,1994,12,17,,,0.0,,,,,,,,,,,,,
USC00043491,1994,12,18,,,0.0,,,,,,,,,,,,,
USC00043491,1994,12,19,,,0.0,,,,,,,,,,,,,
USC00043491,1994,12,2,,,61.0,,,,,,,,,,,,,
USC00043491,1994,12,20,,,0.0,,,,,,,,,,,,,
USC00043491,1994,12,21,,,0.0,,,,,,,,,,,,,
USC00043491,1994,12,22,,,0.0,,,,,,,,,,,,,
USC00043491,1994,12,23,,,0.0,,,,,,,,,,,,,
USC00043491,1994,12,24,,,343.0,,,,,,,,,,,,,
USC00043491,1994,12,25,,,0.0,,,,,,,,,,,,,
USC00043491,1994,12,26,,,0.0,,,,,,,,,,,,,
USC00043491,1994,12,27,,,0.0,,,,,,,,,,,,,
USC00043491,1994,12,28,,,185.0,,,,,,,,,,,,,
USC00043491,1994,12,29,,,0.0,,,,,,,,,,,,,
USC00043491,1994,12,3,,,599.0,,,,,,,,,,,,,
USC00043491,1994,12,30,,,0.0,,,,,,,,,,,,,
USC00043491,1994,12,31,,,0.0,,,,,,,,,,,,,
USC00043491,1994,12,4,,,775.0,,,,,,,,,,,,,
USC00043491,1994,12,5,,,74.0,,,,,,,,,,,,,
USC00043491,1994,12,6,,,127.0,,,,,,,,,,,,,
USC00043491,1994,12,7,,,0.0,,,,,,,,,,,,,
USC00043491,1994,12,8,,,0.0,,,,,,,,,,,,,
USC00043491,1994,12,9,,,0.0,,,,,,,,,,,,,
USC00043491,1995,1,1,,,0.0,,,,,,,,,-9999.0,,,,
USC00043491,1995,1,10,,,1397.0,,,,,,,,,1.0,,,,
USC00043491,1995,1,11,,,102.0,,,,,,,,,-9999.0,,,,
USC00043491,1995,1,12,,,249.0,,,,,,,,,-9999.0,,,,
USC00043491,1995,1,13,,,470.0,,,,,,,,,-9999.0,,,,
USC00043491,1995,1,14,,,516.0,,,,,,,,,-9999.0,,,,
USC00043491,1995,1,15,,,41.0,,,,,,,,,-9999.0,,,,
USC00043491,1995,1,16,,,0.0,,,,,,,,,-9999.0,,,,
USC00043491,1995,1,17,,,0.0,,,,,,,,,-9999.0,,,,
USC00043491,1995,1,18,,,0.0,,,,,,,,,-9999.0,,,,
USC00043491,1995,1,19,,,0.0,,,,,,,,,-9999.0,,,,
USC00043491,1995,1,2,,,0.0,,,,,,,,,-9999.0,,,,
USC00043491,1995,1,20,,,8.0,,,,,,,,,-9999.0,,,,
USC00043491,1995,1,21,,,28.0,,,,,,,,,-9999.0,,,,
USC00043491,1995,1,22,,,196.0,,,,,,,,,-9999.0,,,,
USC00043491,1995,1,23,,,193.0,,,,,,,,,-9999.0,,,,
USC00043491,1995,1,24,,,257.0,,,,,,,,,-9999.0,,,,
USC00043491,1995,1,25,,,262.0,,,,,,,,,-9999.0,,,,
USC00043491,1995,1,26,,,69.0,,,,,,,,,-9999.0,,,,
USC00043491,1995,1,27,,,312.0,,,,,,,,,-9999.0,,,,
USC00043491,1995,1,28,,,18.0,,,,,,,,,-9999.0,,,,
USC00043491,1995,1,29,,,0.0,,,,,,,,,-9999.0,,,,
USC00043491,1995,1,3,,,71.0,,,,,,,,,-9999.0,,,,
USC00043491,1995,1,30,,,41.0,,,,,,,,,-9999.0,,,,
USC00043491,1995,1,31,,,0.0,,,,,,,,,-9999.0,,,,
USC00043491,1995,1,4,,,183.0,,,,,,,,,-9999.0,,,,
USC00043491,1995,1,5,,,353.0,,,,,,,,,-9999.0,,,,
USC00043491,1995,1,6,,,447.0,,,,,,,,,-9999.0,,,,
USC00043491,1995,1,7,,,127.0,,,,,,,,,-9999.0,,,,
USC00043491,1995,1,8,,,432.0,,,,,,,,,-9999.0,,,,
USC00043491,1995,1,9,,,198.0,,,,,,,,,-9999.0,,,,
USC00043491,1995,2,1,,,15.0,,,,,,,,,,,,,
USC00043491,1995,2,10,,,0.0,,,,,,,,,,,,,
USC00043491,1995,2,11,,,0.0,,,,,,,,,,,,,
USC00043491,1995,2,12,,,10.0,,,,,,,,,,,,,
USC00043491,1995,2,13,,,0.0,,,,,,,,,,,,,
USC00043491,1995,2,14,,,320.0,,,,,,,,,,,,,
USC00043491,1995,2,15,,,0.0,,,,,,,,,,,,,
USC00043491,1995,2,16,,,0.0,,,,,,,,,,,,,
USC00043491,1995,2,17,,,0.0,,,,,,,,,,,,,
USC00043491,1995,2,18,,,0.0,,,,,,,,,,,,,
USC00043491,1995,2,19,,,0.0,,,,,,,,,,,,,
USC00043491,1995,2,2,,,0.0,,,,,,,,,,,,,
USC00043491,1995,2,20,,,0.0,,,,,,,,,,,,,
USC00043491,1995,2,21,,,0.0,,,,,,,,,,,,,
USC00043491,1995,2,22,,,0.0,,,,,,,,,,,,,
USC00043491,1995,2,23,,,0.0,,,,,,,,,,,,,
USC00043491,1995,2,24,,,0.0,,,,,,,,,,,,,
USC00043491,1995,2,25,,,0.0,,,,,,,,,,,,,
USC00043491,1995,2,26,,,0.0,,,,,,,,,,,,,
USC00043491,1995,2,27,,,0.0,,,,,,,,,,,,,
USC00043491,1995,2,28,,,0.0,,,,,,,,,,,,,
USC00043491,1995,2,29,,,-9999.0,,,,,,,,,,,,,
USC00043491,1995,2,3,,,0.0,,,,,,,,,,,,,
USC00043491,1995,2,30,,,-9999.0,,,,,,,,,,,,,
USC00043491,1995,2,31,,,-9999.0,,,,,,,,,,,,,
USC00043491,1995,2,4,,,0.0,,,,,,,,,,,,,
USC00043491,1995,2,5,,,0.0,,,,,,,,,,,,,
USC00043491,1995,2,6,,,0.0,,,,,,,,,,,,,
USC00043491,1995,2,7,,,0.0,,,,,,,,,,,,,
USC00043491,1995,2,8,,,13.0,,,,,,,,,,,,,
USC00043491,1995,2,9,,,0.0,,,,,,,,,,,,,
USC00043491,1995,3,1,,,216.0,,,,,,,,,-9999.0,,,,
USC00043491,1995,3,10,,,480.0,,,,,,,,,-9999.0,,,,
USC00043491,1995,3,11,,,676.0,,,,,,,,,-9999.0,,,,
USC00043491,1995,3,12,,,66.0,,,,,,,,,-9999.0,,,,
USC00043491,1995,3,13,,,422.0,,,,,,,,,-9999.0,,,,
USC00043491,1995,3,14,,,104.0,,,,,,,,,-9999.0,,,,
USC00043491,1995,3,15,,,76.0,,,,,,,,,-9999.0,,,,
USC00043491,1995,3,16,,,0.0,,,,,,,,,-9999.0,,,,
USC00043491,1995,3,17,,,0.0,,,,,,,,,-9999.0,,,,
USC00043491,1995,3,18,,,267.0,,,,,,,,,-9999.0,,,,
USC00043491,1995,3,19,,,0.0,,,,,,,,,-9999.0,,,,
USC00043491,1995,3,2,,,226.0,,,,,,,,,-9999.0,,,,
USC00043491,1995,3,20,,,254.0,,,,,,,,,-9999.0,,,,
USC00043491,1995,3,21,,,508.0,,,,,,,,,-9999.0,,,,
USC00043491,1995,3,22,,,470.0,,,,,,,,,-9999.0,,,,
USC00043491,1995,3,23,,,218.0,,,,,,,,,-9999.0,,,,
USC00043491,1995,3,24,,,226.0,,,,,,,,,-9999.0,,,,
USC00043491,1995,3,25,,,0.0,,,,,,,,,-9999.0,,,,
USC00043491,1995,3,26,,,0.0,,,,,,,,,-9999.0,,,,
USC00043491,1995,3,27,,,0.0,,,,,,,,,-9999.0,,,,
USC00043491,1995,3,28,,,0.0,,,,,,,,,-9999.0,,,,
USC00043491,1995,3,29,,,0.0,,,,,,,,,-9999.0,,,,
USC00043491,1995,3,3,,,681.0,,,,,,,,,1.0,,,,
USC00043491,1995,3,30,,,0.0,,,,,,,,,-9999.0,,,,
USC00043491,1995,3,31,,,0.0,,,,,,,,,-9999.0,,,,
USC00043491,1995,3,4,,,58.0,,,,,,,,,-9999.0,,,,
USC00043491,1995,3,5,,,140.0,,,,,,,,,-9999.0,,,,
USC00043491,1995,3,6,,,0.0,,,,,,,,,-9999.0,,,,
USC00043491,1995,3,7,,,0.0,,,,,,,,,-9999.0,,,,
USC00043491,1995,3,8,,,239.0,,,,,,,,,-9999.0,,,,
USC00043491,1995,3,9,,,345.0,,,,,,,,,-9999.0,,,,
USC00043491,1995,4,1,,,0.0,,,,,,,,,,,,,
USC00043491,1995,4,10,,,0.0,,,,,,,,,,,,,
USC00043491,1995,4,11,,,0.0,,,,,,,,,,,,,
USC00043491,1995,4,12,,,0.0,,,,,,,,,,,,,
USC00043491,1995,4,13,,,0.0,,,,,,,,,,,,,
USC00043491,1995,4,14,,,0.0,,,,,,,,,,,,,
USC00043491,1995,4,15,,,282.0,,,,,,,,,,,,,
USC00043491,1995,4,16,,,168.0,,,,,,,,,,,,,
USC00043491,1995,4,17,,,0.0,,,,,,,,,,,,,
USC00043491,1995,4,18,,,81.0,,,,,,,,,,,,,
USC00043491,1995,4,19,,,0.0,,,,,,,,,,,,,
USC00043491,1995,4,2,,,0.0,,,,,,,,,,,,,
USC00043491,1995,4,20,,,287.0,,,,,,,,,,,,,
USC00043491,1995,4,21,,,0.0,,,,,,,,,,,,,
USC00043491,1995,4,22,,,0.0,,,,,,,,,,,,,
USC00043491,1995,4,23,,,0.0,,,,,,,,,,,,,
USC00043491,1995,4,24,,,0.0,,,,,,,,,,,,,
USC00043491,1995,4,25,,,0.0,,,,,,,,,,,,,
USC00043491,1995,4,26,,,0.0,,,,,,,,,,,,,
USC00043491,1995,4,27,,,107.0,,,,,,,,,,,,,
USC00043491,1995,4,28,,,0.0,,,,,,,,,,,,,
USC00043491,1995,4,29,,,516.0,,,,,,,,,,,,,
USC00043491,1995,4,3,,,0.0,,,,,,,,,,,,,
USC00043491,1995,4,30,,,0.0,,,,,,,,,,,,,
USC00043491,1995,4,31,,,-9999.0,,,,,,,,,,,,,
USC00043491,1995,4,4,,,0.0,,,,,,,,,,,,,
USC00043491,1995,4,5,,,0.0,,,,,,,,,,,,,
USC00043491,1995,4,6,,,257.0,,,,,,,,,,,,,
USC00043491,1995,4,7,,,330.0,,,,,,,,,,,,,
USC00043491,1995,4,8,,,48.0,,,,,,,,,,,,,
USC00043491,1995,4,9,,,0.0,,,,,,,,,,,,,
USC00043491,1995,5,1,,,635.0,,,,,,,,,,,,,
USC00043491,1995,5,10,,,0.0,,,,,,,,,,,,,
USC00043491,1995,5,11,,,38.0,,,,,,,,,,,,,
USC00043491,1995,5,12,,,76.0,,,,,,,,,,,,,
USC00043491,1995,5,13,,,112.0,,,,,,,,,,,,,
USC00043491,1995,5,14,,,94.0,,,,,,,,,,,,,
USC00043491,1995,5,15,,,10.0,,,,,,,,,,,,,
USC00043491,1995,5,16,,,0.0,,,,,,,,,,,,,
USC00043491,1995,5,17,,,0.0,,,,,,,,,,,,,
USC00043491,1995,5,18,,,0.0,,,,,,,,,,,,,
USC00043491,1995,5,19,,,0.0,,,,,,,,,,,,,
USC00043491,1995,5,2,,,0.0,,,,,,,,,,,,,
USC00043491,1995,5,20,,,0.0,,,,,,,,,,,,,
USC00043491,1995,5,21,,,0.0,,,,,,,,,,,,,
USC00043491,1995,5,22,,,0.0,,,,,,,,,,,,,
USC00043491,1995,5,23,,,0.0,,,,,,,,,,,,,
USC00043491,1995,5,24,,,193.0,,,,,,,,,,,,,
USC00043491,1995,5,25,,,0.0,,,,,,,,,,,,,
USC00043491,1995,5,26,,,0.0,,,,,,,,,,,,,
USC00043491,1995,5,27,,,0.0,,,,,,,,,,,,,
USC00043491,1995,5,28,,,0.0,,,,,,,,,,,,,
USC00043491,1995,5,29,,,0.0,,,,,,,,,,,,,
USC00043491,1995,5,3,,,0.0,,,,,,,,,,,,,
USC00043491,1995,5,30,,,0.0,,,,,,,,,,,,,
USC00043491,1995,5,31,,,0.0,,,,,,,,,,,,,
USC00043491,1995,5,4,,,0.0,,,,,,,,,,,,,
USC00043491,1995,5,5,,,0.0,,,,,,,,,,,,,
USC00043491,1995,5,6,,,122.0,,,,,,,,,,,,,
USC00043491,1995,5,7,,,0.0,,,,,,,,,,,,,
USC00043491,1995,5,8,,,0.0,,,,,,,,,,,,,
USC00043491,1995,5,9,,,25.0,,,,,,,,,,,,,
USC00043491,1995,6,1,,,0.0,,,,,,,,,,,,,
USC00043491,1995,6,10,,,0.0,,,,,,,,,,,,,
USC00043491,1995,6,11,,,0.0,,,,,,,,,,,,,
USC00043491,1995,6,12,,,0.0,,,,,,,,,,,,,
USC00043491,1995,6,13,,,86.0,,,,,,,,,,,,,
USC00043491,1995,6,14,,,132.0,,,,,,,,,,,,,
USC00043491,1995,6,15,,,305.0,,,,,,,,,,,,,
USC00043491,1995,6,16,,,0.0,,,,,,,,,,,,,
USC00043491,1995,6,17,,,0.0,,,,,,,,,,,,,
USC00043491,1995,6,18,,,20.0,,,,,,,,,,,,,
USC00043491,1995,6,19,,,0.0,,,,,,,,,,,,,
USC00043491,1995,6,2,,,0.0,,,,,,,,,,,,,
USC00043491,1995,6,20,,,0.0,,,,,,,,,,,,,
USC00043491,1995,6,21,,,0.0,,,,,,,,,,,,,
USC00043491,1995,6,22,,,0.0,,,,,,,,,,,,,
USC00043491,1995,6,23,,,0.0,,,,,,,,,,,,,
USC00043491,1995,6,24,,,0.0,,,,,,,,,,,,,
USC00043491,1995,6,25,,,0.0,,,,,,,,,,,,,
USC00043491,1995,6,26,,,0.0,,,,,,,,,,,,,
USC00043491,1995,6,27,,,0.0,,,,,,,,,,,,,
USC00043491,1995,6,28,,,0.0,,,,,,,,,,,,,
USC00043491,1995,6,29,,,0.0,,,,,,,,,,,,,
USC00043491,1995,6,3,,,0.0,,,,,,,,,,,,,
USC00043491,1995,6,30,,,0.0,,,,,,,,,,,,,
USC00043491,1995,6,31,,,-9999.0,,,,,,,,,,,,,
USC00043491,1995,6,4,,,0.0,,,,,,,,,,,,,
USC00043491,1995,6,5,,,13.0,,,,,,,,,,,,,
USC00043491,1995,6,6,,,0.0,,,,,,,,,,,,,
USC00043491,1995,6,7,,,0.0,,,,,,,,,,,,,
USC00043491,1995,6,8,,,0.0,,,,,,,,,,,,,
USC00043491,1995,6,9,,,0.0,,,,,,,,,,,,,
USC00043491,1995,8,1,,,0.0,,,,,,,,,,,,,
USC00043491,1995,8,10,,,0.0,,,,,,,,,,,,,
USC00043491,1995,8,11,,,0.0,,,,,,,,,,,,,
USC00043491,1995,8,12,,,0.0,,,,,,,,,,,,,
USC00043491,1995,8,13,,,0.0,,,,,,,,,,,,,
USC00043491,1995,8,14,,,0.0,,,,,,,,,,,,,
USC00043491,1995,8,15,,,0.0,,,,,,,,,,,,,
USC00043491,1995,8,16,,,0.0,,,,,,,,,,,,,
USC00043491,1995,8,17,,,0.0,,,,,,,,,,,,,
USC00043491,1995,8,18,,,0.0,,,,,,,,,,,,,
USC00043491,1995,8,19,,,0.0,,,,,,,,,,,,,
USC00043491,1995,8,2,,,0.0,,,,,,,,,,,,,
USC00043491,1995,8,20,,,0.0,,,,,,,,,,,,,
USC00043491,1995,8,21,,,0.0,,,,,,,,,,,,,
USC00043491,1995,8,22,,,0.0,,,,,,,,,,,,,
USC00043491,1995,8,23,,,0.0,,,,,,,,,,,,,
USC00043491,1995,8,24,,,0.0,,,,,,,,,,,,,
USC00043491,1995,8,25,,,0.0,,,,,,,,,,,,,
USC00043491,1995,8,26,,,0.0,,,,,,,,,,,,,
USC00043491,1995,8,27,,,0.0,,,,,,,,,,,,,
USC00043491,1995,8,28,,,0.0,,,,,,,,,,,,,
USC00043491,1995,8,29,,,0.0,,,,,,,,,,,,,
USC00043491,1995,8,3,,,0.0,,,,,,,,,,,,,
USC00043491,1995,8,30,,,0.0,,,,,,,,,,,,,
USC00043491,1995,8,31,,,0.0,,,,,,,,,,,,,
USC00043491,1995,8,4,,,0.0,,,,,,,,,,,,,
USC00043491,1995,8,5,,,0.0,,,,,,,,,,,,,
USC00043491,1995,8,6,,,0.0,,,,,,,,,,,,,
USC00043491,1995,8,7,,,0.0,,,,,,,,,,,,,
USC00043491,1995,8,8,,,0.0,,,,,,,,,,,,,
USC00043491,1995,8,9,,,0.0,,,,,,,,,,,,,
USC00043491,1995,9,1,,,0.0,,,,,,,,,,,,,
USC00043491,1995,9,10,,,0.0,,,,,,,,,,,,,
USC00043491,1995,9,11,,,0.0,,,,,,,,,,,,,
USC00043491,1995,9,12,,,0.0,,,,,,,,,,,,,
USC00043491,1995,9,13,,,0.0,,,,,,,,,,,,,
USC00043491,1995,9,14,,,0.0,,,,,,,,,,,,,
USC00043491,1995,9,15,,,0.0,,,,,,,,,,,,,
USC00043491,1995,9,16,,,0.0,,,,,,,,,,,,,
USC00043491,1995,9,17,,,0.0,,,,,,,,,,,,,
USC00043491,1995,9,18,,,0.0,,,,,,,,,,,,,
USC00043491,1995,9,19,,,0.0,,,,,,,,,,,,,
USC00043491,1995,9,2,,,0.0,,,,,,,,,,,,,
USC00043491,1995,9,20,,,0.0,,,,,,,,,,,,,
USC00043491,1995,9,21,,,0.0,,,,,,,,,,,,,
USC00043491,1995,9,22,,,0.0,,,,,,,,,,,,,
USC00043491,1995,9,23,,,0.0,,,,,,,,,,,,,
USC00043491,1995,9,24,,,0.0,,,,,,,,,,,,,
USC00043491,1995,9,25,,,0.0,,,,,,,,,,,,,
USC00043491,1995,9,26,,,0.0,,,,,,,,,,,,,
USC00043491,1995,9,27,,,0.0,,,,,,,,,,,,,
USC00043491,1995,9,28,,,0.0,,,,,,,,,,,,,
USC00043491,1995,9,29,,,0.0,,,,,,,,,,,,,
USC00043491,1995,9,3,,,0.0,,,,,,,,,,,,,
USC00043491,1995,9,30,,,0.0,,,,,,,,,,,,,
USC00043491,1995,9,31,,,-9999.0,,,,,,,,,,,,,
USC00043491,1995,9,4,,,0.0,,,,,,,,,,,,,
USC00043491,1995,9,5,,,0.0,,,,,,,,,,,,,
USC00043491,1995,9,6,,,0.0,,,,,,,,,,,,,
USC00043491,1995,9,7,,,0.0,,,,,,,,,,,,,
USC00043491,1995,9,8,,,0.0,,,,,,,,,,,,,
USC00043491,1995,9,9,,,0.0,,,,,,,,,,,,,
USC00043491,1995,10,1,,,0.0,,,,,,,,,,,,,
USC00043491,1995,10,10,,,0.0,,,,,,,,,,,,,
USC00043491,1995,10,11,,,0.0,,,,,,,,,,,,,
USC00043491,1995,10,12,,,0.0,,,,,,,,,,,,,
USC00043491,1995,10,13,,,0.0,,,,,,,,,,,,,
USC00043491,1995,10,14,,,0.0,,,,,,,,,,,,,
USC00043491,1995,10,15,,,0.0,,,,,,,,,,,,,
USC00043491,1995,10,16,,,0.0,,,,,,,,,,,,,
USC00043491,1995,10,17,,,0.0,,,,,,,,,,,,,
USC00043491,1995,10,18,,,0.0,,,,,,,,,,,,,
USC00043491,1995,10,19,,,0.0,,,,,,,,,,,,,
USC00043491,1995,10,2,,,0.0,,,,,,,,,,,,,
USC00043491,1995,10,20,,,0.0,,,,,,,,,,,,,
USC00043491,1995,10,21,,,0.0,,,,,,,,,,,,,
USC00043491,1995,10,22,,,0.0,,,,,,,,,,,,,
USC00043491,1995,10,23,,,0.0,,,,,,,,,,,,,
USC00043491,1995,10,24,,,0.0,,,,,,,,,,,,,
USC00043491,1995,10,25,,,0.0,,,,,,,,,,,,,
USC00043491,1995,10,26,,,0.0,,,,,,,,,,,,,
USC00043491,1995,10,27,,,0.0,,,,,,,,,,,,,
USC00043491,1995,10,28,,,0.0,,,,,,,,,,,,,
USC00043491,1995,10,29,,,0.0,,,,,,,,,,,,,
USC00043491,1995,10,3,,,0.0,,,,,,,,,,,,,
USC00043491,1995,10,30,,,0.0,,,,,,,,,,,,,
USC00043491,1995,10,31,,,0.0,,,,,,,,,,,,,
USC00043491,1995,10,4,,,0.0,,,,,,,,,,,,,
USC00043491,1995,10,5,,,0.0,,,,,,,,,,,,,
USC00043491,1995,10,6,,,0.0,,,,,,,,,,,,,
USC00043491,1995,10,7,,,0.0,,,,,,,,,,,,,
USC00043491,1995,10,8,,,0.0,,,,,,,,,,,,,
USC00043491,1995,10,9,,,0.0,,,,,,,,,,,,,
USC00043491,1995,11,1,,,0.0,,,,,,,,,,,,,
USC00043491,1995,11,10,,,0.0,,,,,,,,,,,,,
USC00043491,1995,11,11,,,0.0,,,,,,,,,,,,,
USC00043491,1995,11,12,,,0.0,,,,,,,,,,,,,
USC00043491,1995,11,13,,,0.0,,,,,,,,,,,,,
USC00043491,1995,11,14,,,0.0,,,,,,,,,,,,,
USC00043491,1995,11,15,,,0.0,,,,,,,,,,,,,
USC00043491,1995,11,16,,,0.0,,,,,,,,,,,,,
USC00043491,1995,11,17,,,0.0,,,,,,,,,,,,,
USC00043491,1995,11,18,,,3.0,,,,,,,,,,,,,
USC00043491,1995,11,19,,,0.0,,,,,,,,,,,,,
USC00043491,1995,11,2,,,0.0,,,,,,,,,,,,,
USC00043491,1995,11,20,,,0.0,,,,,,,,,,,,,
USC00043491,1995,11,21,,,0.0,,,,,,,,,,,,,
USC00043491,1995,11,22,,,0.0,,,,,,,,,,,,,
USC00043491,1995,11,23,,,0.0,,,,,,,,,,,,,
USC00043491,1995,11,24,,,0.0,,,,,,,,,,,,,
USC00043491,1995,11,25,,,152.0,,,,,,,,,,,,,
USC00043491,1995,11,26,,,0.0,,,,,,,,,,,,,
USC00043491,1995,11,27,,,0.0,,,,,,,,,,,,,
USC00043491,1995,11,28,,,0.0,,,,,,,,,,,,,
USC00043491,1995,11,29,,,0.0,,,,,,,,,,,,,
USC00043491,1995,11,3,,,0.0,,,,,,,,,,,,,
USC00043491,1995,11,30,,,0.0,,,,,,,,,,,,,
USC00043491,1995,11,31,,,-9999.0,,,,,,,,,,,,,
USC00043491,1995,11,4,,,0.0,,,,,,,,,,,,,
USC00043491,1995,11,5,,,0.0,,,,,,,,,,,,,
USC00043491,1995,11,6,,,0.0,,,,,,,,,,,,,
USC00043491,1995,11,7,,,0.0,,,,,,,,,,,,,
USC00043491,1995,11,8,,,0.0,,,,,,,,,,,,,
USC00043491,1995,11,9,,,0.0,,,,,,,,,,,,,
USC00043491,1995,12,1,,,89.0,,,,,,,,-9999.0,-9999.0,,,,
USC00043491,1995,12,10,,,79.0,,,,,,,,-9999.0,-9999.0,,,,
USC00043491,1995,12,11,,,544.0,,,,,,,,-9999.0,-9999.0,,,,
USC00043491,1995,12,12,,,973.0,,,,,,,,-9999.0,1.0,,,,
USC00043491,1995,12,13,,,198.0,,,,,,,,-9999.0,-9999.0,,,,
USC00043491,1995,12,14,,,0.0,,,,,,,,-9999.0,-9999.0,,,,
USC00043491,1995,12,15,,,229.0,,,,,,,,-9999.0,1.0,,,,
USC00043491,1995,12,16,,,84.0,,,,,,,,1.0,-9999.0,,,,
USC00043491,1995,12,17,,,0.0,,,,,,,,-9999.0,-9999.0,,,,
USC00043491,1995,12,18,,,0.0,,,,,,,,-9999.0,-9999.0,,,,
USC00043491,1995,12,19,,,0.0,,,,,,,,-9999.0,-9999.0,,,,
USC00043491,1995,12,2,,,97.0,,,,,,,,-9999.0,-9999.0,,,,
USC00043491,1995,12,20,,,0.0,,,,,,,,-9999.0,-9999.0,,,,
USC00043491,1995,12,21,,,0.0,,,,,,,,-9999.0,-9999.0,,,,
USC00043491,1995,12,22,,,0.0,,,,,,,,-9999.0,-9999.0,,,,
USC00043491,1995,12,23,,,0.0,,,,,,,,-9999.0,-9999.0,,,,
USC00043491,1995,12,24,,,0.0,,,,,,,,-9999.0,-9999.0,,,,
USC00043491,1995,12,25,,,0.0,,,,,,,,-9999.0,-9999.0,,,,
USC00043491,1995,12,26,,,0.0,,,,,,,,-9999.0,-9999.0,,,,
USC00043491,1995,12,27,,,0.0,,,,,,,,-9999.0,-9999.0,,,,
USC00043491,1995,12,28,,,86.0,,,,,,,,-9999.0,-9999.0,,,,
USC00043491,1995,12,29,,,391.0,,,,,,,,-9999.0,-9999.0,,,,
USC00043491,1995,12,3,,,104.0,,,,,,,,-9999.0,-9999.0,,,,
USC00043491,1995,12,30,,,257.0,,,,,,,,-9999.0,-9999.0,,,,
USC00043491,1995,12,31,,,23.0,,,,,,,,-9999.0,-9999.0,,,,
USC00043491,1995,12,4,,,203.0,,,,,,,,-9999.0,-9999.0,,,,
USC00043491,1995,12,5,,,25.0,,,,,,,,-9999.0,-9999.0,,,,
USC00043491,1995,12,6,,,71.0,,,,,,,,-9999.0,-9999.0,,,,
USC00043491,1995,12,7,,,0.0,,,,,,,,-9999.0,-9999.0,,,,
USC00043491,1995,12,8,,,0.0,,,,,,,,-9999.0,-9999.0,,,,
USC00043491,1995,12,9,,,0.0,,,,,,,,-9999.0,-9999.0,,,,
USC00043491,1996,1,1,,,0.0,,,,,,,,-9999.0,-9999.0,,,,
USC00043491,1996,1,10,,,0.0,,,,,,,,-9999.0,-9999.0,,,,
USC00043491,1996,1,11,,,0.0,,,,,,,,-9999.0,-9999.0,,,,
USC00043491,1996,1,12,,,0.0,,,,,,,,-9999.0,-9999.0,,,,
USC00043491,1996,1,13,,,0.0,,,,,,,,-9999.0,-9999.0,,,,
USC00043491,1996,1,14,,,0.0,,,,,,,,-9999.0,-9999.0,,,,
USC00043491,1996,1,15,,,213.0,,,,,,,,-9999.0,-9999.0,,,,
USC00043491,1996,1,16,,,284.0,,,,,,,,-9999.0,-9999.0,,,,
USC00043491,1996,1,17,,,0.0,,,,,,,,-9999.0,-9999.0,,,,
USC00043491,1996,1,18,,,277.0,,,,,,,,-9999.0,-9999.0,,,,
USC00043491,1996,1,19,,,0.0,,,,,,,,-9999.0,-9999.0,,,,
USC00043491,1996,1,2,,,0.0,,,,,,,,-9999.0,-9999.0,,,,
USC00043491,1996,1,20,,,0.0,,,,,,,,-9999.0,-9999.0,,,,
USC00043491,1996,1,21,,,257.0,,,,,,,,1.0,-9999.0,,,,
USC00043491,1996,1,22,,,66.0,,,,,,,,1.0,-9999.0,,,,
USC00043491,1996,1,23,,,178.0,,,,,,,,-9999.0,1.0,,,,
USC00043491,1996,1,24,,,546.0,,,,,,,,-9999.0,-9999.0,,,,
USC00043491,1996,1,25,,,300.0,,,,,,,,-9999.0,-9999.0,,,,
USC00043491,1996,1,26,,,0.0,,,,,,,,-9999.0,-9999.0,,,,
USC00043491,1996,1,27,,,592.0,,,,,,,,-9999.0,-9999.0,,,,
USC00043491,1996,1,28,,,0.0,,,,,,,,-9999.0,-9999.0,,,,
USC00043491,1996,1,29,,,0.0,,,,,,,,-9999.0,-9999.0,,,,
USC00043491,1996,1,3,,,0.0,,,,,,,,-9999.0,-9999.0,,,,
USC00043491,1996,1,30,,,0.0,,,,,,,,-9999.0,-9999.0,,,,
USC00043491,1996,1,31,,,89.0,,,,,,,,-9999.0,-9999.0,,,,
USC00043491,1996,1,4,,,0.0,,,,,,,,-9999.0,-9999.0,,,,
USC00043491,1996,1,5,,,0.0,,,,,,,,-9999.0,-9999.0,,,,
USC00043491,1996,1,6,,,0.0,,,,,,,,-9999.0,-9999.0,,,,
USC00043491,1996,1,7,,,0.0,,,,,,,,-9999.0,-9999.0,,,,
USC00043491,1996,1,8,,,0.0,,,,,,,,-9999.0,-9999.0,,,,
USC00043491,1996,1,9,,,23.0,,,,,,,,-9999.0,-9999.0,,,,
USC00043491,1996,2,1,,,46.0,,,,,,,,,,,,,
USC00043491,1996,2,10,,,0.0,,,,,,,,,,,,,
USC00043491,1996,2,11,,,0.0,,,,,,,,,,,,,
USC00043491,1996,2,12,,,0.0,,,,,,,,,,,,,
USC00043491,1996,2,13,,,0.0,,,,,,,,,,,,,
USC00043491,1996,2,14,,,0.0,,,,,,,,,,,,,
USC00043491,1996,2,15,,,0.0,,,,,,,,,,,,,
USC00043491,1996,2,16,,,51.0,,,,,,,,,,,,,
USC00043491,1996,2,17,,,69.0,,,,,,,,,,,,,
USC00043491,1996,2,18,,,51.0,,,,,,,,,,,,,
USC00043491,1996,2,19,,,554.0,,,,,,,,,,,,,
USC00043491,1996,2,2,,,0.0,,,,,,,,,,,,,
USC00043491,1996,2,20,,,274.0,,,,,,,,,,,,,
USC00043491,1996,2,21,,,180.0,,,,,,,,,,,,,
USC00043491,1996,2,22,,,239.0,,,,,,,,,,,,,
USC00043491,1996,2,23,,,0.0,,,,,,,,,,,,,
USC00043491,1996,2,24,,,249.0,,,,,,,,,,,,,
USC00043491,1996,2,25,,,361.0,,,,,,,,,,,,,
USC00043491,1996,2,26,,,8.0,,,,,,,,,,,,,
USC00043491,1996,2,27,,,10.0,,,,,,,,,,,,,
USC00043491,1996,2,28,,,0.0,,,,,,,,,,,,,
USC00043491,1996,2,29,,,0.0,,,,,,,,,,,,,
USC00043491,1996,2,3,,,0.0,,,,,,,,,,,,,
USC00043491,1996,2,30,,,-9999.0,,,,,,,,,,,,,
USC00043491,1996,2,31,,,-9999.0,,,,,,,,,,,,,
USC00043491,1996,2,4,,,767.0,,,,,,,,,,,,,
USC00043491,1996,2,5,,,490.0,,,,,,,,,,,,,
USC00043491,1996,2,6,,,0.0,,,,,,,,,,,,,
USC00043491,1996,2,7,,,0.0,,,,,,,,,,,,,
USC00043491,1996,2,8,,,0.0,,,,,,,,,,,,,
USC00043491,1996,2,9,,,0.0,,,,,,,,,,,,,
USC00043491,1996,3,1,,,0.0,,,,,,,,-9999.0,-9999.0,,,,
USC00043491,1996,3,10,,,53.0,,,,,,,,-9999.0,-9999.0,,,,
USC00043491,1996,3,11,,,259.0,,,,,,,,-9999.0,-9999.0,,,,
USC00043491,1996,3,12,,,272.0,,,,,,,,-9999.0,-9999.0,,,,
USC00043491,1996,3,13,,,0.0,,,,,,,,-9999.0,-9999.0,,,,
USC00043491,1996,3,14,,,0.0,,,,,,,,-9999.0,-9999.0,,,,
USC00043491,1996,3,15,,,0.0,,,,,,,,-9999.0,-9999.0,,,,
USC00043491,1996,3,16,,,0.0,,,,,,,,-9999.0,-9999.0,,,,
USC00043491,1996,3,17,,,0.0,,,,,,,,-9999.0,-9999.0,,,,
USC00043491,1996,3,18,,,0.0,,,,,,,,-9999.0,-9999.0,,,,
USC00043491,1996,3,19,,,0.0,,,,,,,,-9999.0,-9999.0,,,,
USC00043491,1996,3,2,,,0.0,,,,,,,,-9999.0,-9999.0,,,,
USC00043491,1996,3,20,,,0.0,,,,,,,,-9999.0,-9999.0,,,,
USC00043491,1996,3,21,,,0.0,,,,,,,,-9999.0,-9999.0,,,,
USC00043491,1996,3,22,,,20.0,,,,,,,,-9999.0,-9999.0,,,,
USC00043491,1996,3,23,,,0.0,,,,,,,,-9999.0,-9999.0,,,,
USC00043491,1996,3,24,,,0.0,,,,,,,,-9999.0,-9999.0,,,,
USC00043491,1996,3,25,,,0.0,,,,,,,,-9999.0,-9999.0,,,,
USC00043491,1996,3,26,,,0.0,,,,,,,,-9999.0,-9999.0,,,,
USC00043491,1996,3,27,,,86.0,,,,,,,,-9999.0,-9999.0,,,,
USC00043491,1996,3,28,,,28.0,,,,,,,,-9999.0,-9999.0,,,,
USC00043491,1996,3,29,,,0.0,,,,,,,,-9999.0,-9999.0,,,,
USC00043491,1996,3,3,,,84.0,,,,,,,,-9999.0,-9999.0,,,,
USC00043491,1996,3,30,,,0.0,,,,,,,,-9999.0,-9999.0,,,,
USC00043491,1996,3,31,,,0.0,,,,,,,,-9999.0,-9999.0,,,,
USC00043491,1996,3,4,,,386.0,,,,,,,,-9999.0,-9999.0,,,,
USC00043491,1996,3,5,,,254.0,,,,,,,,1.0,1.0,,,,
USC00043491,1996,3,6,,,0.0,,,,,,,,-9999.0,-9999.0,,,,
USC00043491,1996,3,7,,,0.0,,,,,,,,-9999.0,-9999.0,,,,
USC00043491,1996,3,8,,,0.0,,,,,,,,-9999.0,-9999.0,,,,
USC00043491,1996,3,9,,,0.0,,,,,,,,-9999.0,-9999.0,,,,
USC00043491,1996,4,1,,,897.0,,,,,,,,-9999.0,,,,,
USC00043491,1996,4,10,,,0.0,,,,,,,,-9999.0,,,,,
USC00043491,1996,4,11,,,0.0,,,,,,,,-9999.0,,,,,
USC00043491,1996,4,12,,,28.0,,,,,,,,1.0,,,,,
USC00043491,1996,4,13,,,0.0,,,,,,,,-9999.0,,,,,
USC00043491,1996,4,14,,,117.0,,,,,,,,-9999.0,,,,,
USC00043491,1996,4,15,,,175.0,,,,,,,,-9999.0,,,,,
USC00043491,1996,4,16,,,117.0,,,,,,,,-9999.0,,,,,
USC00043491,1996,4,17,,,213.0,,,,,,,,-9999.0,,,,,
USC00043491,1996,4,18,,,0.0,,,,,,,,-9999.0,,,,,
USC00043491,1996,4,19,,,94.0,,,,,,,,-9999.0,,,,,
USC00043491,1996,4,2,,,0.0,,,,,,,,-9999.0,,,,,
USC00043491,1996,4,20,,,0.0,,,,,,,,-9999.0,,,,,
USC00043491,1996,4,21,,,0.0,,,,,,,,-9999.0,,,,,
USC00043491,1996,4,22,,,0.0,,,,,,,,-9999.0,,,,,
USC00043491,1996,4,23,,,0.0,,,,,,,,-9999.0,,,,,
USC00043491,1996,4,24,,,69.0,,,,,,,,-9999.0,,,,,
USC00043491,1996,4,25,,,0.0,,,,,,,,-9999.0,,,,,
USC00043491,1996,4,26,,,0.0,,,,,,,,-9999.0,,,,,
USC00043491,1996,4,27,,,0.0,,,,,,,,-9999.0,,,,,
USC00043491,1996,4,28,,,0.0,,,,,,,,-9999.0,,,,,
USC00043491,1996,4,29,,,0.0,,,,,,,,-9999.0,,,,,
USC00043491,1996,4,3,,,0.0,,,,,,,,-9999.0,,,,,
USC00043491,1996,4,30,,,0.0,,,,,,,,-9999.0,,,,,
USC00043491,1996,4,31,,,-9999.0,,,,,,,,-9999.0,,,,,
USC00043491,1996,4,4,,,0.0,,,,,,,,-9999.0,,,,,
USC00043491,1996,4,5,,,0.0,,,,,,,,-9999.0,,,,,
USC00043491,1996,4,6,,,0.0,,,,,,,,-9999.0,,,,,
USC00043491,1996,4,7,,,0.0,,,,,,,,-9999.0,,,,,
USC00043491,1996,4,8,,,0.0,,,,,,,,-9999.0,,,,,
USC00043491,1996,4,9,,,8.0,,,,,,,,-9999.0,,,,,
USC00043491,1996,5,1,,,0.0,,,,,,,,,,,,,
USC00043491,1996,5,10,,,0.0,,,,,,,,,,,,,
USC00043491,1996,5,11,,,0.0,,,,,,,,,,,,,
USC00043491,1996,5,12,,,0.0,,,,,,,,,,,,,
USC00043491,1996,5,13,,,0.0,,,,,,,,,,,,,
USC00043491,1996,5,14,,,20.0,,,,,,,,,,,,,
USC00043491,1996,5,15,,,221.0,,,,,,,,,,,,,
USC00043491,1996,5,16,,,1041.0,,,,,,,,,,,,,
USC00043491,1996,5,17,,,191.0,,,,,,,,,,,,,
USC00043491,1996,5,18,,,191.0,,,,,,,,,,,,,
USC00043491,1996,5,19,,,13.0,,,,,,,,,,,,,
USC00043491,1996,5,2,,,0.0,,,,,,,,,,,,,
USC00043491,1996,5,20,,,0.0,,,,,,,,,,,,,
USC00043491,1996,5,21,,,135.0,,,,,,,,,,,,,
USC00043491,1996,5,22,,,51.0,,,,,,,,,,,,,
USC00043491,1996,5,23,,,0.0,,,,,,,,,,,,,
USC00043491,1996,5,24,,,0.0,,,,,,,,,,,,,
USC00043491,1996,5,25,,,0.0,,,,,,,,,,,,,
USC00043491,1996,5,26,,,0.0,,,,,,,,,,,,,
USC00043491,1996,5,27,,,0.0,,,,,,,,,,,,,
USC00043491,1996,5,28,,,0.0,,,,,,,,,,,,,
USC00043491,1996,5,29,,,0.0,,,,,,,,,,,,,
USC00043491,1996,5,3,,,0.0,,,,,,,,,,,,,
USC00043491,1996,5,30,,,0.0,,,,,,,,,,,,,
USC00043491,1996,5,31,,,0.0,,,,,,,,,,,,,
USC00043491,1996,5,4,,,0.0,,,,,,,,,,,,,
USC00043491,1996,5,5,,,0.0,,,,,,,,,,,,,
USC00043491,1996,5,6,,,0.0,,,,,,,,,,,,,
USC00043491,1996,5,7,,,0.0,,,,,,,,,,,,,
USC00043491,1996,5,8,,,0.0,,,,,,,,,,,,,
USC00043491,1996,5,9,,,0.0,,,,,,,,,,,,,
USC00043491,1996,6,1,,,0.0,,,,,,,,,,,,,
USC00043491,1996,6,10,,,0.0,,,,,,,,,,,,,
USC00043491,1996,6,11,,,0.0,,,,,,,,,,,,,
USC00043491,1996,6,12,,,0.0,,,,,,,,,,,,,
USC00043491,1996,6,13,,,0.0,,,,,,,,,,,,,
USC00043491,1996,6,14,,,0.0,,,,,,,,,,,,,
USC00043491,1996,6,15,,,0.0,,,,,,,,,,,,,
USC00043491,1996,6,16,,,0.0,,,,,,,,,,,,,
USC00043491,1996,6,17,,,0.0,,,,,,,,,,,,,
USC00043491,1996,6,18,,,0.0,,,,,,,,,,,,,
USC00043491,1996,6,19,,,0.0,,,,,,,,,,,,,
USC00043491,1996,6,2,,,0.0,,,,,,,,,,,,,
USC00043491,1996,6,20,,,0.0,,,,,,,,,,,,,
USC00043491,1996,6,21,,,0.0,,,,,,,,,,,,,
USC00043491,1996,6,22,,,0.0,,,,,,,,,,,,,
USC00043491,1996,6,23,,,0.0,,,,,,,,,,,,,
USC00043491,1996,6,24,,,0.0,,,,,,,,,,,,,
USC00043491,1996,6,25,,,0.0,,,,,,,,,,,,,
USC00043491,1996,6,26,,,38.0,,,,,,,,,,,,,
USC00043491,1996,6,27,,,0.0,,,,,,,,,,,,,
USC00043491,1996,6,28,,,0.0,,,,,,,,,,,,,
USC00043491,1996,6,29,,,0.0,,,,,,,,,,,,,
USC00043491,1996,6,3,,,0.0,,,,,,,,,,,,,
USC00043491,1996,6,30,,,0.0,,,,,,,,,,,,,
USC00043491,1996,6,31,,,-9999.0,,,,,,,,,,,,,
USC00043491,1996,6,4,,,0.0,,,,,,,,,,,,,
USC00043491,1996,6,5,,,0.0,,,,,,,,,,,,,
USC00043491,1996,6,6,,,0.0,,,,,,,,,,,,,
USC00043491,1996,6,7,,,0.0,,,,,,,,,,,,,
USC00043491,1996,6,8,,,0.0,,,,,,,,,,,,,
USC00043491,1996,6,9,,,0.0,,,,,,,,,,,,,
USC00043491,1996,7,1,,,0.0,,,,,,,,,,,,,
USC00043491,1996,7,10,,,0.0,,,,,,,,,,,,,
USC00043491,1996,7,11,,,0.0,,,,,,,,,,,,,
USC00043491,1996,7,12,,,0.0,,,,,,,,,,,,,
USC00043491,1996,7,13,,,0.0,,,,,,,,,,,,,
USC00043491,1996,7,14,,,0.0,,,,,,,,,,,,,
USC00043491,1996,7,15,,,0.0,,,,,,,,,,,,,
USC00043491,1996,7,16,,,0.0,,,,,,,,,,,,,
USC00043491,1996,7,17,,,0.0,,,,,,,,,,,,,
USC00043491,1996,7,18,,,0.0,,,,,,,,,,,,,
USC00043491,1996,7,19,,,0.0,,,,,,,,,,,,,
USC00043491,1996,7,2,,,0.0,,,,,,,,,,,,,
USC00043491,1996,7,20,,,0.0,,,,,,,,,,,,,
USC00043491,1996,7,21,,,0.0,,,,,,,,,,,,,
USC00043491,1996,7,22,,,0.0,,,,,,,,,,,,,
USC00043491,1996,7,23,,,0.0,,,,,,,,,,,,,
USC00043491,1996,7,24,,,0.0,,,,,,,,,,,,,
USC00043491,1996,7,25,,,0.0,,,,,,,,,,,,,
USC00043491,1996,7,26,,,0.0,,,,,,,,,,,,,
USC00043491,1996,7,27,,,0.0,,,,,,,,,,,,,
USC00043491,1996,7,28,,,8.0,,,,,,,,,,,,,
USC00043491,1996,7,29,,,0.0,,,,,,,,,,,,,
USC00043491,1996,7,3,,,0.0,,,,,,,,,,,,,
USC00043491,1996,7,30,,,0.0,,,,,,,,,,,,,
USC00043491,1996,7,31,,,0.0,,,,,,,,,,,,,
USC00043491,1996,7,4,,,0.0,,,,,,,,,,,,,
USC00043491,1996,7,5,,,0.0,,,,,,,,,,,,,
USC00043491,1996,7,6,,,0.0,,,,,,,,,,,,,
USC00043491,1996,7,7,,,0.0,,,,,,,,,,,,,
USC00043491,1996,7,8,,,0.0,,,,,,,,,,,,,
USC00043491,1996,7,9,,,0.0,,,,,,,,,,,,,
USC00043491,1996,8,1,,,0.0,,,,,,,,,,,,,
USC00043491,1996,8,10,,,0.0,,,,,,,,,,,,,
USC00043491,1996,8,11,,,0.0,,,,,,,,,,,,,
USC00043491,1996,8,12,,,0.0,,,,,,,,,,,,,
USC00043491,1996,8,13,,,0.0,,,,,,,,,,,,,
USC00043491,1996,8,14,,,0.0,,,,,,,,,,,,,
USC00043491,1996,8,15,,,0.0,,,,,,,,,,,,,
USC00043491,1996,8,16,,,0.0,,,,,,,,,,,,,
USC00043491,1996,8,17,,,0.0,,,,,,,,,,,,,
USC00043491,1996,8,18,,,0.0,,,,,,,,,,,,,
USC00043491,1996,8,19,,,0.0,,,,,,,,,,,,,
USC00043491,1996,8,2,,,0.0,,,,,,,,,,,,,
USC00043491,1996,8,20,,,0.0,,,,,,,,,,,,,
USC00043491,1996,8,21,,,0.0,,,,,,,,,,,,,
USC00043491,1996,8,22,,,0.0,,,,,,,,,,,,,
USC00043491,1996,8,23,,,0.0,,,,,,,,,,,,,
USC00043491,1996,8,24,,,0.0,,,,,,,,,,,,,
USC00043491,1996,8,25,,,0.0,,,,,,,,,,,,,
USC00043491,1996,8,26,,,0.0,,,,,,,,,,,,,
USC00043491,1996,8,27,,,0.0,,,,,,,,,,,,,
USC00043491,1996,8,28,,,0.0,,,,,,,,,,,,,
USC00043491,1996,8,29,,,0.0,,,,,,,,,,,,,
USC00043491,1996,8,3,,,0.0,,,,,,,,,,,,,
USC00043491,1996,8,30,,,0.0,,,,,,,,,,,,,
USC00043491,1996,8,31,,,0.0,,,,,,,,,,,,,
USC00043491,1996,8,4,,,0.0,,,,,,,,,,,,,
USC00043491,1996,8,5,,,0.0,,,,,,,,,,,,,
USC00043491,1996,8,6,,,0.0,,,,,,,,,,,,,
USC00043491,1996,8,7,,,0.0,,,,,,,,,,,,,
USC00043491,1996,8,8,,,0.0,,,,,,,,,,,,,
USC00043491,1996,8,9,,,0.0,,,,,,,,,,,,,
USC00043491,1996,9,1,,,0.0,,,,,,,,,,,,,
USC00043491,1996,9,10,,,0.0,,,,,,,,,,,,,
USC00043491,1996,9,11,,,0.0,,,,,,,,,,,,,
USC00043491,1996,9,12,,,0.0,,,,,,,,,,,,,
USC00043491,1996,9,13,,,58.0,,,,,,,,,,,,,
USC00043491,1996,9,14,,,23.0,,,,,,,,,,,,,
USC00043491,1996,9,15,,,86.0,,,,,,,,,,,,,
USC00043491,1996,9,16,,,15.0,,,,,,,,,,,,,
USC00043491,1996,9,17,,,0.0,,,,,,,,,,,,,
USC00043491,1996,9,18,,,0.0,,,,,,,,,,,,,
USC00043491,1996,9,19,,,0.0,,,,,,,,,,,,,
USC00043491,1996,9,2,,,0.0,,,,,,,,,,,,,
USC00043491,1996,9,20,,,0.0,,,,,,,,,,,,,
USC00043491,1996,9,21,,,0.0,,,,,,,,,,,,,
USC00043491,1996,9,22,,,0.0,,,,,,,,,,,,,
USC00043491,1996,9,23,,,0.0,,,,,,,,,,,,,
USC00043491,1996,9,24,,,0.0,,,,,,,,,,,,,
USC00043491,1996,9,25,,,0.0,,,,,,,,,,,,,
USC00043491,1996,9,26,,,0.0,,,,,,,,,,,,,
USC00043491,1996,9,27,,,0.0,,,,,,,,,,,,,
USC00043491,1996,9,28,,,0.0,,,,,,,,,,,,,
USC00043491,1996,9,29,,,0.0,,,,,,,,,,,,,
USC00043491,1996,9,3,,,0.0,,,,,,,,,,,,,
USC00043491,1996,9,30,,,0.0,,,,,,,,,,,,,
USC00043491,1996,9,31,,,-9999.0,,,,,,,,,,,,,
USC00043491,1996,9,4,,,0.0,,,,,,,,,,,,,
USC00043491,1996,9,5,,,0.0,,,,,,,,,,,,,
USC00043491,1996,9,6,,,0.0,,,,,,,,,,,,,
USC00043491,1996,9,7,,,0.0,,,,,,,,,,,,,
USC00043491,1996,9,8,,,0.0,,,,,,,,,,,,,
USC00043491,1996,9,9,,,0.0,,,,,,,,,,,,,
USC00043491,1996,10,1,,,0.0,,,,,,,,,,,,,
USC00043491,1996,10,10,,,0.0,,,,,,,,,,,,,
USC00043491,1996,10,11,,,0.0,,,,,,,,,,,,,
USC00043491,1996,10,12,,,0.0,,,,,,,,,,,,,
USC00043491,1996,10,13,,,0.0,,,,,,,,,,,,,
USC00043491,1996,10,14,,,0.0,,,,,,,,,,,,,
USC00043491,1996,10,15,,,0.0,,,,,,,,,,,,,
USC00043491,1996,10,16,,,0.0,,,,,,,,,,,,,
USC00043491,1996,10,17,,,0.0,,,,,,,,,,,,,
USC00043491,1996,10,18,,,102.0,,,,,,,,,,,,,
USC00043491,1996,10,19,,,0.0,,,,,,,,,,,,,
USC00043491,1996,10,2,,,0.0,,,,,,,,,,,,,
USC00043491,1996,10,20,,,0.0,,,,,,,,,,,,,
USC00043491,1996,10,21,,,0.0,,,,,,,,,,,,,
USC00043491,1996,10,22,,,0.0,,,,,,,,,,,,,
USC00043491,1996,10,23,,,0.0,,,,,,,,,,,,,
USC00043491,1996,10,24,,,64.0,,,,,,,,,,,,,
USC00043491,1996,10,25,,,38.0,,,,,,,,,,,,,
USC00043491,1996,10,26,,,0.0,,,,,,,,,,,,,
USC00043491,1996,10,27,,,0.0,,,,,,,,,,,,,
USC00043491,1996,10,28,,,0.0,,,,,,,,,,,,,
USC00043491,1996,10,29,,,188.0,,,,,,,,,,,,,
USC00043491,1996,10,3,,,0.0,,,,,,,,,,,,,
USC00043491,1996,10,30,,,213.0,,,,,,,,,,,,,
USC00043491,1996,10,31,,,0.0,,,,,,,,,,,,,
USC00043491,1996,10,4,,,0.0,,,,,,,,,,,,,
USC00043491,1996,10,5,,,0.0,,,,,,,,,,,,,
USC00043491,1996,10,6,,,0.0,,,,,,,,,,,,,
USC00043491,1996,10,7,,,0.0,,,,,,,,,,,,,
USC00043491,1996,10,8,,,0.0,,,,,,,,,,,,,
USC00043491,1996,10,9,,,0.0,,,,,,,,,,,,,
USC00043491,1996,11,1,,,0.0,,,,,,,,,,,,,
USC00043491,1996,11,10,,,0.0,,,,,,,,,,,,,
USC00043491,1996,11,11,,,0.0,,,,,,,,,,,,,
USC00043491,1996,11,12,,,0.0,,,,,,,,,,,,,
USC00043491,1996,11,13,,,0.0,,,,,,,,,,,,,
USC00043491,1996,11,14,,,0.0,,,,,,,,,,,,,
USC00043491,1996,11,15,,,0.0,,,,,,,,,,,,,
USC00043491,1996,11,16,,,175.0,,,,,,,,,,,,,
USC00043491,1996,11,17,,,455.0,,,,,,,,,,,,,
USC00043491,1996,11,18,,,508.0,,,,,,,,,,,,,
USC00043491,1996,11,19,,,193.0,,,,,,,,,,,,,
USC00043491,1996,11,2,,,0.0,,,,,,,,,,,,,
USC00043491,1996,11,20,,,0.0,,,,,,,,,,,,,
USC00043491,1996,11,21,,,122.0,,,,,,,,,,,,,
USC00043491,1996,11,22,,,559.0,,,,,,,,,,,,,
USC00043491,1996,11,23,,,0.0,,,,,,,,,,,,,
USC00043491,1996,11,24,,,188.0,,,,,,,,,,,,,
USC00043491,1996,11,25,,,13.0,,,,,,,,,,,,,
USC00043491,1996,11,26,,,0.0,,,,,,,,,,,,,
USC00043491,1996,11,27,,,0.0,,,,,,,,,,,,,
USC00043491,1996,11,28,,,10.0,,,,,,,,,,,,,
USC00043491,1996,11,29,,,0.0,,,,,,,,,,,,,
USC00043491,1996,11,3,,,0.0,,,,,,,,,,,,,
USC00043491,1996,11,30,,,0.0,,,,,,,,,,,,,
USC00043491,1996,11,31,,,-9999.0,,,,,,,,,,,,,
USC00043491,1996,11,4,,,3.0,,,,,,,,,,,,,
USC00043491,1996,11,5,,,0.0,,,,,,,,,,,,,
USC00043491,1996,11,6,,,0.0,,,,,,,,,,,,,
USC00043491,1996,11,7,,,0.0,,,,,,,,,,,,,
USC00043491,1996,11,8,,,0.0,,,,,,,,,,,,,
USC00043491,1996,11,9,,,0.0,,,,,,,,,,,,,
USC00043491,1996,12,1,,,264.0,,,,,,,,,,,,,
USC00043491,1996,12,10,,,490.0,,,,,,,,,,,,,
USC00043491,1996,12,11,,,424.0,,,,,,,,,,,,,
USC00043491,1996,12,12,,,622.0,,,,,,,,,,,,,
USC00043491,1996,12,13,,,0.0,,,,,,,,,,,,,
USC00043491,1996,12,14,,,0.0,,,,,,,,,,,,,
USC00043491,1996,12,15,,,0.0,,,,,,,,,,,,,
USC00043491,1996,12,16,,,0.0,,,,,,,,,,,,,
USC00043491,1996,12,17,,,0.0,,,,,,,,,,,,,
USC00043491,1996,12,18,,,0.0,,,,,,,,,,,,,
USC00043491,1996,12,19,,,0.0,,,,,,,,,,,,,
USC00043491,1996,12,2,,,0.0,,,,,,,,,,,,,
USC00043491,1996,12,20,,,0.0,,,,,,,,,,,,,
USC00043491,1996,12,21,,,508.0,,,,,,,,,,,,,
USC00043491,1996,12,22,,,792.0,,,,,,,,,,,,,
USC00043491,1996,12,23,,,43.0,,,,,,,,,,,,,
USC00043491,1996,12,24,,,0.0,,,,,,,,,,,,,
USC00043491,1996,12,25,,,0.0,,,,,,,,,,,,,
USC00043491,1996,12,26,,,625.0,,,,,,,,,,,,,
USC00043491,1996,12,27,,,358.0,,,,,,,,,,,,,
USC00043491,1996,12,28,,,0.0,,,,,,,,,,,,,
USC00043491,1996,12,29,,,472.0,,,,,,,,,,,,,
USC00043491,1996,12,3,,,0.0,,,,,,,,,,,,,
USC00043491,1996,12,30,,,297.0,,,,,,,,,,,,,
USC00043491,1996,12,31,,,183.0,,,,,,,,,,,,,
USC00043491,1996,12,4,,,511.0,,,,,,,,,,,,,
USC00043491,1996,12,5,,,594.0,,,,,,,,,,,,,
USC00043491,1996,12,6,,,71.0,,,,,,,,,,,,,
USC00043491,1996,12,7,,,0.0,,,,,,,,,,,,,
USC00043491,1996,12,8,,,0.0,,,,,,,,,,,,,
USC00043491,1996,12,9,,,165.0,,,,,,,,,,,,,
USC00043491,1997,1,1,,,978.0,,,,,,,,,,,,,
USC00043491,1997,1,10,,,0.0,,,,,,,,,,,,,
USC00043491,1997,1,11,,,0.0,,,,,,,,,,,,,
USC00043491,1997,1,12,,,58.0,,,,,,,,,,,,,
USC00043491,1997,1,13,,,0.0,,,,,,,,,,,,,
USC00043491,1997,1,14,,,0.0,,,,,,,,,,,,,
USC00043491,1997,1,15,,,38.0,,,,,,,,,,,,,
USC00043491,1997,1,16,,,0.0,,,,,,,,,,,,,
USC00043491,1997,1,17,,,0.0,,,,,,,,,,,,,
USC00043491,1997,1,18,,,0.0,,,,,,,,,,,,,
USC00043491,1997,1,19,,,0.0,,,,,,,,,,,,,
USC00043491,1997,1,2,,,1130.0,,,,,,,,,,,,,
USC00043491,1997,1,20,,,246.0,,,,,,,,,,,,,
USC00043491,1997,1,21,,,183.0,,,,,,,,,,,,,
USC00043491,1997,1,22,,,770.0,,,,,,,,,,,,,
USC00043491,1997,1,23,,,462.0,,,,,,,,,,,,,
USC00043491,1997,1,24,,,0.0,,,,,,,,,,,,,
USC00043491,1997,1,25,,,533.0,,,,,,,,,,,,,
USC00043491,1997,1,26,,,533.0,,,,,,,,,,,,,
USC00043491,1997,1,27,,,0.0,,,,,,,,,,,,,
USC00043491,1997,1,28,,,117.0,,,,,,,,,,,,,
USC00043491,1997,1,29,,,0.0,,,,,,,,,,,,,
USC00043491,1997,1,3,,,102.0,,,,,,,,,,,,,
USC00043491,1997,1,30,,,0.0,,,,,,,,,,,,,
USC00043491,1997,1,31,,,0.0,,,,,,,,,,,,,
USC00043491,1997,1,4,,,0.0,,,,,,,,,,,,,
USC00043491,1997,1,5,,,5.0,,,,,,,,,,,,,
USC00043491,1997,1,6,,,0.0,,,,,,,,,,,,,
USC00043491,1997,1,7,,,0.0,,,,,,,,,,,,,
USC00043491,1997,1,8,,,0.0,,,,,,,,,,,,,
USC00043491,1997,1,9,,,0.0,,,,,,,,,,,,,
USC00043491,1997,2,1,,,0.0,,,,,,,,-9999.0,,,,,
USC00043491,1997,2,10,,,0.0,,,,,,,,-9999.0,,,,,
USC00043491,1997,2,11,,,0.0,,,,,,,,-9999.0,,,,,
USC00043491,1997,2,12,,,0.0,,,,,,,,-9999.0,,,,,
USC00043491,1997,2,13,,,0.0,,,,,,,,-9999.0,,,,,
USC00043491,1997,2,14,,,0.0,,,,,,,,-9999.0,,,,,
USC00043491,1997,2,15,,,0.0,,,,,,,,-9999.0,,,,,
USC00043491,1997,2,16,,,0.0,,,,,,,,-9999.0,,,,,
USC00043491,1997,2,17,,,132.0,,,,,,,,-9999.0,,,,,
USC00043491,1997,2,18,,,0.0,,,,,,,,-9999.0,,,,,
USC00043491,1997,2,19,,,13.0,,,,,,,,-9999.0,,,,,
USC00043491,1997,2,2,,,0.0,,,,,,,,-9999.0,,,,,
USC00043491,1997,2,20,,,0.0,,,,,,,,-9999.0,,,,,
USC00043491,1997,2,21,,,0.0,,,,,,,,-9999.0,,,,,
USC00043491,1997,2,22,,,0.0,,,,,,,,-9999.0,,,,,
USC00043491,1997,2,23,,,0.0,,,,,,,,-9999.0,,,,,
USC00043491,1997,2,24,,,0.0,,,,,,,,-9999.0,,,,,
USC00043491,1997,2,25,,,0.0,,,,,,,,-9999.0,,,,,
USC00043491,1997,2,26,,,0.0,,,,,,,,-9999.0,,,,,
USC00043491,1997,2,27,,,18.0,,,,,,,,-9999.0,,,,,
USC00043491,1997,2,28,,,0.0,,,,,,,,-9999.0,,,,,
USC00043491,1997,2,29,,,-9999.0,,,,,,,,-9999.0,,,,,
USC00043491,1997,2,3,,,0.0,,,,,,,,-9999.0,,,,,
USC00043491,1997,2,30,,,-9999.0,,,,,,,,-9999.0,,,,,
USC00043491,1997,2,31,,,-9999.0,,,,,,,,-9999.0,,,,,
USC00043491,1997,2,4,,,86.0,,,,,,,,1.0,,,,,
USC00043491,1997,2,5,,,0.0,,,,,,,,-9999.0,,,,,
USC00043491,1997,2,6,,,0.0,,,,,,,,-9999.0,,,,,
USC00043491,1997,2,7,,,8.0,,,,,,,,-9999.0,,,,,
USC00043491,1997,2,8,,,84.0,,,,,,,,-9999.0,,,,,
USC00043491,1997,2,9,,,3.0,,,,,,,,-9999.0,,,,,
USC00043491,1997,3,1,,,51.0,,,,,,,,-9999.0,,,,,
USC00043491,1997,3,10,,,0.0,,,,,,,,-9999.0,,,,,
USC00043491,1997,3,11,,,0.0,,,,,,,,-9999.0,,,,,
USC00043491,1997,3,12,,,0.0,,,,,,,,-9999.0,,,,,
USC00043491,1997,3,13,,,0.0,,,,,,,,-9999.0,,,,,
USC00043491,1997,3,14,,,0.0,,,,,,,,-9999.0,,,,,
USC00043491,1997,3,15,,,0.0,,,,,,,,-9999.0,,,,,
USC00043491,1997,3,16,,,64.0,,,,,,,,-9999.0,,,,,
USC00043491,1997,3,17,,,119.0,,,,,,,,-9999.0,,,,,
USC00043491,1997,3,18,,,0.0,,,,,,,,-9999.0,,,,,
USC00043491,1997,3,19,,,0.0,,,,,,,,-9999.0,,,,,
USC00043491,1997,3,2,,,36.0,,,,,,,,-9999.0,,,,,
USC00043491,1997,3,20,,,0.0,,,,,,,,-9999.0,,,,,
USC00043491,1997,3,21,,,0.0,,,,,,,,-9999.0,,,,,
USC00043491,1997,3,22,,,0.0,,,,,,,,-9999.0,,,,,
USC00043491,1997,3,23,,,0.0,,,,,,,,-9999.0,,,,,
USC00043491,1997,3,24,,,0.0,,,,,,,,-9999.0,,,,,
USC00043491,1997,3,25,,,0.0,,,,,,,,-9999.0,,,,,
USC00043491,1997,3,26,,,0.0,,,,,,,,-9999.0,,,,,
USC00043491,1997,3,27,,,0.0,,,,,,,,-9999.0,,,,,
USC00043491,1997,3,28,,,0.0,,,,,,,,-9999.0,,,,,
USC00043491,1997,3,29,,,0.0,,,,,,,,-9999.0,,,,,
USC00043491,1997,3,3,,,25.0,,,,,,,,1.0,,,,,
USC00043491,1997,3,30,,,0.0,,,,,,,,-9999.0,,,,,
USC00043491,1997,3,31,,,0.0,,,,,,,,-9999.0,,,,,
USC00043491,1997,3,4,,,0.0,,,,,,,,-9999.0,,,,,
USC00043491,1997,3,5,,,0.0,,,,,,,,-9999.0,,,,,
USC00043491,1997,3,6,,,0.0,,,,,,,,-9999.0,,,,,
USC00043491,1997,3,7,,,0.0,,,,,,,,-9999.0,,,,,
USC00043491,1997,3,8,,,0.0,,,,,,,,-9999.0,,,,,
USC00043491,1997,3,9,,,0.0,,,,,,,,-9999.0,,,,,
USC00043491,1997,4,1,,,0.0,,,,,,,,,,,,,
USC00043491,1997,4,10,,,0.0,,,,,,,,,,,,,
USC00043491,1997,4,11,,,0.0,,,,,,,,,,,,,
USC00043491,1997,4,12,,,0.0,,,,,,,,,,,,,
USC00043491,1997,4,13,,,0.0,,,,,,,,,,,,,
USC00043491,1997,4,14,,,0.0,,,,,,,,,,,,,
USC00043491,1997,4,15,,,0.0,,,,,,,,,,,,,
USC00043491,1997,4,16,,,0.0,,,,,,,,,,,,,
USC00043491,1997,4,17,,,0.0,,,,,,,,,,,,,
USC00043491,1997,4,18,,,267.0,,,,,,,,,,,,,
USC00043491,1997,4,19,,,236.0,,,,,,,,,,,,,
USC00043491,1997,4,2,,,0.0,,,,,,,,,,,,,
USC00043491,1997,4,20,,,8.0,,,,,,,,,,,,,
USC00043491,1997,4,21,,,25.0,,,,,,,,,,,,,
USC00043491,1997,4,22,,,208.0,,,,,,,,,,,,,
USC00043491,1997,4,23,,,0.0,,,,,,,,,,,,,
USC00043491,1997,4,24,,,0.0,,,,,,,,,,,,,
USC00043491,1997,4,25,,,0.0,,,,,,,,,,,,,
USC00043491,1997,4,26,,,0.0,,,,,,,,,,,,,
USC00043491,1997,4,27,,,0.0,,,,,,,,,,,,,
USC00043491,1997,4,28,,,0.0,,,,,,,,,,,,,
USC00043491,1997,4,29,,,0.0,,,,,,,,,,,,,
USC00043491,1997,4,3,,,0.0,,,,,,,,,,,,,
USC00043491,1997,4,30,,,0.0,,,,,,,,,,,,,
USC00043491,1997,4,31,,,-9999.0,,,,,,,,,,,,,
USC00043491,1997,4,4,,,0.0,,,,,,,,,,,,,
USC00043491,1997,4,5,,,0.0,,,,,,,,,,,,,
USC00043491,1997,4,6,,,0.0,,,,,,,,,,,,,
USC00043491,1997,4,7,,,0.0,,,,,,,,,,,,,
USC00043491,1997,4,8,,,102.0,,,,,,,,,,,,,
USC00043491,1997,4,9,,,0.0,,,,,,,,,,,,,
USC00043491,1997,5,1,,,0.0,,,,,,,,,,,,,
USC00043491,1997,5,10,,,0.0,,,,,,,,,,,,,
USC00043491,1997,5,11,,,0.0,,,,,,,,,,,,,
USC00043491,1997,5,12,,,0.0,,,,,,,,,,,,,
USC00043491,1997,5,13,,,0.0,,,,,,,,,,,,,
USC00043491,1997,5,14,,,0.0,,,,,,,,,,,,,
USC00043491,1997,5,15,,,0.0,,,,,,,,,,,,,
USC00043491,1997,5,16,,,0.0,,,,,,,,,,,,,
USC00043491,1997,5,17,,,0.0,,,,,,,,,,,,,
USC00043491,1997,5,18,,,0.0,,,,,,,,,,,,,
USC00043491,1997,5,19,,,0.0,,,,,,,,,,,,,
USC00043491,1997,5,2,,,0.0,,,,,,,,,,,,,
USC00043491,1997,5,20,,,0.0,,,,,,,,,,,,,
USC00043491,1997,5,21,,,0.0,,,,,,,,,,,,,
USC00043491,1997,5,22,,,0.0,,,,,,,,,,,,,
USC00043491,1997,5,23,,,218.0,,,,,,,,,,,,,
USC00043491,1997,5,24,,,0.0,,,,,,,,,,,,,
USC00043491,1997,5,25,,,0.0,,,,,,,,,,,,,
USC00043491,1997,5,26,,,0.0,,,,,,,,,,,,,
USC00043491,1997,5,27,,,0.0,,,,,,,,,,,,,
USC00043491,1997,5,28,,,0.0,,,,,,,,,,,,,
USC00043491,1997,5,29,,,0.0,,,,,,,,,,,,,
USC00043491,1997,5,3,,,0.0,,,,,,,,,,,,,
USC00043491,1997,5,30,,,0.0,,,,,,,,,,,,,
USC00043491,1997,5,31,,,0.0,,,,,,,,,,,,,
USC00043491,1997,5,4,,,0.0,,,,,,,,,,,,,
USC00043491,1997,5,5,,,0.0,,,,,,,,,,,,,
USC00043491,1997,5,6,,,0.0,,,,,,,,,,,,,
USC00043491,1997,5,7,,,0.0,,,,,,,,,,,,,
USC00043491,1997,5,8,,,0.0,,,,,,,,,,,,,
USC00043491,1997,5,9,,,0.0,,,,,,,,,,,,,
USC00043491,1997,6,1,,,0.0,,,,,,,,,,,,,
USC00043491,1997,6,10,,,0.0,,,,,,,,,,,,,
USC00043491,1997,6,11,,,0.0,,,,,,,,,,,,,
USC00043491,1997,6,12,,,0.0,,,,,,,,,,,,,
USC00043491,1997,6,13,,,188.0,,,,,,,,,,,,,
USC00043491,1997,6,14,,,0.0,,,,,,,,,,,,,
USC00043491,1997,6,15,,,0.0,,,,,,,,,,,,,
USC00043491,1997,6,16,,,0.0,,,,,,,,,,,,,
USC00043491,1997,6,17,,,0.0,,,,,,,,,,,,,
USC00043491,1997,6,18,,,0.0,,,,,,,,,,,,,
USC00043491,1997,6,19,,,0.0,,,,,,,,,,,,,
USC00043491,1997,6,2,,,124.0,,,,,,,,,,,,,
USC00043491,1997,6,20,,,0.0,,,,,,,,,,,,,
USC00043491,1997,6,21,,,0.0,,,,,,,,,,,,,
USC00043491,1997,6,22,,,0.0,,,,,,,,,,,,,
USC00043491,1997,6,23,,,0.0,,,,,,,,,,,,,
USC00043491,1997,6,24,,,0.0,,,,,,,,,,,,,
USC00043491,1997,6,25,,,0.0,,,,,,,,,,,,,
USC00043491,1997,6,26,,,0.0,,,,,,,,,,,,,
USC00043491,1997,6,27,,,0.0,,,,,,,,,,,,,
USC00043491,1997,6,28,,,0.0,,,,,,,,,,,,,
USC00043491,1997,6,29,,,0.0,,,,,,,,,,,,,
USC00043491,1997,6,3,,,155.0,,,,,,,,,,,,,
USC00043491,1997,6,30,,,23.0,,,,,,,,,,,,,
USC00043491,1997,6,31,,,-9999.0,,,,,,,,,,,,,
USC00043491,1997,6,4,,,0.0,,,,,,,,,,,,,
USC00043491,1997,6,5,,,71.0,,,,,,,,,,,,,
USC00043491,1997,6,6,,,0.0,,,,,,,,,,,,,
USC00043491,1997,6,7,,,0.0,,,,,,,,,,,,,
USC00043491,1997,6,8,,,0.0,,,,,,,,,,,,,
USC00043491,1997,6,9,,,0.0,,,,,,,,,,,,,
USC00043491,1997,7,1,,,0.0,,,,,,,,,,,,,
USC00043491,1997,7,10,,,0.0,,,,,,,,,,,,,
USC00043491,1997,7,11,,,0.0,,,,,,,,,,,,,
USC00043491,1997,7,12,,,0.0,,,,,,,,,,,,,
USC00043491,1997,7,13,,,0.0,,,,,,,,,,,,,
USC00043491,1997,7,14,,,0.0,,,,,,,,,,,,,
USC00043491,1997,7,15,,,0.0,,,,,,,,,,,,,
USC00043491,1997,7,16,,,0.0,,,,,,,,,,,,,
USC00043491,1997,7,17,,,0.0,,,,,,,,,,,,,
USC00043491,1997,7,18,,,0.0,,,,,,,,,,,,,
USC00043491,1997,7,19,,,0.0,,,,,,,,,,,,,
USC00043491,1997,7,2,,,0.0,,,,,,,,,,,,,
USC00043491,1997,7,20,,,0.0,,,,,,,,,,,,,
USC00043491,1997,7,21,,,0.0,,,,,,,,,,,,,
USC00043491,1997,7,22,,,0.0,,,,,,,,,,,,,
USC00043491,1997,7,23,,,0.0,,,,,,,,,,,,,
USC00043491,1997,7,24,,,0.0,,,,,,,,,,,,,
USC00043491,1997,7,25,,,0.0,,,,,,,,,,,,,
USC00043491,1997,7,26,,,0.0,,,,,,,,,,,,,
USC00043491,1997,7,27,,,0.0,,,,,,,,,,,,,
USC00043491,1997,7,28,,,0.0,,,,,,,,,,,,,
USC00043491,1997,7,29,,,0.0,,,,,,,,,,,,,
USC00043491,1997,7,3,,,0.0,,,,,,,,,,,,,
USC00043491,1997,7,30,,,0.0,,,,,,,,,,,,,
USC00043491,1997,7,31,,,0.0,,,,,,,,,,,,,
USC00043491,1997,7,4,,,0.0,,,,,,,,,,,,,
USC00043491,1997,7,5,,,0.0,,,,,,,,,,,,,
USC00043491,1997,7,6,,,0.0,,,,,,,,,,,,,
USC00043491,1997,7,7,,,0.0,,,,,,,,,,,,,
USC00043491,1997,7,8,,,0.0,,,,,,,,,,,,,
USC00043491,1997,7,9,,,0.0,,,,,,,,,,,,,
USC00043491,1997,8,1,,,0.0,,,,,,,,,,,,,
USC00043491,1997,8,10,,,0.0,,,,,,,,,,,,,
USC00043491,1997,8,11,,,0.0,,,,,,,,,,,,,
USC00043491,1997,8,12,,,0.0,,,,,,,,,,,,,
USC00043491,1997,8,13,,,0.0,,,,,,,,,,,,,
USC00043491,1997,8,14,,,0.0,,,,,,,,,,,,,
USC00043491,1997,8,15,,,0.0,,,,,,,,,,,,,
USC00043491,1997,8,16,,,0.0,,,,,,,,,,,,,
USC00043491,1997,8,17,,,0.0,,,,,,,,,,,,,
USC00043491,1997,8,18,,,0.0,,,,,,,,,,,,,
USC00043491,1997,8,19,,,20.0,,,,,,,,,,,,,
USC00043491,1997,8,2,,,0.0,,,,,,,,,,,,,
USC00043491,1997,8,20,,,142.0,,,,,,,,,,,,,
USC00043491,1997,8,21,,,0.0,,,,,,,,,,,,,
USC00043491,1997,8,22,,,0.0,,,,,,,,,,,,,
USC00043491,1997,8,23,,,0.0,,,,,,,,,,,,,
USC00043491,1997,8,24,,,0.0,,,,,,,,,,,,,
USC00043491,1997,8,25,,,0.0,,,,,,,,,,,,,
USC00043491,1997,8,26,,,0.0,,,,,,,,,,,,,
USC00043491,1997,8,27,,,0.0,,,,,,,,,,,,,
USC00043491,1997,8,28,,,0.0,,,,,,,,,,,,,
USC00043491,1997,8,29,,,0.0,,,,,,,,,,,,,
USC00043491,1997,8,3,,,0.0,,,,,,,,,,,,,
USC00043491,1997,8,30,,,0.0,,,,,,,,,,,,,
USC00043491,1997,8,31,,,0.0,,,,,,,,,,,,,
USC00043491,1997,8,4,,,0.0,,,,,,,,,,,,,
USC00043491,1997,8,5,,,0.0,,,,,,,,,,,,,
USC00043491,1997,8,6,,,0.0,,,,,,,,,,,,,
USC00043491,1997,8,7,,,0.0,,,,,,,,,,,,,
USC00043491,1997,8,8,,,0.0,,,,,,,,,,,,,
USC00043491,1997,8,9,,,0.0,,,,,,,,,,,,,
USC00043491,1997,9,1,,,0.0,,,,,,,,,,,,,
USC00043491,1997,9,10,,,0.0,,,,,,,,,,,,,
USC00043491,1997,9,11,,,0.0,,,,,,,,,,,,,
USC00043491,1997,9,12,,,0.0,,,,,,,,,,,,,
USC00043491,1997,9,13,,,0.0,,,,,,,,,,,,,
USC00043491,1997,9,14,,,94.0,,,,,,,,,,,,,
USC00043491,1997,9,15,,,0.0,,,,,,,,,,,,,
USC00043491,1997,9,16,,,0.0,,,,,,,,,,,,,
USC00043491,1997,9,17,,,0.0,,,,,,,,,,,,,
USC00043491,1997,9,18,,,0.0,,,,,,,,,,,,,
USC00043491,1997,9,19,,,0.0,,,,,,,,,,,,,
USC00043491,1997,9,2,,,0.0,,,,,,,,,,,,,
USC00043491,1997,9,20,,,0.0,,,,,,,,,,,,,
USC00043491,1997,9,21,,,0.0,,,,,,,,,,,,,
USC00043491,1997,9,22,,,0.0,,,,,,,,,,,,,
USC00043491,1997,9,23,,,0.0,,,,,,,,,,,,,
USC00043491,1997,9,24,,,0.0,,,,,,,,,,,,,
USC00043491,1997,9,25,,,0.0,,,,,,,,,,,,,
USC00043491,1997,9,26,,,0.0,,,,,,,,,,,,,
USC00043491,1997,9,27,,,0.0,,,,,,,,,,,,,
USC00043491,1997,9,28,,,0.0,,,,,,,,,,,,,
USC00043491,1997,9,29,,,0.0,,,,,,,,,,,,,
USC00043491,1997,9,3,,,0.0,,,,,,,,,,,,,
USC00043491,1997,9,30,,,0.0,,,,,,,,,,,,,
USC00043491,1997,9,31,,,-9999.0,,,,,,,,,,,,,
USC00043491,1997,9,4,,,0.0,,,,,,,,,,,,,
USC00043491,1997,9,5,,,0.0,,,,,,,,,,,,,
USC00043491,1997,9,6,,,0.0,,,,,,,,,,,,,
USC00043491,1997,9,7,,,0.0,,,,,,,,,,,,,
USC00043491,1997,9,8,,,0.0,,,,,,,,,,,,,
USC00043491,1997,9,9,,,0.0,,,,,,,,,,,,,
USC00043491,1997,10,1,,,0.0,,,,,,,,,,,,,
USC00043491,1997,10,10,,,218.0,,,,,,,,,,,,,
USC00043491,1997,10,11,,,0.0,,,,,,,,,,,,,
USC00043491,1997,10,12,,,0.0,,,,,,,,,,,,,
USC00043491,1997,10,13,,,0.0,,,,,,,,,,,,,
USC00043491,1997,10,14,,,0.0,,,,,,,,,,,,,
USC00043491,1997,10,15,,,0.0,,,,,,,,,,,,,
USC00043491,1997,10,16,,,0.0,,,,,,,,,,,,,
USC00043491,1997,10,17,,,0.0,,,,,,,,,,,,,
USC00043491,1997,10,18,,,0.0,,,,,,,,,,,,,
USC00043491,1997,10,19,,,0.0,,,,,,,,,,,,,
USC00043491,1997,10,2,,,178.0,,,,,,,,,,,,,
USC00043491,1997,10,20,,,0.0,,,,,,,,,,,,,
USC00043491,1997,10,21,,,0.0,,,,,,,,,,,,,
USC00043491,1997,10,22,,,0.0,,,,,,,,,,,,,
USC00043491,1997,10,23,,,0.0,,,,,,,,,,,,,
USC00043491,1997,10,24,,,0.0,,,,,,,,,,,,,
USC00043491,1997,10,25,,,0.0,,,,,,,,,,,,,
USC00043491,1997,10,26,,,0.0,,,,,,,,,,,,,
USC00043491,1997,10,27,,,0.0,,,,,,,,,,,,,
USC00043491,1997,10,28,,,0.0,,,,,,,,,,,,,
USC00043491,1997,10,29,,,0.0,,,,,,,,,,,,,
USC00043491,1997,10,3,,,0.0,,,,,,,,,,,,,
USC00043491,1997,10,30,,,0.0,,,,,,,,,,,,,
USC00043491,1997,10,31,,,0.0,,,,,,,,,,,,,
USC00043491,1997,10,4,,,0.0,,,,,,,,,,,,,
USC00043491,1997,10,5,,,0.0,,,,,,,,,,,,,
USC00043491,1997,10,6,,,71.0,,,,,,,,,,,,,
USC00043491,1997,10,7,,,0.0,,,,,,,,,,,,,
USC00043491,1997,10,8,,,20.0,,,,,,,,,,,,,
USC00043491,1997,10,9,,,394.0,,,,,,,,,,,,,
USC00043491,1997,11,1,,,0.0,,,,,,,,,,,,,
USC00043491,1997,11,10,,,15.0,,,,,,,,,,,,,
USC00043491,1997,11,11,,,76.0,,,,,,,,,,,,,
USC00043491,1997,11,12,,,0.0,,,,,,,,,,,,,
USC00043491,1997,11,13,,,97.0,,,,,,,,,,,,,
USC00043491,1997,11,14,,,89.0,,,,,,,,,,,,,
USC00043491,1997,11,15,,,132.0,,,,,,,,,,,,,
USC00043491,1997,11,16,,,8.0,,,,,,,,,,,,,
USC00043491,1997,11,17,,,51.0,,,,,,,,,,,,,
USC00043491,1997,11,18,,,10.0,,,,,,,,,,,,,
USC00043491,1997,11,19,,,234.0,,,,,,,,,,,,,
USC00043491,1997,11,2,,,0.0,,,,,,,,,,,,,
USC00043491,1997,11,20,,,3.0,,,,,,,,,,,,,
USC00043491,1997,11,21,,,0.0,,,,,,,,,,,,,
USC00043491,1997,11,22,,,0.0,,,,,,,,,,,,,
USC00043491,1997,11,23,,,132.0,,,,,,,,,,,,,
USC00043491,1997,11,24,,,140.0,,,,,,,,,,,,,
USC00043491,1997,11,25,,,89.0,,,,,,,,,,,,,
USC00043491,1997,11,26,,,439.0,,,,,,,,,,,,,
USC00043491,1997,11,27,,,43.0,,,,,,,,,,,,,
USC00043491,1997,11,28,,,0.0,,,,,,,,,,,,,
USC00043491,1997,11,29,,,0.0,,,,,,,,,,,,,
USC00043491,1997,11,3,,,0.0,,,,,,,,,,,,,
USC00043491,1997,11,30,,,36.0,,,,,,,,,,,,,
USC00043491,1997,11,31,,,-9999.0,,,,,,,,,,,,,
USC00043491,1997,11,4,,,0.0,,,,,,,,,,,,,
USC00043491,1997,11,5,,,0.0,,,,,,,,,,,,,
USC00043491,1997,11,6,,,0.0,,,,,,,,,,,,,
USC00043491,1997,11,7,,,102.0,,,,,,,,,,,,,
USC00043491,1997,11,8,,,0.0,,,,,,,,,,,,,
USC00043491,1997,11,9,,,0.0,,,,,,,,,,,,,
USC00043491,1997,12,1,,,0.0,,,,,,,,,-9999.0,,,,
USC00043491,1997,12,10,,,0.0,,,,,,,,,-9999.0,,,,
USC00043491,1997,12,11,,,0.0,,,,,,,,,-9999.0,,,,
USC00043491,1997,12,12,,,0.0,,,,,,,,,-9999.0,,,,
USC00043491,1997,12,13,,,0.0,,,,,,,,,-9999.0,,,,
USC00043491,1997,12,14,,,203.0,,,,,,,,,-9999.0,,,,
USC00043491,1997,12,15,,,0.0,,,,,,,,,-9999.0,,,,
USC00043491,1997,12,16,,,0.0,,,,,,,,,-9999.0,,,,
USC00043491,1997,12,17,,,15.0,,,,,,,,,-9999.0,,,,
USC00043491,1997,12,18,,,0.0,,,,,,,,,-9999.0,,,,
USC00043491,1997,12,19,,,0.0,,,,,,,,,-9999.0,,,,
USC00043491,1997,12,2,,,0.0,,,,,,,,,-9999.0,,,,
USC00043491,1997,12,20,,,0.0,,,,,,,,,-9999.0,,,,
USC00043491,1997,12,21,,,0.0,,,,,,,,,-9999.0,,,,
USC00043491,1997,12,22,,,0.0,,,,,,,,,-9999.0,,,,
USC00043491,1997,12,23,,,0.0,,,,,,,,,-9999.0,,,,
USC00043491,1997,12,24,,,0.0,,,,,,,,,-9999.0,,,,
USC00043491,1997,12,25,,,0.0,,,,,,,,,-9999.0,,,,
USC00043491,1997,12,26,,,0.0,,,,,,,,,-9999.0,,,,
USC00043491,1997,12,27,,,0.0,,,,,,,,,-9999.0,,,,
USC00043491,1997,12,28,,,0.0,,,,,,,,,-9999.0,,,,
USC00043491,1997,12,29,,,0.0,,,,,,,,,-9999.0,,,,
USC00043491,1997,12,3,,,0.0,,,,,,,,,-9999.0,,,,
USC00043491,1997,12,30,,,0.0,,,,,,,,,-9999.0,,,,
USC00043491,1997,12,31,,,0.0,,,,,,,,,-9999.0,,,,
USC00043491,1997,12,4,,,0.0,,,,,,,,,-9999.0,,,,
USC00043491,1997,12,5,,,10.0,,,,,,,,,-9999.0,,,,
USC00043491,1997,12,6,,,343.0,,,,,,,,,-9999.0,,,,
USC00043491,1997,12,7,,,511.0,,,,,,,,,1.0,,,,
USC00043491,1997,12,8,,,91.0,,,,,,,,,-9999.0,,,,
USC00043491,1997,12,9,,,0.0,,,,,,,,,-9999.0,,,,
USC00043491,1998,1,1,,,0.0,0.0,0.0,,,,,,,,,,,
USC00043491,1998,1,10,,,142.0,0.0,-9999.0,,,,,,,,,,,
USC00043491,1998,1,11,,,516.0,0.0,-9999.0,,,,,,,,,,,
USC00043491,1998,1,12,,,620.0,0.0,-9999.0,,,,,,,,,,,
USC00043491,1998,1,13,,,64.0,0.0,-9999.0,,,,,,,,,,,
USC00043491,1998,1,14,,,249.0,0.0,0.0,,,,,,,,,,,
USC00043491,1998,1,15,,,704.0,0.0,0.0,,,,,,,,,,,
USC00043491,1998,1,16,,,343.0,0.0,0.0,,,,,,,,,,,
USC00043491,1998,1,17,,,170.0,0.0,0.0,,,,,,,,,,,
USC00043491,1998,1,18,,,246.0,0.0,0.0,,,,,,,,,,,
USC00043491,1998,1,19,,,198.0,0.0,0.0,,,,,,,,,,,
USC00043491,1998,1,2,,,287.0,0.0,0.0,,,,,,,,,,,
USC00043491,1998,1,20,,,5.0,0.0,0.0,,,,,,,,,,,
USC00043491,1998,1,21,,,0.0,0.0,0.0,,,,,,,,,,,
USC00043491,1998,1,22,,,0.0,0.0,0.0,,,,,,,,,,,
USC00043491,1998,1,23,,,0.0,0.0,0.0,,,,,,,,,,,
USC00043491,1998,1,24,,,0.0,0.0,0.0,,,,,,,,,,,
USC00043491,1998,1,25,,,0.0,0.0,0.0,,,,,,,,,,,
USC00043491,1998,1,26,,,43.0,0.0,0.0,,,,,,,,,,,
USC00043491,1998,1,27,,,0.0,0.0,0.0,,,,,,,,,,,
USC00043491,1998,1,28,,,0.0,0.0,0.0,,,,,,,,,,,
USC00043491,1998,1,29,,,389.0,0.0,0.0,,,,,,,,,,,
USC00043491,1998,1,3,,,114.0,0.0,0.0,,,,,,,,,,,
USC00043491,1998,1,30,,,0.0,0.0,0.0,,,,,,,,,,,
USC00043491,1998,1,31,,,38.0,0.0,0.0,,,,,,,,,,,
USC00043491,1998,1,4,,,216.0,-9999.0,-9999.0,,,,,,,,,,,
USC00043491,1998,1,5,,,5.0,0.0,-9999.0,,,,,,,,,,,
USC00043491,1998,1,6,,,0.0,0.0,-9999.0,,,,,,,,,,,
USC00043491,1998,1,7,,,102.0,-9999.0,-9999.0,,,,,,,,,,,
USC00043491,1998,1,8,,,0.0,0.0,-9999.0,,,,,,,,,,,
USC00043491,1998,1,9,,,38.0,0.0,-9999.0,,,,,,,,,,,
USC00043491,1998,2,1,,,152.0,0.0,0.0,,,,,,-9999.0,,,,,
USC00043491,1998,2,10,,,175.0,0.0,0.0,,,,,,-9999.0,,,,,
USC00043491,1998,2,11,,,152.0,0.0,0.0,,,,,,-9999.0,,,,,
USC00043491,1998,2,12,,,163.0,0.0,0.0,,,,,,-9999.0,,,,,
USC00043491,1998,2,13,,,38.0,0.0,0.0,,,,,,-9999.0,,,,,
USC00043491,1998,2,14,,,386.0,-9999.0,-9999.0,,,,,,1.0,,,,,
USC00043491,1998,2,15,,,20.0,-9999.0,-9999.0,,,,,,1.0,,,,,
USC00043491,1998,2,16,,,89.0,-9999.0,-9999.0,,,,,,1.0,,,,,
USC00043491,1998,2,17,,,51.0,-9999.0,-9999.0,,,,,,1.0,,,,,
USC00043491,1998,2,18,,,0.0,0.0,-9999.0,,,,,,-9999.0,,,,,
USC00043491,1998,2,19,,,168.0,-9999.0,-9999.0,,,,,,1.0,,,,,
USC00043491,1998,2,2,,,325.0,0.0,0.0,,,,,,-9999.0,,,,,
USC00043491,1998,2,20,,,0.0,0.0,-9999.0,,,,,,-9999.0,,,,,
USC00043491,1998,2,21,,,315.0,-9999.0,-9999.0,,,,,,1.0,,,,,
USC00043491,1998,2,22,,,51.0,0.0,-9999.0,,,,,,-9999.0,,,,,
USC00043491,1998,2,23,,,183.0,-9999.0,-9999.0,,,,,,1.0,,,,,
USC00043491,1998,2,24,,,0.0,0.0,-9999.0,,,,,,-9999.0,,,,,
USC00043491,1998,2,25,,,28.0,0.0,-9999.0,,,,,,-9999.0,,,,,
USC00043491,1998,2,26,,,0.0,0.0,-9999.0,,,,,,-9999.0,,,,,
USC00043491,1998,2,27,,,0.0,0.0,-9999.0,,,,,,-9999.0,,,,,
USC00043491,1998,2,28,,,0.0,0.0,-9999.0,,,,,,-9999.0,,,,,
USC00043491,1998,2,29,,,-9999.0,-9999.0,-9999.0,,,,,,-9999.0,,,,,
USC00043491,1998,2,3,,,521.0,0.0,0.0,,,,,,-9999.0,,,,,
USC00043491,1998,2,30,,,-9999.0,-9999.0,-9999.0,,,,,,-9999.0,,,,,
USC00043491,1998,2,31,,,-9999.0,-9999.0,-9999.0,,,,,,-9999.0,,,,,
USC00043491,1998,2,4,,,41.0,0.0,0.0,,,,,,-9999.0,,,,,
USC00043491,1998,2,5,,,8.0,0.0,0.0,,,,,,-9999.0,,,,,
USC00043491,1998,2,6,,,391.0,0.0,0.0,,,,,,-9999.0,,,,,
USC00043491,1998,2,7,,,236.0,0.0,0.0,,,,,,-9999.0,,,,,
USC00043491,1998,2,8,,,145.0,0.0,0.0,,,,,,-9999.0,,,,,
USC00043491,1998,2,9,,,0.0,0.0,0.0,,,,,,-9999.0,,,,,
USC00043491,1998,3,1,,,0.0,0.0,-9999.0,,,,,,-9999.0,,,,,
USC00043491,1998,3,10,,,0.0,0.0,-9999.0,,,,,,-9999.0,,,,,
USC00043491,1998,3,11,,,0.0,0.0,-9999.0,,,,,,-9999.0,,,,,
USC00043491,1998,3,12,,,0.0,0.0,-9999.0,,,,,,-9999.0,,,,,
USC00043491,1998,3,13,,,28.0,0.0,-9999.0,,,,,,-9999.0,,,,,
USC00043491,1998,3,14,,,0.0,0.0,-9999.0,,,,,,-9999.0,,,,,
USC00043491,1998,3,15,,,0.0,0.0,-9999.0,,,,,,-9999.0,,,,,
USC00043491,1998,3,16,,,15.0,0.0,-9999.0,,,,,,-9999.0,,,,,
USC00043491,1998,3,17,,,0.0,0.0,-9999.0,,,,,,-9999.0,,,,,
USC00043491,1998,3,18,,,0.0,0.0,-9999.0,,,,,,-9999.0,,,,,
USC00043491,1998,3,19,,,0.0,0.0,-9999.0,,,,,,-9999.0,,,,,
USC00043491,1998,3,2,,,0.0,0.0,-9999.0,,,,,,-9999.0,,,,,
USC00043491,1998,3,20,,,0.0,0.0,-9999.0,,,,,,-9999.0,,,,,
USC00043491,1998,3,21,,,48.0,0.0,-9999.0,,,,,,-9999.0,,,,,
USC00043491,1998,3,22,,,124.0,0.0,-9999.0,,,,,,-9999.0,,,,,
USC00043491,1998,3,23,,,483.0,0.0,-9999.0,,,,,,-9999.0,,,,,
USC00043491,1998,3,24,,,0.0,0.0,-9999.0,,,,,,-9999.0,,,,,
USC00043491,1998,3,25,,,196.0,0.0,0.0,,,,,,-9999.0,,,,,
USC00043491,1998,3,26,,,0.0,0.0,0.0,,,,,,-9999.0,,,,,
USC00043491,1998,3,27,,,33.0,-9999.0,-9999.0,,,,,,1.0,,,,,
USC00043491,1998,3,28,,,163.0,-9999.0,-9999.0,,,,,,1.0,,,,,
USC00043491,1998,3,29,,,0.0,0.0,-9999.0,,,,,,-9999.0,,,,,
USC00043491,1998,3,3,,,51.0,0.0,-9999.0,,,,,,-9999.0,,,,,
USC00043491,1998,3,30,,,0.0,0.0,-9999.0,,,,,,-9999.0,,,,,
USC00043491,1998,3,31,,,119.0,0.0,-9999.0,,,,,,-9999.0,,,,,
USC00043491,1998,3,4,,,0.0,0.0,-9999.0,,,,,,-9999.0,,,,,
USC00043491,1998,3,5,,,239.0,-9999.0,-9999.0,,,,,,1.0,,,,,
USC00043491,1998,3,6,,,0.0,0.0,-9999.0,,,,,,-9999.0,,,,,
USC00043491,1998,3,7,,,25.0,-9999.0,-9999.0,,,,,,1.0,,,,,
USC00043491,1998,3,8,,,0.0,0.0,-9999.0,,,,,,-9999.0,,,,,
USC00043491,1998,3,9,,,0.0,0.0,-9999.0,,,,,,-9999.0,,,,,
USC00043491,1998,4,1,,,0.0,0.0,-9999.0,,,,,,,,,,,
USC00043491,1998,4,10,,,38.0,0.0,-9999.0,,,,,,,,,,,
USC00043491,1998,4,11,,,239.0,0.0,-9999.0,,,,,,,,,,,
USC00043491,1998,4,12,,,198.0,-9999.0,-9999.0,,,,,,,,,,,
USC00043491,1998,4,13,,,46.0,-9999.0,-9999.0,,,,,,,,,,,
USC00043491,1998,4,14,,,20.0,-9999.0,-9999.0,,,,,,,,,,,
USC00043491,1998,4,15,,,0.0,-9999.0,-9999.0,,,,,,,,,,,
USC00043491,1998,4,16,,,0.0,0.0,-9999.0,,,,,,,,,,,
USC00043491,1998,4,17,,,0.0,0.0,-9999.0,,,,,,,,,,,
USC00043491,1998,4,18,,,0.0,0.0,-9999.0,,,,,,,,,,,
USC00043491,1998,4,19,,,0.0,0.0,-9999.0,,,,,,,,,,,
USC00043491,1998,4,2,,,0.0,0.0,-9999.0,,,,,,,,,,,
USC00043491,1998,4,20,,,0.0,0.0,-9999.0,,,,,,,,,,,
USC00043491,1998,4,21,,,0.0,0.0,-9999.0,,,,,,,,,,,
USC00043491,1998,4,22,,,0.0,0.0,-9999.0,,,,,,,,,,,
USC00043491,1998,4,23,,,211.0,0.0,0.0,,,,,,,,,,,
USC00043491,1998,4,24,,,89.0,0.0,0.0,,,,,,,,,,,
USC00043491,1998,4,25,,,0.0,0.0,0.0,,,,,,,,,,,
USC00043491,1998,4,26,,,0.0,0.0,0.0,,,,,,,,,,,
USC00043491,1998,4,27,,,0.0,0.0,0.0,,,,,,,,,,,
USC00043491,1998,4,28,,,0.0,0.0,0.0,,,,,,,,,,,
USC00043491,1998,4,29,,,0.0,0.0,0.0,,,,,,,,,,,
USC00043491,1998,4,3,,,147.0,-9999.0,-9999.0,,,,,,,,,,,
USC00043491,1998,4,30,,,0.0,0.0,0.0,,,,,,,,,,,
USC00043491,1998,4,31,,,-9999.0,-9999.0,-9999.0,,,,,,,,,,,
USC00043491,1998,4,4,,,213.0,0.0,-9999.0,,,,,,,,,,,
USC00043491,1998,4,5,,,104.0,-9999.0,-9999.0,,,,,,,,,,,
USC00043491,1998,4,6,,,66.0,-9999.0,-9999.0,,,,,,,,,,,
USC00043491,1998,4,7,,,104.0,0.0,-9999.0,,,,,,,,,,,
USC00043491,1998,4,8,,,33.0,0.0,-9999.0,,,,,,,,,,,
USC00043491,1998,4,9,,,0.0,0.0,-9999.0,,,,,,,,,,,
USC00043491,1998,5,1,,,208.0,,,,,,,,,,,,,
USC00043491,1998,5,10,,,36.0,,,,,,,,,,,,,
USC00043491,1998,5,11,,,89.0,,,,,,,,,,,,,
USC00043491,1998,5,12,,,137.0,,,,,,,,,,,,,
USC00043491,1998,5,13,,,69.0,,,,,,,,,,,,,
USC00043491,1998,5,14,,,0.0,,,,,,,,,,,,,
USC00043491,1998,5,15,,,0.0,,,,,,,,,,,,,
USC00043491,1998,5,16,,,99.0,,,,,,,,,,,,,
USC00043491,1998,5,17,,,0.0,,,,,,,,,,,,,
USC00043491,1998,5,18,,,0.0,,,,,,,,,,,,,
USC00043491,1998,5,19,,,0.0,,,,,,,,,,,,,
USC00043491,1998,5,2,,,53.0,,,,,,,,,,,,,
USC00043491,1998,5,20,,,0.0,,,,,,,,,,,,,
USC00043491,1998,5,21,,,0.0,,,,,,,,,,,,,
USC00043491,1998,5,22,,,0.0,,,,,,,,,,,,,
USC00043491,1998,5,23,,,0.0,,,,,,,,,,,,,
USC00043491,1998,5,24,,,0.0,,,,,,,,,,,,,
USC00043491,1998,5,25,,,244.0,,,,,,,,,,,,,
USC00043491,1998,5,26,,,86.0,,,,,,,,,,,,,
USC00043491,1998,5,27,,,33.0,,,,,,,,,,,,,
USC00043491,1998,5,28,,,345.0,,,,,,,,,,,,,
USC00043491,1998,5,29,,,0.0,,,,,,,,,,,,,
USC00043491,1998,5,3,,,97.0,,,,,,,,,,,,,
USC00043491,1998,5,30,,,0.0,,,,,,,,,,,,,
USC00043491,1998,5,31,,,0.0,,,,,,,,,,,,,
USC00043491,1998,5,4,,,119.0,,,,,,,,,,,,,
USC00043491,1998,5,5,,,48.0,,,,,,,,,,,,,
USC00043491,1998,5,6,,,163.0,,,,,,,,,,,,,
USC00043491,1998,5,7,,,0.0,,,,,,,,,,,,,
USC00043491,1998,5,8,,,0.0,,,,,,,,,,,,,
USC00043491,1998,5,9,,,79.0,,,,,,,,,,,,,
USC00043491,1998,6,1,,,0.0,,,,,,,,,,,,,
USC00043491,1998,6,10,,,23.0,,,,,,,,,,,,,
USC00043491,1998,6,11,,,20.0,,,,,,,,,,,,,
USC00043491,1998,6,12,,,0.0,,,,,,,,,,,,,
USC00043491,1998,6,13,,,0.0,,,,,,,,,,,,,
USC00043491,1998,6,14,,,0.0,,,,,,,,,,,,,
USC00043491,1998,6,15,,,0.0,,,,,,,,,,,,,
USC00043491,1998,6,16,,,0.0,,,,,,,,,,,,,
USC00043491,1998,6,17,,,0.0,,,,,,,,,,,,,
USC00043491,1998,6,18,,,0.0,,,,,,,,,,,,,
USC00043491,1998,6,19,,,0.0,,,,,,,,,,,,,
USC00043491,1998,6,2,,,0.0,,,,,,,,,,,,,
USC00043491,1998,6,20,,,0.0,,,,,,,,,,,,,
USC00043491,1998,6,21,,,0.0,,,,,,,,,,,,,
USC00043491,1998,6,22,,,0.0,,,,,,,,,,,,,
USC00043491,1998,6,23,,,0.0,,,,,,,,,,,,,
USC00043491,1998,6,24,,,0.0,,,,,,,,,,,,,
USC00043491,1998,6,25,,,0.0,,,,,,,,,,,,,
USC00043491,1998,6,26,,,0.0,,,,,,,,,,,,,
USC00043491,1998,6,27,,,0.0,,,,,,,,,,,,,
USC00043491,1998,6,28,,,0.0,,,,,,,,,,,,,
USC00043491,1998,6,29,,,0.0,,,,,,,,,,,,,
USC00043491,1998,6,3,,,0.0,,,,,,,,,,,,,
USC00043491,1998,6,30,,,0.0,,,,,,,,,,,,,
USC00043491,1998,6,31,,,-9999.0,,,,,,,,,,,,,
USC00043491,1998,6,4,,,0.0,,,,,,,,,,,,,
USC00043491,1998,6,5,,,0.0,,,,,,,,,,,,,
USC00043491,1998,6,6,,,0.0,,,,,,,,,,,,,
USC00043491,1998,6,7,,,8.0,,,,,,,,,,,,,
USC00043491,1998,6,8,,,20.0,,,,,,,,,,,,,
USC00043491,1998,6,9,,,0.0,,,,,,,,,,,,,
USC00043491,1998,7,1,,,0.0,,,,,,,,,,,,,
USC00043491,1998,7,10,,,0.0,,,,,,,,,,,,,
USC00043491,1998,7,11,,,0.0,,,,,,,,,,,,,
USC00043491,1998,7,12,,,0.0,,,,,,,,,,,,,
USC00043491,1998,7,13,,,0.0,,,,,,,,,,,,,
USC00043491,1998,7,14,,,0.0,,,,,,,,,,,,,
USC00043491,1998,7,15,,,0.0,,,,,,,,,,,,,
USC00043491,1998,7,16,,,0.0,,,,,,,,,,,,,
USC00043491,1998,7,17,,,0.0,,,,,,,,,,,,,
USC00043491,1998,7,18,,,0.0,,,,,,,,,,,,,
USC00043491,1998,7,19,,,0.0,,,,,,,,,,,,,
USC00043491,1998,7,2,,,0.0,,,,,,,,,,,,,
USC00043491,1998,7,20,,,0.0,,,,,,,,,,,,,
USC00043491,1998,7,21,,,0.0,,,,,,,,,,,,,
USC00043491,1998,7,22,,,0.0,,,,,,,,,,,,,
USC00043491,1998,7,23,,,0.0,,,,,,,,,,,,,
USC00043491,1998,7,24,,,0.0,,,,,,,,,,,,,
USC00043491,1998,7,25,,,0.0,,,,,,,,,,,,,
USC00043491,1998,7,26,,,13.0,,,,,,,,,,,,,
USC00043491,1998,7,27,,,0.0,,,,,,,,,,,,,
USC00043491,1998,7,28,,,0.0,,,,,,,,,,,,,
USC00043491,1998,7,29,,,0.0,,,,,,,,,,,,,
USC00043491,1998,7,3,,,0.0,,,,,,,,,,,,,
USC00043491,1998,7,30,,,0.0,,,,,,,,,,,,,
USC00043491,1998,7,31,,,0.0,,,,,,,,,,,,,
USC00043491,1998,7,4,,,0.0,,,,,,,,,,,,,
USC00043491,1998,7,5,,,0.0,,,,,,,,,,,,,
USC00043491,1998,7,6,,,0.0,,,,,,,,,,,,,
USC00043491,1998,7,7,,,0.0,,,,,,,,,,,,,
USC00043491,1998,7,8,,,0.0,,,,,,,,,,,,,
USC00043491,1998,7,9,,,0.0,,,,,,,,,,,,,
USC00043491,1998,8,1,,,0.0,,,,,,,,,,,,,
USC00043491,1998,8,10,,,0.0,,,,,,,,,,,,,
USC00043491,1998,8,11,,,0.0,,,,,,,,,,,,,
USC00043491,1998,8,12,,,0.0,,,,,,,,,,,,,
USC00043491,1998,8,13,,,0.0,,,,,,,,,,,,,
USC00043491,1998,8,14,,,0.0,,,,,,,,,,,,,
USC00043491,1998,8,15,,,0.0,,,,,,,,,,,,,
USC00043491,1998,8,16,,,0.0,,,,,,,,,,,,,
USC00043491,1998,8,17,,,0.0,,,,,,,,,,,,,
USC00043491,1998,8,18,,,0.0,,,,,,,,,,,,,
USC00043491,1998,8,19,,,0.0,,,,,,,,,,,,,
USC00043491,1998,8,2,,,0.0,,,,,,,,,,,,,
USC00043491,1998,8,20,,,0.0,,,,,,,,,,,,,
USC00043491,1998,8,21,,,0.0,,,,,,,,,,,,,
USC00043491,1998,8,22,,,0.0,,,,,,,,,,,,,
USC00043491,1998,8,23,,,0.0,,,,,,,,,,,,,
USC00043491,1998,8,24,,,0.0,,,,,,,,,,,,,
USC00043491,1998,8,25,,,0.0,,,,,,,,,,,,,
USC00043491,1998,8,26,,,0.0,,,,,,,,,,,,,
USC00043491,1998,8,27,,,0.0,,,,,,,,,,,,,
USC00043491,1998,8,28,,,0.0,,,,,,,,,,,,,
USC00043491,1998,8,29,,,0.0,,,,,,,,,,,,,
USC00043491,1998,8,3,,,0.0,,,,,,,,,,,,,
USC00043491,1998,8,30,,,0.0,,,,,,,,,,,,,
USC00043491,1998,8,31,,,0.0,,,,,,,,,,,,,
USC00043491,1998,8,4,,,0.0,,,,,,,,,,,,,
USC00043491,1998,8,5,,,0.0,,,,,,,,,,,,,
USC00043491,1998,8,6,,,0.0,,,,,,,,,,,,,
USC00043491,1998,8,7,,,0.0,,,,,,,,,,,,,
USC00043491,1998,8,8,,,0.0,,,,,,,,,,,,,
USC00043491,1998,8,9,,,0.0,,,,,,,,,,,,,
USC00043491,1998,9,1,,,0.0,,,,,,,,,,,,,
USC00043491,1998,9,10,,,0.0,,,,,,,,,,,,,
USC00043491,1998,9,11,,,0.0,,,,,,,,,,,,,
USC00043491,1998,9,12,,,0.0,,,,,,,,,,,,,
USC00043491,1998,9,13,,,0.0,,,,,,,,,,,,,
USC00043491,1998,9,14,,,0.0,,,,,,,,,,,,,
USC00043491,1998,9,15,,,0.0,,,,,,,,,,,,,
USC00043491,1998,9,16,,,0.0,,,,,,,,,,,,,
USC00043491,1998,9,17,,,0.0,,,,,,,,,,,,,
USC00043491,1998,9,18,,,0.0,,,,,,,,,,,,,
USC00043491,1998,9,19,,,0.0,,,,,,,,,,,,,
USC00043491,1998,9,2,,,0.0,,,,,,,,,,,,,
USC00043491,1998,9,20,,,0.0,,,,,,,,,,,,,
USC00043491,1998,9,21,,,0.0,,,,,,,,,,,,,
USC00043491,1998,9,22,,,0.0,,,,,,,,,,,,,
USC00043491,1998,9,23,,,0.0,,,,,,,,,,,,,
USC00043491,1998,9,24,,,0.0,,,,,,,,,,,,,
USC00043491,1998,9,25,,,15.0,,,,,,,,,,,,,
USC00043491,1998,9,26,,,30.0,,,,,,,,,,,,,
USC00043491,1998,9,27,,,119.0,,,,,,,,,,,,,
USC00043491,1998,9,28,,,5.0,,,,,,,,,,,,,
USC00043491,1998,9,29,,,0.0,,,,,,,,,,,,,
USC00043491,1998,9,3,,,0.0,,,,,,,,,,,,,
USC00043491,1998,9,30,,,0.0,,,,,,,,,,,,,
USC00043491,1998,9,31,,,-9999.0,,,,,,,,,,,,,
USC00043491,1998,9,4,,,0.0,,,,,,,,,,,,,
USC00043491,1998,9,5,,,140.0,,,,,,,,,,,,,
USC00043491,1998,9,6,,,0.0,,,,,,,,,,,,,
USC00043491,1998,9,7,,,0.0,,,,,,,,,,,,,
USC00043491,1998,9,8,,,89.0,,,,,,,,,,,,,
USC00043491,1998,9,9,,,13.0,,,,,,,,,,,,,
USC00043491,1998,10,1,,,0.0,,,,,,,,,,,,,
USC00043491,1998,10,10,,,0.0,,,,,,,,,,,,,
USC00043491,1998,10,11,,,0.0,,,,,,,,,,,,,
USC00043491,1998,10,12,,,0.0,,,,,,,,,,,,,
USC00043491,1998,10,13,,,0.0,,,,,,,,,,,,,
USC00043491,1998,10,14,,,0.0,,,,,,,,,,,,,
USC00043491,1998,10,15,,,0.0,,,,,,,,,,,,,
USC00043491,1998,10,16,,,0.0,,,,,,,,,,,,,
USC00043491,1998,10,17,,,0.0,,,,,,,,,,,,,
USC00043491,1998,10,18,,,0.0,,,,,,,,,,,,,
USC00043491,1998,10,19,,,0.0,,,,,,,,,,,,,
USC00043491,1998,10,2,,,0.0,,,,,,,,,,,,,
USC00043491,1998,10,20,,,0.0,,,,,,,,,,,,,
USC00043491,1998,10,21,,,0.0,,,,,,,,,,,,,
USC00043491,1998,10,22,,,0.0,,,,,,,,,,,,,
USC00043491,1998,10,23,,,0.0,,,,,,,,,,,,,
USC00043491,1998,10,24,,,163.0,,,,,,,,,,,,,
USC00043491,1998,10,25,,,15.0,,,,,,,,,,,,,
USC00043491,1998,10,26,,,0.0,,,,,,,,,,,,,
USC00043491,1998,10,27,,,0.0,,,,,,,,,,,,,
USC00043491,1998,10,28,,,0.0,,,,,,,,,,,,,
USC00043491,1998,10,29,,,46.0,,,,,,,,,,,,,
USC00043491,1998,10,3,,,0.0,,,,,,,,,,,,,
USC00043491,1998,10,30,,,0.0,,,,,,,,,,,,,
USC00043491,1998,10,31,,,112.0,,,,,,,,,,,,,
USC00043491,1998,10,4,,,0.0,,,,,,,,,,,,,
USC00043491,1998,10,5,,,0.0,,,,,,,,,,,,,
USC00043491,1998,10,6,,,0.0,,,,,,,,,,,,,
USC00043491,1998,10,7,,,0.0,,,,,,,,,,,,,
USC00043491,1998,10,8,,,0.0,,,,,,,,,,,,,
USC00043491,1998,10,9,,,0.0,,,,,,,,,,,,,
USC00043491,1998,11,1,,,0.0,,,,,,,,,,,,,
USC00043491,1998,11,10,,,135.0,,,,,,,,,,,,,
USC00043491,1998,11,11,,,0.0,,,,,,,,,,,,,
USC00043491,1998,11,12,,,0.0,,,,,,,,,,,,,
USC00043491,1998,11,13,,,0.0,,,,,,,,,,,,,
USC00043491,1998,11,14,,,0.0,,,,,,,,,,,,,
USC00043491,1998,11,15,,,0.0,,,,,,,,,,,,,
USC00043491,1998,11,16,,,0.0,,,,,,,,,,,,,
USC00043491,1998,11,17,,,254.0,,,,,,,,,,,,,
USC00043491,1998,11,18,,,0.0,,,,,,,,,,,,,
USC00043491,1998,11,19,,,0.0,,,,,,,,,,,,,
USC00043491,1998,11,2,,,0.0,,,,,,,,,,,,,
USC00043491,1998,11,20,,,0.0,,,,,,,,,,,,,
USC00043491,1998,11,21,,,236.0,,,,,,,,,,,,,
USC00043491,1998,11,22,,,0.0,,,,,,,,,,,,,
USC00043491,1998,11,23,,,363.0,,,,,,,,,,,,,
USC00043491,1998,11,24,,,91.0,,,,,,,,,,,,,
USC00043491,1998,11,25,,,0.0,,,,,,,,,,,,,
USC00043491,1998,11,26,,,0.0,,,,,,,,,,,,,
USC00043491,1998,11,27,,,307.0,,,,,,,,,,,,,
USC00043491,1998,11,28,,,0.0,,,,,,,,,,,,,
USC00043491,1998,11,29,,,287.0,,,,,,,,,,,,,
USC00043491,1998,11,3,,,0.0,,,,,,,,,,,,,
USC00043491,1998,11,30,,,513.0,,,,,,,,,,,,,
USC00043491,1998,11,31,,,-9999.0,,,,,,,,,,,,,
USC00043491,1998,11,4,,,0.0,,,,,,,,,,,,,
USC00043491,1998,11,5,,,25.0,,,,,,,,,,,,,
USC00043491,1998,11,6,,,36.0,,,,,,,,,,,,,
USC00043491,1998,11,7,,,224.0,,,,,,,,,,,,,
USC00043491,1998,11,8,,,0.0,,,,,,,,,,,,,
USC00043491,1998,11,9,,,0.0,,,,,,,,,,,,,
USC00043491,1998,12,1,,,43.0,,,,,,,,,,,,,
USC00043491,1998,12,10,,,0.0,,,,,,,,,,,,,
USC00043491,1998,12,11,,,0.0,,,,,,,,,,,,,
USC00043491,1998,12,12,,,0.0,,,,,,,,,,,,,
USC00043491,1998,12,13,,,102.0,,,,,,,,,,,,,
USC00043491,1998,12,14,,,0.0,,,,,,,,,,,,,
USC00043491,1998,12,15,,,0.0,,,,,,,,,,,,,
USC00043491,1998,12,16,,,0.0,,,,,,,,,,,,,
USC00043491,1998,12,17,,,0.0,,,,,,,,,,,,,
USC00043491,1998,12,18,,,0.0,,,,,,,,,,,,,
USC00043491,1998,12,19,,,28.0,,,,,,,,,,,,,
USC00043491,1998,12,2,,,0.0,,,,,,,,,,,,,
USC00043491,1998,12,20,,,20.0,,,,,,,,,,,,,
USC00043491,1998,12,21,,,0.0,,,,,,,,,,,,,
USC00043491,1998,12,22,,,0.0,,,,,,,,,,,,,
USC00043491,1998,12,23,,,0.0,,,,,,,,,,,,,
USC00043491,1998,12,24,,,0.0,,,,,,,,,,,,,
USC00043491,1998,12,25,,,0.0,,,,,,,,,,,,,
USC00043491,1998,12,26,,,0.0,,,,,,,,,,,,,
USC00043491,1998,12,27,,,0.0,,,,,,,,,,,,,
USC00043491,1998,12,28,,,0.0,,,,,,,,,,,,,
USC00043491,1998,12,29,,,0.0,,,,,,,,,,,,,
USC00043491,1998,12,3,,,363.0,,,,,,,,,,,,,
USC00043491,1998,12,30,,,0.0,,,,,,,,,,,,,
USC00043491,1998,12,31,,,5.0,,,,,,,,,,,,,
USC00043491,1998,12,4,,,0.0,,,,,,,,,,,,,
USC00043491,1998,12,5,,,135.0,,,,,,,,,,,,,
USC00043491,1998,12,6,,,0.0,,,,,,,,,,,,,
USC00043491,1998,12,7,,,0.0,,,,,,,,,,,,,
USC00043491,1998,12,8,,,0.0,,,,,,,,,,,,,
USC00043491,1998,12,9,,,0.0,,,,,,,,,,,,,
USC00043491,1999,1,1,,,0.0,0.0,0.0,,,,,,-9999.0,,,,,
USC00043491,1999,1,10,,,0.0,0.0,0.0,,,,,,-9999.0,,,,,
USC00043491,1999,1,11,,,0.0,0.0,0.0,,,,,,-9999.0,,,,,
USC00043491,1999,1,12,,,0.0,0.0,0.0,,,,,,-9999.0,,,,,
USC00043491,1999,1,13,,,0.0,0.0,0.0,,,,,,-9999.0,,,,,
USC00043491,1999,1,14,,,48.0,0.0,0.0,,,,,,-9999.0,,,,,
USC00043491,1999,1,15,,,188.0,0.0,0.0,,,,,,-9999.0,,,,,
USC00043491,1999,1,16,,,188.0,0.0,0.0,,,,,,-9999.0,,,,,
USC00043491,1999,1,17,,,160.0,0.0,0.0,,,,,,-9999.0,,,,,
USC00043491,1999,1,18,,,414.0,0.0,0.0,,,,,,-9999.0,,,,,
USC00043491,1999,1,19,,,607.0,0.0,0.0,,,,,,-9999.0,,,,,
USC00043491,1999,1,2,,,0.0,0.0,0.0,,,,,,-9999.0,,,,,
USC00043491,1999,1,20,,,442.0,0.0,0.0,,,,,,-9999.0,,,,,
USC00043491,1999,1,21,,,8.0,0.0,0.0,,,,,,-9999.0,,,,,
USC00043491,1999,1,22,,,0.0,0.0,0.0,,,,,,-9999.0,,,,,
USC00043491,1999,1,23,,,533.0,-9999.0,-9999.0,,,,,,-9999.0,,,,,
USC00043491,1999,1,24,,,0.0,0.0,-9999.0,,,,,,-9999.0,,,,,
USC00043491,1999,1,25,,,0.0,0.0,-9999.0,,,,,,-9999.0,,,,,
USC00043491,1999,1,26,,,64.0,-9999.0,-9999.0,,,,,,-9999.0,,,,,
USC00043491,1999,1,27,,,0.0,0.0,-9999.0,,,,,,-9999.0,,,,,
USC00043491,1999,1,28,,,0.0,0.0,-9999.0,,,,,,-9999.0,,,,,
USC00043491,1999,1,29,,,0.0,0.0,-9999.0,,,,,,-9999.0,,,,,
USC00043491,1999,1,3,,,0.0,0.0,0.0,,,,,,-9999.0,,,,,
USC00043491,1999,1,30,,,51.0,0.0,-9999.0,,,,,,-9999.0,,,,,
USC00043491,1999,1,31,,,147.0,-9999.0,-9999.0,,,,,,1.0,,,,,
USC00043491,1999,1,4,,,0.0,0.0,0.0,,,,,,-9999.0,,,,,
USC00043491,1999,1,5,,,0.0,0.0,0.0,,,,,,-9999.0,,,,,
USC00043491,1999,1,6,,,0.0,0.0,0.0,,,,,,-9999.0,,,,,
USC00043491,1999,1,7,,,0.0,0.0,0.0,,,,,,-9999.0,,,,,
USC00043491,1999,1,8,,,0.0,0.0,0.0,,,,,,-9999.0,,,,,
USC00043491,1999,1,9,,,0.0,0.0,0.0,,,,,,-9999.0,,,,,
USC00043491,1999,2,1,,,0.0,0.0,0.0,,,,,,,,,,,
USC00043491,1999,2,10,,,0.0,0.0,-9999.0,,,,,,,,,,,
USC00043491,1999,2,11,,,0.0,0.0,-9999.0,,,,,,,,,,,
USC00043491,1999,2,12,,,0.0,0.0,-9999.0,,,,,,,,,,,
USC00043491,1999,2,13,,,0.0,0.0,-9999.0,,,,,,,,,,,
USC00043491,1999,2,14,,,0.0,0.0,-9999.0,,,,,,,,,,,
USC00043491,1999,2,15,,,89.0,0.0,-9999.0,,,,,,,,,,,
USC00043491,1999,2,16,,,538.0,0.0,-9999.0,,,,,,,,,,,
USC00043491,1999,2,17,,,0.0,0.0,-9999.0,,,,,,,,,,,
USC00043491,1999,2,18,,,0.0,0.0,-9999.0,,,,,,,,,,,
USC00043491,1999,2,19,,,0.0,0.0,-9999.0,,,,,,,,,,,
USC00043491,1999,2,2,,,0.0,0.0,0.0,,,,,,,,,,,
USC00043491,1999,2,20,,,147.0,0.0,-9999.0,,,,,,,,,,,
USC00043491,1999,2,21,,,262.0,-9999.0,-9999.0,,,,,,,,,,,
USC00043491,1999,2,22,,,0.0,0.0,-9999.0,,,,,,,,,,,
USC00043491,1999,2,23,,,0.0,0.0,-9999.0,,,,,,,,,,,
USC00043491,1999,2,24,,,124.0,0.0,-9999.0,,,,,,,,,,,
USC00043491,1999,2,25,,,74.0,0.0,-9999.0,,,,,,,,,,,
USC00043491,1999,2,26,,,0.0,0.0,-9999.0,,,,,,,,,,,
USC00043491,1999,2,27,,,0.0,0.0,-9999.0,,,,,,,,,,,
USC00043491,1999,2,28,,,33.0,0.0,-9999.0,,,,,,,,,,,
USC00043491,1999,2,29,,,-9999.0,-9999.0,-9999.0,,,,,,,,,,,
USC00043491,1999,2,3,,,0.0,0.0,0.0,,,,,,,,,,,
USC00043491,1999,2,30,,,-9999.0,-9999.0,-9999.0,,,,,,,,,,,
USC00043491,1999,2,31,,,-9999.0,-9999.0,-9999.0,,,,,,,,,,,
USC00043491,1999,2,4,,,0.0,0.0,0.0,,,,,,,,,,,
USC00043491,1999,2,5,,,0.0,0.0,0.0,,,,,,,,,,,
USC00043491,1999,2,6,,,147.0,-9999.0,-9999.0,,,,,,,,,,,
USC00043491,1999,2,7,,,665.0,0.0,-9999.0,,,,,,,,,,,
USC00043491,1999,2,8,,,411.0,0.0,-9999.0,,,,,,,,,,,
USC00043491,1999,2,9,,,668.0,-9999.0,-9999.0,,,,,,,,,,,
USC00043491,1999,3,1,,,0.0,0.0,-9999.0,,,,,,-9999.0,,,,,
USC00043491,1999,3,10,,,0.0,0.0,-9999.0,,,,,,-9999.0,,,,,
USC00043491,1999,3,11,,,0.0,0.0,-9999.0,,,,,,-9999.0,,,,,
USC00043491,1999,3,12,,,0.0,0.0,-9999.0,,,,,,-9999.0,,,,,
USC00043491,1999,3,13,,,0.0,0.0,-9999.0,,,,,,-9999.0,,,,,
USC00043491,1999,3,14,,,0.0,0.0,-9999.0,,,,,,-9999.0,,,,,
USC00043491,1999,3,15,,,0.0,0.0,-9999.0,,,,,,-9999.0,,,,,
USC00043491,1999,3,16,,,0.0,0.0,-9999.0,,,,,,-9999.0,,,,,
USC00043491,1999,3,17,,,0.0,0.0,-9999.0,,,,,,-9999.0,,,,,
USC00043491,1999,3,18,,,0.0,0.0,-9999.0,,,,,,-9999.0,,,,,
USC00043491,1999,3,19,,,0.0,0.0,-9999.0,,,,,,-9999.0,,,,,
USC00043491,1999,3,2,,,211.0,0.0,-9999.0,,,,,,-9999.0,,,,,
USC00043491,1999,3,20,,,0.0,0.0,-9999.0,,,,,,-9999.0,,,,,
USC00043491,1999,3,21,,,97.0,-9999.0,-9999.0,,,,,,1.0,,,,,
USC00043491,1999,3,22,,,0.0,0.0,-9999.0,,,,,,-9999.0,,,,,
USC00043491,1999,3,23,,,25.0,0.0,-9999.0,,,,,,-9999.0,,,,,
USC00043491,1999,3,24,,,5.0,0.0,-9999.0,,,,,,-9999.0,,,,,
USC00043491,1999,3,25,,,48.0,0.0,0.0,,,,,,-9999.0,,,,,
USC00043491,1999,3,26,,,0.0,0.0,0.0,,,,,,-9999.0,,,,,
USC00043491,1999,3,27,,,0.0,0.0,0.0,,,,,,-9999.0,,,,,
USC00043491,1999,3,28,,,0.0,0.0,0.0,,,,,,-9999.0,,,,,
USC00043491,1999,3,29,,,0.0,0.0,0.0,,,,,,-9999.0,,,,,
USC00043491,1999,3,3,,,48.0,0.0,0.0,,,,,,-9999.0,,,,,
USC00043491,1999,3,30,,,56.0,-9999.0,-9999.0,,,,,,-9999.0,,,,,
USC00043491,1999,3,31,,,165.0,-9999.0,-9999.0,,,,,,-9999.0,,,,,
USC00043491,1999,3,4,,,0.0,0.0,0.0,,,,,,-9999.0,,,,,
USC00043491,1999,3,5,,,0.0,0.0,0.0,,,,,,-9999.0,,,,,
USC00043491,1999,3,6,,,0.0,0.0,0.0,,,,,,-9999.0,,,,,
USC00043491,1999,3,7,,,0.0,0.0,0.0,,,,,,-9999.0,,,,,
USC00043491,1999,3,8,,,48.0,0.0,0.0,,,,,,-9999.0,,,,,
USC00043491,1999,3,9,,,503.0,-9999.0,-9999.0,,,,,,-9999.0,,,,,
USC00043491,1999,4,1,,,0.0,0.0,-9999.0,,,,,,,,,,,
USC00043491,1999,4,10,,,51.0,0.0,-9999.0,,,,,,,,,,,
USC00043491,1999,4,11,,,0.0,0.0,-9999.0,,,,,,,,,,,
USC00043491,1999,4,12,,,0.0,0.0,-9999.0,,,,,,,,,,,
USC00043491,1999,4,13,,,0.0,0.0,-9999.0,,,,,,,,,,,
USC00043491,1999,4,14,,,0.0,0.0,-9999.0,,,,,,,,,,,
USC00043491,1999,4,15,,,0.0,0.0,-9999.0,,,,,,,,,,,
USC00043491,1999,4,16,,,0.0,0.0,-9999.0,,,,,,,,,,,
USC00043491,1999,4,17,,,0.0,0.0,-9999.0,,,,,,,,,,,
USC00043491,1999,4,18,,,0.0,0.0,-9999.0,,,,,,,,,,,
USC00043491,1999,4,19,,,0.0,0.0,-9999.0,,,,,,,,,,,
USC00043491,1999,4,2,,,0.0,0.0,-9999.0,,,,,,,,,,,
USC00043491,1999,4,20,,,0.0,0.0,0.0,,,,,,,,,,,
USC00043491,1999,4,21,,,0.0,0.0,0.0,,,,,,,,,,,
USC00043491,1999,4,22,,,5.0,0.0,0.0,,,,,,,,,,,
USC00043491,1999,4,23,,,0.0,0.0,0.0,,,,,,,,,,,
USC00043491,1999,4,24,,,0.0,0.0,0.0,,,,,,,,,,,
USC00043491,1999,4,25,,,0.0,0.0,0.0,,,,,,,,,,,
USC00043491,1999,4,26,,,33.0,0.0,0.0,,,,,,,,,,,
USC00043491,1999,4,27,,,0.0,0.0,0.0,,,,,,,,,,,
USC00043491,1999,4,28,,,0.0,0.0,0.0,,,,,,,,,,,
USC00043491,1999,4,29,,,0.0,0.0,0.0,,,,,,,,,,,
USC00043491,1999,4,3,,,38.0,0.0,-9999.0,,,,,,,,,,,
USC00043491,1999,4,30,,,0.0,0.0,0.0,,,,,,,,,,,
USC00043491,1999,4,31,,,-9999.0,-9999.0,-9999.0,,,,,,,,,,,
USC00043491,1999,4,4,,,102.0,-9999.0,-9999.0,,,,,,,,,,,
USC00043491,1999,4,5,,,0.0,0.0,-9999.0,,,,,,,,,,,
USC00043491,1999,4,6,,,0.0,0.0,-9999.0,,,,,,,,,,,
USC00043491,1999,4,7,,,76.0,-9999.0,-9999.0,,,,,,,,,,,
USC00043491,1999,4,8,,,102.0,-9999.0,-9999.0,,,,,,,,,,,
USC00043491,1999,4,9,,,178.0,-9999.0,-9999.0,,,,,,,,,,,
USC00043491,1999,5,1,,,0.0,,,,,,,,,,,,,
USC00043491,1999,5,10,,,0.0,,,,,,,,,,,,,
USC00043491,1999,5,11,,,0.0,,,,,,,,,,,,,
USC00043491,1999,5,12,,,0.0,,,,,,,,,,,,,
USC00043491,1999,5,13,,,0.0,,,,,,,,,,,,,
USC00043491,1999,5,14,,,0.0,,,,,,,,,,,,,
USC00043491,1999,5,15,,,0.0,,,,,,,,,,,,,
USC00043491,1999,5,16,,,0.0,,,,,,,,,,,,,
USC00043491,1999,5,17,,,0.0,,,,,,,,,,,,,
USC00043491,1999,5,18,,,0.0,,,,,,,,,,,,,
USC00043491,1999,5,19,,,0.0,,,,,,,,,,,,,
USC00043491,1999,5,2,,,173.0,,,,,,,,,,,,,
USC00043491,1999,5,20,,,0.0,,,,,,,,,,,,,
USC00043491,1999,5,21,,,0.0,,,,,,,,,,,,,
USC00043491,1999,5,22,,,0.0,,,,,,,,,,,,,
USC00043491,1999,5,23,,,0.0,,,,,,,,,,,,,
USC00043491,1999,5,24,,,0.0,,,,,,,,,,,,,
USC00043491,1999,5,25,,,0.0,,,,,,,,,,,,,
USC00043491,1999,5,26,,,0.0,,,,,,,,,,,,,
USC00043491,1999,5,27,,,0.0,,,,,,,,,,,,,
USC00043491,1999,5,28,,,0.0,,,,,,,,,,,,,
USC00043491,1999,5,29,,,0.0,,,,,,,,,,,,,
USC00043491,1999,5,3,,,239.0,,,,,,,,,,,,,
USC00043491,1999,5,30,,,0.0,,,,,,,,,,,,,
USC00043491,1999,5,31,,,0.0,,,,,,,,,,,,,
USC00043491,1999,5,4,,,0.0,,,,,,,,,,,,,
USC00043491,1999,5,5,,,0.0,,,,,,,,,,,,,
USC00043491,1999,5,6,,,0.0,,,,,,,,,,,,,
USC00043491,1999,5,7,,,0.0,,,,,,,,,,,,,
USC00043491,1999,5,8,,,0.0,,,,,,,,,,,,,
USC00043491,1999,5,9,,,0.0,,,,,,,,,,,,,
USC00043491,1999,6,1,,,0.0,,,,,,,,,,,,,
USC00043491,1999,6,10,,,0.0,,,,,,,,,,,,,
USC00043491,1999,6,11,,,0.0,,,,,,,,,,,,,
USC00043491,1999,6,12,,,0.0,,,,,,,,,,,,,
USC00043491,1999,6,13,,,0.0,,,,,,,,,,,,,
USC00043491,1999,6,14,,,0.0,,,,,,,,,,,,,
USC00043491,1999,6,15,,,0.0,,,,,,,,,,,,,
USC00043491,1999,6,16,,,0.0,,,,,,,,,,,,,
USC00043491,1999,6,17,,,0.0,,,,,,,,,,,,,
USC00043491,1999,6,18,,,0.0,,,,,,,,,,,,,
USC00043491,1999,6,19,,,0.0,,,,,,,,,,,,,
USC00043491,1999,6,2,,,10.0,,,,,,,,,,,,,
USC00043491,1999,6,20,,,0.0,,,,,,,,,,,,,
USC00043491,1999,6,21,,,0.0,,,,,,,,,,,,,
USC00043491,1999,6,22,,,0.0,,,,,,,,,,,,,
USC00043491,1999,6,23,,,0.0,,,,,,,,,,,,,
USC00043491,1999,6,24,,,0.0,,,,,,,,,,,,,
USC00043491,1999,6,25,,,0.0,,,,,,,,,,,,,
USC00043491,1999,6,26,,,0.0,,,,,,,,,,,,,
USC00043491,1999,6,27,,,0.0,,,,,,,,,,,,,
USC00043491,1999,6,28,,,0.0,,,,,,,,,,,,,
USC00043491,1999,6,29,,,0.0,,,,,,,,,,,,,
USC00043491,1999,6,3,,,0.0,,,,,,,,,,,,,
USC00043491,1999,6,30,,,0.0,,,,,,,,,,,,,
USC00043491,1999,6,31,,,-9999.0,,,,,,,,,,,,,
USC00043491,1999,6,4,,,0.0,,,,,,,,,,,,,
USC00043491,1999,6,5,,,0.0,,,,,,,,,,,,,
USC00043491,1999,6,6,,,0.0,,,,,,,,,,,,,
USC00043491,1999,6,7,,,0.0,,,,,,,,,,,,,
USC00043491,1999,6,8,,,0.0,,,,,,,,,,,,,
USC00043491,1999,6,9,,,0.0,,,,,,,,,,,,,
USC00043491,1999,7,1,,,0.0,,,,,,,,,,,,,
USC00043491,1999,7,10,,,0.0,,,,,,,,,,,,,
USC00043491,1999,7,11,,,0.0,,,,,,,,,,,,,
USC00043491,1999,7,12,,,0.0,,,,,,,,,,,,,
USC00043491,1999,7,13,,,0.0,,,,,,,,,,,,,
USC00043491,1999,7,14,,,0.0,,,,,,,,,,,,,
USC00043491,1999,7,15,,,0.0,,,,,,,,,,,,,
USC00043491,1999,7,16,,,0.0,,,,,,,,,,,,,
USC00043491,1999,7,17,,,0.0,,,,,,,,,,,,,
USC00043491,1999,7,18,,,0.0,,,,,,,,,,,,,
USC00043491,1999,7,19,,,0.0,,,,,,,,,,,,,
USC00043491,1999,7,2,,,0.0,,,,,,,,,,,,,
USC00043491,1999,7,20,,,0.0,,,,,,,,,,,,,
USC00043491,1999,7,21,,,0.0,,,,,,,,,,,,,
USC00043491,1999,7,22,,,0.0,,,,,,,,,,,,,
USC00043491,1999,7,23,,,0.0,,,,,,,,,,,,,
USC00043491,1999,7,24,,,0.0,,,,,,,,,,,,,
USC00043491,1999,7,25,,,0.0,,,,,,,,,,,,,
USC00043491,1999,7,26,,,0.0,,,,,,,,,,,,,
USC00043491,1999,7,27,,,0.0,,,,,,,,,,,,,
USC00043491,1999,7,28,,,0.0,,,,,,,,,,,,,
USC00043491,1999,7,29,,,0.0,,,,,,,,,,,,,
USC00043491,1999,7,3,,,0.0,,,,,,,,,,,,,
USC00043491,1999,7,30,,,0.0,,,,,,,,,,,,,
USC00043491,1999,7,31,,,0.0,,,,,,,,,,,,,
USC00043491,1999,7,4,,,0.0,,,,,,,,,,,,,
USC00043491,1999,7,5,,,0.0,,,,,,,,,,,,,
USC00043491,1999,7,6,,,0.0,,,,,,,,,,,,,
USC00043491,1999,7,7,,,0.0,,,,,,,,,,,,,
USC00043491,1999,7,8,,,0.0,,,,,,,,,,,,,
USC00043491,1999,7,9,,,0.0,,,,,,,,,,,,,
USC00043491,1999,8,1,,,0.0,,,,,,,,,,,,,
USC00043491,1999,8,10,,,0.0,,,,,,,,,,,,,
USC00043491,1999,8,11,,,0.0,,,,,,,,,,,,,
USC00043491,1999,8,12,,,0.0,,,,,,,,,,,,,
USC00043491,1999,8,13,,,0.0,,,,,,,,,,,,,
USC00043491,1999,8,14,,,0.0,,,,,,,,,,,,,
USC00043491,1999,8,15,,,0.0,,,,,,,,,,,,,
USC00043491,1999,8,16,,,0.0,,,,,,,,,,,,,
USC00043491,1999,8,17,,,0.0,,,,,,,,,,,,,
USC00043491,1999,8,18,,,0.0,,,,,,,,,,,,,
USC00043491,1999,8,19,,,0.0,,,,,,,,,,,,,
USC00043491,1999,8,2,,,0.0,,,,,,,,,,,,,
USC00043491,1999,8,20,,,0.0,,,,,,,,,,,,,
USC00043491,1999,8,21,,,0.0,,,,,,,,,,,,,
USC00043491,1999,8,22,,,0.0,,,,,,,,,,,,,
USC00043491,1999,8,23,,,0.0,,,,,,,,,,,,,
USC00043491,1999,8,24,,,0.0,,,,,,,,,,,,,
USC00043491,1999,8,25,,,0.0,,,,,,,,,,,,,
USC00043491,1999,8,26,,,0.0,,,,,,,,,,,,,
USC00043491,1999,8,27,,,15.0,,,,,,,,,,,,,
USC00043491,1999,8,28,,,0.0,,,,,,,,,,,,,
USC00043491,1999,8,29,,,0.0,,,,,,,,,,,,,
USC00043491,1999,8,3,,,0.0,,,,,,,,,,,,,
USC00043491,1999,8,30,,,0.0,,,,,,,,,,,,,
USC00043491,1999,8,31,,,0.0,,,,,,,,,,,,,
USC00043491,1999,8,4,,,0.0,,,,,,,,,,,,,
USC00043491,1999,8,5,,,0.0,,,,,,,,,,,,,
USC00043491,1999,8,6,,,0.0,,,,,,,,,,,,,
USC00043491,1999,8,7,,,0.0,,,,,,,,,,,,,
USC00043491,1999,8,8,,,0.0,,,,,,,,,,,,,
USC00043491,1999,8,9,,,5.0,,,,,,,,,,,,,
USC00043491,1999,9,1,,,0.0,,,,,,,,,,,,,
USC00043491,1999,9,10,,,0.0,,,,,,,,,,,,,
USC00043491,1999,9,11,,,0.0,,,,,,,,,,,,,
USC00043491,1999,9,12,,,0.0,,,,,,,,,,,,,
USC00043491,1999,9,13,,,0.0,,,,,,,,,,,,,
USC00043491,1999,9,14,,,0.0,,,,,,,,,,,,,
USC00043491,1999,9,15,,,0.0,,,,,,,,,,,,,
USC00043491,1999,9,16,,,0.0,,,,,,,,,,,,,
USC00043491,1999,9,17,,,0.0,,,,,,,,,,,,,
USC00043491,1999,9,18,,,0.0,,,,,,,,,,,,,
USC00043491,1999,9,19,,,0.0,,,,,,,,,,,,,
USC00043491,1999,9,2,,,0.0,,,,,,,,,,,,,
USC00043491,1999,9,20,,,0.0,,,,,,,,,,,,,
USC00043491,1999,9,21,,,0.0,,,,,,,,,,,,,
USC00043491,1999,9,22,,,0.0,,,,,,,,,,,,,
USC00043491,1999,9,23,,,0.0,,,,,,,,,,,,,
USC00043491,1999,9,24,,,0.0,,,,,,,,,,,,,
USC00043491,1999,9,25,,,0.0,,,,,,,,,,,,,
USC00043491,1999,9,26,,,0.0,,,,,,,,,,,,,
USC00043491,1999,9,27,,,0.0,,,,,,,,,,,,,
USC00043491,1999,9,28,,,0.0,,,,,,,,,,,,,
USC00043491,1999,9,29,,,0.0,,,,,,,,,,,,,
USC00043491,1999,9,3,,,0.0,,,,,,,,,,,,,
USC00043491,1999,9,30,,,0.0,,,,,,,,,,,,,
USC00043491,1999,9,31,,,-9999.0,,,,,,,,,,,,,
USC00043491,1999,9,4,,,0.0,,,,,,,,,,,,,
USC00043491,1999,9,5,,,0.0,,,,,,,,,,,,,
USC00043491,1999,9,6,,,0.0,,,,,,,,,,,,,
USC00043491,1999,9,7,,,0.0,,,,,,,,,,,,,
USC00043491,1999,9,8,,,0.0,,,,,,,,,,,,,
USC00043491,1999,9,9,,,0.0,,,,,,,,,,,,,
USC00043491,1999,10,1,,,0.0,,,,,,,,,,,,,
USC00043491,1999,10,10,,,0.0,,,,,,,,,,,,,
USC00043491,1999,10,11,,,0.0,,,,,,,,,,,,,
USC00043491,1999,10,12,,,0.0,,,,,,,,,,,,,
USC00043491,1999,10,13,,,0.0,,,,,,,,,,,,,
USC00043491,1999,10,14,,,0.0,,,,,,,,,,,,,
USC00043491,1999,10,15,,,0.0,,,,,,,,,,,,,
USC00043491,1999,10,16,,,0.0,,,,,,,,,,,,,
USC00043491,1999,10,17,,,0.0,,,,,,,,,,,,,
USC00043491,1999,10,18,,,0.0,,,,,,,,,,,,,
USC00043491,1999,10,19,,,0.0,,,,,,,,,,,,,
USC00043491,1999,10,2,,,0.0,,,,,,,,,,,,,
USC00043491,1999,10,20,,,0.0,,,,,,,,,,,,,
USC00043491,1999,10,21,,,0.0,,,,,,,,,,,,,
USC00043491,1999,10,22,,,0.0,,,,,,,,,,,,,
USC00043491,1999,10,23,,,0.0,,,,,,,,,,,,,
USC00043491,1999,10,24,,,0.0,,,,,,,,,,,,,
USC00043491,1999,10,25,,,0.0,,,,,,,,,,,,,
USC00043491,1999,10,26,,,0.0,,,,,,,,,,,,,
USC00043491,1999,10,27,,,528.0,,,,,,,,,,,,,
USC00043491,1999,10,28,,,0.0,,,,,,,,,,,,,
USC00043491,1999,10,29,,,0.0,,,,,,,,,,,,,
USC00043491,1999,10,3,,,0.0,,,,,,,,,,,,,
USC00043491,1999,10,30,,,0.0,,,,,,,,,,,,,
USC00043491,1999,10,31,,,0.0,,,,,,,,,,,,,
USC00043491,1999,10,4,,,0.0,,,,,,,,,,,,,
USC00043491,1999,10,5,,,0.0,,,,,,,,,,,,,
USC00043491,1999,10,6,,,0.0,,,,,,,,,,,,,
USC00043491,1999,10,7,,,0.0,,,,,,,,,,,,,
USC00043491,1999,10,8,,,0.0,,,,,,,,,,,,,
USC00043491,1999,10,9,,,0.0,,,,,,,,,,,,,
USC00043491,1999,11,1,,,0.0,,,,,,,,,,,,,
USC00043491,1999,11,10,,,8.0,,,,,,,,,,,,,
USC00043491,1999,11,11,,,0.0,,,,,,,,,,,,,
USC00043491,1999,11,12,,,0.0,,,,,,,,,,,,,
USC00043491,1999,11,13,,,0.0,,,,,,,,,,,,,
USC00043491,1999,11,14,,,66.0,,,,,,,,,,,,,
USC00043491,1999,11,15,,,0.0,,,,,,,,,,,,,
USC00043491,1999,11,16,,,287.0,,,,,,,,,,,,,
USC00043491,1999,11,17,,,0.0,,,,,,,,,,,,,
USC00043491,1999,11,18,,,0.0,,,,,,,,,,,,,
USC00043491,1999,11,19,,,226.0,,,,,,,,,,,,,
USC00043491,1999,11,2,,,0.0,,,,,,,,,,,,,
USC00043491,1999,11,20,,,53.0,,,,,,,,,,,,,
USC00043491,1999,11,21,,,71.0,,,,,,,,,,,,,
USC00043491,1999,11,22,,,0.0,,,,,,,,,,,,,
USC00043491,1999,11,23,,,0.0,,,,,,,,,,,,,
USC00043491,1999,11,24,,,0.0,,,,,,,,,,,,,
USC00043491,1999,11,25,,,0.0,,,,,,,,,,,,,
USC00043491,1999,11,26,,,0.0,,,,,,,,,,,,,
USC00043491,1999,11,27,,,0.0,,,,,,,,,,,,,
USC00043491,1999,11,28,,,0.0,,,,,,,,,,,,,
USC00043491,1999,11,29,,,0.0,,,,,,,,,,,,,
USC00043491,1999,11,3,,,0.0,,,,,,,,,,,,,
USC00043491,1999,11,30,,,269.0,,,,,,,,,,,,,
USC00043491,1999,11,31,,,-9999.0,,,,,,,,,,,,,
USC00043491,1999,11,4,,,0.0,,,,,,,,,,,,,
USC00043491,1999,11,5,,,0.0,,,,,,,,,,,,,
USC00043491,1999,11,6,,,0.0,,,,,,,,,,,,,
USC00043491,1999,11,7,,,160.0,,,,,,,,,,,,,
USC00043491,1999,11,8,,,203.0,,,,,,,,,,,,,
USC00043491,1999,11,9,,,0.0,,,,,,,,,,,,,
USC00043491,1999,12,1,,,89.0,0.0,0.0,,,,,,,,,,,
USC00043491,1999,12,10,,,23.0,0.0,-9999.0,,,,,,,,,,,
USC00043491,1999,12,11,,,0.0,0.0,-9999.0,,,,,,,,,,,
USC00043491,1999,12,12,,,0.0,0.0,-9999.0,,,,,,,,,,,
USC00043491,1999,12,13,,,0.0,0.0,0.0,,,,,,,,,,,
USC00043491,1999,12,14,,,0.0,0.0,0.0,,,,,,,,,,,
USC00043491,1999,12,15,,,0.0,0.0,0.0,,,,,,,,,,,
USC00043491,1999,12,16,,,0.0,0.0,0.0,,,,,,,,,,,
USC00043491,1999,12,17,,,0.0,0.0,0.0,,,,,,,,,,,
USC00043491,1999,12,18,,,0.0,0.0,0.0,,,,,,,,,,,
USC00043491,1999,12,19,,,0.0,0.0,0.0,,,,,,,,,,,
USC00043491,1999,12,2,,,140.0,0.0,0.0,,,,,,,,,,,
USC00043491,1999,12,20,,,0.0,0.0,0.0,,,,,,,,,,,
USC00043491,1999,12,21,,,0.0,0.0,0.0,,,,,,,,,,,
USC00043491,1999,12,22,,,0.0,0.0,0.0,,,,,,,,,,,
USC00043491,1999,12,23,,,0.0,0.0,0.0,,,,,,,,,,,
USC00043491,1999,12,24,,,0.0,0.0,0.0,,,,,,,,,,,
USC00043491,1999,12,25,,,0.0,0.0,0.0,,,,,,,,,,,
USC00043491,1999,12,26,,,0.0,0.0,0.0,,,,,,,,,,,
USC00043491,1999,12,27,,,0.0,0.0,0.0,,,,,,,,,,,
USC00043491,1999,12,28,,,0.0,0.0,0.0,,,,,,,,,,,
USC00043491,1999,12,29,,,0.0,0.0,0.0,,,,,,,,,,,
USC00043491,1999,12,3,,,0.0,0.0,0.0,,,,,,,,,,,
USC00043491,1999,12,30,,,0.0,0.0,0.0,,,,,,,,,,,
USC00043491,1999,12,31,,,0.0,0.0,0.0,,,,,,,,,,,
USC00043491,1999,12,4,,,0.0,0.0,0.0,,,,,,,,,,,
USC00043491,1999,12,5,,,0.0,0.0,0.0,,,,,,,,,,,
USC00043491,1999,12,6,,,0.0,0.0,0.0,,,,,,,,,,,
USC00043491,1999,12,7,,,15.0,0.0,0.0,,,,,,,,,,,
USC00043491,1999,12,8,,,0.0,0.0,0.0,,,,,,,,,,,
USC00043491,1999,12,9,,,76.0,-9999.0,-9999.0,,,,,,,,,,,
USC00043491,2000,1,1,,,46.0,,,,,,,,,,,,,
USC00043491,2000,1,10,,,0.0,,,,,,,,,,,,,
USC00043491,2000,1,11,,,318.0,,,,,,,,,,,,,
USC00043491,2000,1,12,,,0.0,,,,,,,,,,,,,
USC00043491,2000,1,13,,,0.0,,,,,,,,,,,,,
USC00043491,2000,1,14,,,188.0,,,,,,,,,,,,,
USC00043491,2000,1,15,,,236.0,,,,,,,,,,,,,
USC00043491,2000,1,16,,,38.0,,,,,,,,,,,,,
USC00043491,2000,1,17,,,140.0,,,,,,,,,,,,,
USC00043491,2000,1,18,,,592.0,,,,,,,,,,,,,
USC00043491,2000,1,19,,,185.0,,,,,,,,,,,,,
USC00043491,2000,1,2,,,0.0,,,,,,,,,,,,,
USC00043491,2000,1,20,,,109.0,,,,,,,,,,,,,
USC00043491,2000,1,21,,,10.0,,,,,,,,,,,,,
USC00043491,2000,1,22,,,0.0,,,,,,,,,,,,,
USC00043491,2000,1,23,,,168.0,,,,,,,,,,,,,
USC00043491,2000,1,24,,,945.0,,,,,,,,,,,,,
USC00043491,2000,1,25,,,173.0,,,,,,,,,,,,,
USC00043491,2000,1,26,,,0.0,,,,,,,,,,,,,
USC00043491,2000,1,27,,,0.0,,,,,,,,,,,,,
USC00043491,2000,1,28,,,0.0,,,,,,,,,,,,,
USC00043491,2000,1,29,,,0.0,,,,,,,,,,,,,
USC00043491,2000,1,3,,,0.0,,,,,,,,,,,,,
USC00043491,2000,1,30,,,132.0,,,,,,,,,,,,,
USC00043491,2000,1,31,,,198.0,,,,,,,,,,,,,
USC00043491,2000,1,4,,,0.0,,,,,,,,,,,,,
USC00043491,2000,1,5,,,0.0,,,,,,,,,,,,,
USC00043491,2000,1,6,,,0.0,,,,,,,,,,,,,
USC00043491,2000,1,7,,,0.0,,,,,,,,,,,,,
USC00043491,2000,1,8,,,0.0,,,,,,,,,,,,,
USC00043491,2000,1,9,,,0.0,,,,,,,,,,,,,
USC00043491,2000,2,1,,,0.0,0.0,0.0,,,,,,-9999.0,-9999.0,,,,
USC00043491,2000,2,10,,,239.0,0.0,0.0,,,,,,-9999.0,-9999.0,,,,
USC00043491,2000,2,11,,,86.0,0.0,0.0,,,,,,-9999.0,-9999.0,,,,
USC00043491,2000,2,12,,,452.0,-9999.0,-9999.0,,,,,,-9999.0,-9999.0,,,,
USC00043491,2000,2,13,,,579.0,0.0,-9999.0,,,,,,-9999.0,-9999.0,,,,
USC00043491,2000,2,14,,,660.0,0.0,-9999.0,,,,,,-9999.0,1.0,,,,
USC00043491,2000,2,15,,,33.0,0.0,-9999.0,,,,,,-9999.0,-9999.0,,,,
USC00043491,2000,2,16,,,137.0,0.0,-9999.0,,,,,,-9999.0,-9999.0,,,,
USC00043491,2000,2,17,,,64.0,0.0,-9999.0,,,,,,-9999.0,-9999.0,,,,
USC00043491,2000,2,18,,,0.0,0.0,-9999.0,,,,,,-9999.0,-9999.0,,,,
USC00043491,2000,2,19,,,0.0,0.0,-9999.0,,,,,,-9999.0,-9999.0,,,,
USC00043491,2000,2,2,,,0.0,0.0,0.0,,,,,,-9999.0,-9999.0,,,,
USC00043491,2000,2,20,,,18.0,0.0,-9999.0,,,,,,-9999.0,-9999.0,,,,
USC00043491,2000,2,21,,,0.0,0.0,-9999.0,,,,,,-9999.0,-9999.0,,,,
USC00043491,2000,2,22,,,335.0,0.0,-9999.0,,,,,,-9999.0,-9999.0,,,,
USC00043491,2000,2,23,,,259.0,-9999.0,-9999.0,,,,,,-9999.0,-9999.0,,,,
USC00043491,2000,2,24,,,0.0,0.0,-9999.0,,,,,,-9999.0,-9999.0,,,,
USC00043491,2000,2,25,,,0.0,0.0,-9999.0,,,,,,-9999.0,-9999.0,,,,
USC00043491,2000,2,26,,,241.0,0.0,-9999.0,,,,,,-9999.0,-9999.0,,,,
USC00043491,2000,2,27,,,589.0,-9999.0,-9999.0,,,,,,1.0,1.0,,,,
USC00043491,2000,2,28,,,102.0,0.0,-9999.0,,,,,,-9999.0,-9999.0,,,,
USC00043491,2000,2,29,,,132.0,0.0,-9999.0,,,,,,-9999.0,-9999.0,,,,
USC00043491,2000,2,3,,,0.0,0.0,0.0,,,,,,-9999.0,-9999.0,,,,
USC00043491,2000,2,30,,,-9999.0,-9999.0,-9999.0,,,,,,-9999.0,-9999.0,,,,
USC00043491,2000,2,31,,,-9999.0,-9999.0,-9999.0,,,,,,-9999.0,-9999.0,,,,
USC00043491,2000,2,4,,,170.0,0.0,0.0,,,,,,-9999.0,-9999.0,,,,
USC00043491,2000,2,5,,,130.0,0.0,0.0,,,,,,-9999.0,-9999.0,,,,
USC00043491,2000,2,6,,,0.0,0.0,0.0,,,,,,-9999.0,-9999.0,,,,
USC00043491,2000,2,7,,,0.0,0.0,0.0,,,,,,-9999.0,-9999.0,,,,
USC00043491,2000,2,8,,,0.0,0.0,0.0,,,,,,-9999.0,-9999.0,,,,
USC00043491,2000,2,9,,,33.0,0.0,0.0,,,,,,-9999.0,-9999.0,,,,
USC00043491,2000,3,1,,,0.0,0.0,-9999.0,,,,,,-9999.0,,,,,
USC00043491,2000,3,10,,,41.0,0.0,-9999.0,,,,,,-9999.0,,,,,
USC00043491,2000,3,11,,,0.0,0.0,-9999.0,,,,,,-9999.0,,,,,
USC00043491,2000,3,12,,,107.0,0.0,-9999.0,,,,,,-9999.0,,,,,
USC00043491,2000,3,13,,,102.0,0.0,-9999.0,,,,,,-9999.0,,,,,
USC00043491,2000,3,14,,,18.0,0.0,-9999.0,,,,,,-9999.0,,,,,
USC00043491,2000,3,15,,,0.0,0.0,-9999.0,,,,,,-9999.0,,,,,
USC00043491,2000,3,16,,,0.0,0.0,-9999.0,,,,,,-9999.0,,,,,
USC00043491,2000,3,17,,,0.0,0.0,-9999.0,,,,,,-9999.0,,,,,
USC00043491,2000,3,18,,,0.0,0.0,-9999.0,,,,,,-9999.0,,,,,
USC00043491,2000,3,19,,,0.0,0.0,-9999.0,,,,,,-9999.0,,,,,
USC00043491,2000,3,2,,,0.0,0.0,-9999.0,,,,,,-9999.0,,,,,
USC00043491,2000,3,20,,,0.0,0.0,-9999.0,,,,,,-9999.0,,,,,
USC00043491,2000,3,21,,,0.0,0.0,-9999.0,,,,,,-9999.0,,,,,
USC00043491,2000,3,22,,,0.0,0.0,-9999.0,,,,,,-9999.0,,,,,
USC00043491,2000,3,23,,,0.0,0.0,0.0,,,,,,-9999.0,,,,,
USC00043491,2000,3,24,,,0.0,0.0,0.0,,,,,,-9999.0,,,,,
USC00043491,2000,3,25,,,0.0,0.0,0.0,,,,,,-9999.0,,,,,
USC00043491,2000,3,26,,,0.0,0.0,0.0,,,,,,-9999.0,,,,,
USC00043491,2000,3,27,,,0.0,0.0,0.0,,,,,,-9999.0,,,,,
USC00043491,2000,3,28,,,0.0,0.0,0.0,,,,,,-9999.0,,,,,
USC00043491,2000,3,29,,,0.0,0.0,0.0,,,,,,-9999.0,,,,,
USC00043491,2000,3,3,,,0.0,0.0,-9999.0,,,,,,-9999.0,,,,,
USC00043491,2000,3,30,,,0.0,0.0,0.0,,,,,,-9999.0,,,,,
USC00043491,2000,3,31,,,0.0,0.0,0.0,,,,,,-9999.0,,,,,
USC00043491,2000,3,4,,,0.0,0.0,-9999.0,,,,,,-9999.0,,,,,
USC00043491,2000,3,5,,,173.0,0.0,-9999.0,,,,,,-9999.0,,,,,
USC00043491,2000,3,6,,,0.0,0.0,-9999.0,,,,,,-9999.0,,,,,
USC00043491,2000,3,7,,,132.0,-9999.0,-9999.0,,,,,,1.0,,,,,
USC00043491,2000,3,8,,,107.0,-9999.0,-9999.0,,,,,,1.0,,,,,
USC00043491,2000,3,9,,,79.0,-9999.0,-9999.0,,,,,,1.0,,,,,
USC00043491,2000,4,1,,,0.0,,,,,,,,,,,,,
USC00043491,2000,4,10,,,0.0,,,,,,,,,,,,,
USC00043491,2000,4,11,,,0.0,,,,,,,,,,,,,
USC00043491,2000,4,12,,,58.0,,,,,,,,,,,,,
USC00043491,2000,4,13,,,150.0,,,,,,,,,,,,,
USC00043491,2000,4,14,,,15.0,,,,,,,,,,,,,
USC00043491,2000,4,15,,,0.0,,,,,,,,,,,,,
USC00043491,2000,4,16,,,41.0,,,,,,,,,,,,,
USC00043491,2000,4,17,,,272.0,,,,,,,,,,,,,
USC00043491,2000,4,18,,,43.0,,,,,,,,,,,,,
USC00043491,2000,4,19,,,0.0,,,,,,,,,,,,,
USC00043491,2000,4,2,,,0.0,,,,,,,,,,,,,
USC00043491,2000,4,20,,,0.0,,,,,,,,,,,,,
USC00043491,2000,4,21,,,0.0,,,,,,,,,,,,,
USC00043491,2000,4,22,,,8.0,,,,,,,,,,,,,
USC00043491,2000,4,23,,,0.0,,,,,,,,,,,,,
USC00043491,2000,4,24,,,0.0,,,,,,,,,,,,,
USC00043491,2000,4,25,,,0.0,,,,,,,,,,,,,
USC00043491,2000,4,26,,,0.0,,,,,,,,,,,,,
USC00043491,2000,4,27,,,15.0,,,,,,,,,,,,,
USC00043491,2000,4,28,,,0.0,,,,,,,,,,,,,
USC00043491,2000,4,29,,,0.0,,,,,,,,,,,,,
USC00043491,2000,4,3,,,0.0,,,,,,,,,,,,,
USC00043491,2000,4,30,,,0.0,,,,,,,,,,,,,
USC00043491,2000,4,31,,,-9999.0,,,,,,,,,,,,,
USC00043491,2000,4,4,,,0.0,,,,,,,,,,,,,
USC00043491,2000,4,5,,,0.0,,,,,,,,,,,,,
USC00043491,2000,4,6,,,0.0,,,,,,,,,,,,,
USC00043491,2000,4,7,,,0.0,,,,,,,,,,,,,
USC00043491,2000,4,8,,,0.0,,,,,,,,,,,,,
USC00043491,2000,4,9,,,0.0,,,,,,,,,,,,,
USC00043491,2000,5,1,,,0.0,0.0,0.0,,,,,,-9999.0,-9999.0,,,,
USC00043491,2000,5,10,,,8.0,-9999.0,0.0,,,,,,1.0,1.0,,,,
USC00043491,2000,5,11,,,0.0,0.0,0.0,,,,,,-9999.0,-9999.0,,,,
USC00043491,2000,5,12,,,0.0,0.0,0.0,,,,,,-9999.0,-9999.0,,,,
USC00043491,2000,5,13,,,0.0,0.0,0.0,,,,,,-9999.0,-9999.0,,,,
USC00043491,2000,5,14,,,76.0,0.0,0.0,,,,,,-9999.0,-9999.0,,,,
USC00043491,2000,5,15,,,185.0,0.0,0.0,,,,,,-9999.0,-9999.0,,,,
USC00043491,2000,5,16,,,145.0,0.0,0.0,,,,,,-9999.0,-9999.0,,,,
USC00043491,2000,5,17,,,0.0,0.0,0.0,,,,,,-9999.0,-9999.0,,,,
USC00043491,2000,5,18,,,0.0,0.0,0.0,,,,,,-9999.0,-9999.0,,,,
USC00043491,2000,5,19,,,0.0,0.0,0.0,,,,,,-9999.0,-9999.0,,,,
USC00043491,2000,5,2,,,0.0,0.0,0.0,,,,,,-9999.0,-9999.0,,,,
USC00043491,2000,5,20,,,0.0,0.0,0.0,,,,,,-9999.0,-9999.0,,,,
USC00043491,2000,5,21,,,0.0,0.0,0.0,,,,,,-9999.0,-9999.0,,,,
USC00043491,2000,5,22,,,0.0,0.0,0.0,,,,,,-9999.0,-9999.0,,,,
USC00043491,2000,5,23,,,0.0,0.0,0.0,,,,,,-9999.0,-9999.0,,,,
USC00043491,2000,5,24,,,0.0,0.0,0.0,,,,,,-9999.0,-9999.0,,,,
USC00043491,2000,5,25,,,0.0,0.0,0.0,,,,,,-9999.0,-9999.0,,,,
USC00043491,2000,5,26,,,0.0,0.0,0.0,,,,,,-9999.0,-9999.0,,,,
USC00043491,2000,5,27,,,0.0,0.0,0.0,,,,,,-9999.0,-9999.0,,,,
USC00043491,2000,5,28,,,0.0,0.0,0.0,,,,,,-9999.0,-9999.0,,,,
USC00043491,2000,5,29,,,0.0,0.0,0.0,,,,,,-9999.0,-9999.0,,,,
USC00043491,2000,5,3,,,0.0,0.0,0.0,,,,,,-9999.0,-9999.0,,,,
USC00043491,2000,5,30,,,0.0,0.0,0.0,,,,,,-9999.0,-9999.0,,,,
USC00043491,2000,5,31,,,0.0,0.0,0.0,,,,,,-9999.0,-9999.0,,,,
USC00043491,2000,5,4,,,0.0,0.0,0.0,,,,,,-9999.0,-9999.0,,,,
USC00043491,2000,5,5,,,0.0,0.0,0.0,,,,,,-9999.0,-9999.0,,,,
USC00043491,2000,5,6,,,8.0,0.0,0.0,,,,,,-9999.0,-9999.0,,,,
USC00043491,2000,5,7,,,170.0,0.0,0.0,,,,,,-9999.0,-9999.0,,,,
USC00043491,2000,5,8,,,315.0,0.0,0.0,,,,,,-9999.0,-9999.0,,,,
USC00043491,2000,5,9,,,3.0,0.0,0.0,,,,,,-9999.0,-9999.0,,,,
USC00043491,2000,6,1,,,0.0,,,,,,,,,,,,,
USC00043491,2000,6,10,,,0.0,,,,,,,,,,,,,
USC00043491,2000,6,11,,,0.0,,,,,,,,,,,,,
USC00043491,2000,6,12,,,0.0,,,,,,,,,,,,,
USC00043491,2000,6,13,,,0.0,,,,,,,,,,,,,
USC00043491,2000,6,14,,,0.0,,,,,,,,,,,,,
USC00043491,2000,6,15,,,0.0,,,,,,,,,,,,,
USC00043491,2000,6,16,,,0.0,,,,,,,,,,,,,
USC00043491,2000,6,17,,,0.0,,,,,,,,,,,,,
USC00043491,2000,6,18,,,0.0,,,,,,,,,,,,,
USC00043491,2000,6,19,,,0.0,,,,,,,,,,,,,
USC00043491,2000,6,2,,,0.0,,,,,,,,,,,,,
USC00043491,2000,6,20,,,0.0,,,,,,,,,,,,,
USC00043491,2000,6,21,,,0.0,,,,,,,,,,,,,
USC00043491,2000,6,22,,,0.0,,,,,,,,,,,,,
USC00043491,2000,6,23,,,0.0,,,,,,,,,,,,,
USC00043491,2000,6,24,,,0.0,,,,,,,,,,,,,
USC00043491,2000,6,25,,,0.0,,,,,,,,,,,,,
USC00043491,2000,6,26,,,0.0,,,,,,,,,,,,,
USC00043491,2000,6,27,,,0.0,,,,,,,,,,,,,
USC00043491,2000,6,28,,,0.0,,,,,,,,,,,,,
USC00043491,2000,6,29,,,0.0,,,,,,,,,,,,,
USC00043491,2000,6,3,,,0.0,,,,,,,,,,,,,
USC00043491,2000,6,30,,,0.0,,,,,,,,,,,,,
USC00043491,2000,6,31,,,-9999.0,,,,,,,,,,,,,
USC00043491,2000,6,4,,,0.0,,,,,,,,,,,,,
USC00043491,2000,6,5,,,0.0,,,,,,,,,,,,,
USC00043491,2000,6,6,,,0.0,,,,,,,,,,,,,
USC00043491,2000,6,7,,,0.0,,,,,,,,,,,,,
USC00043491,2000,6,8,,,173.0,,,,,,,,,,,,,
USC00043491,2000,6,9,,,0.0,,,,,,,,,,,,,
USC00043491,2000,7,1,,,0.0,,,,,,,,,,,,,
USC00043491,2000,7,10,,,0.0,,,,,,,,,,,,,
USC00043491,2000,7,11,,,0.0,,,,,,,,,,,,,
USC00043491,2000,7,12,,,0.0,,,,,,,,,,,,,
USC00043491,2000,7,13,,,0.0,,,,,,,,,,,,,
USC00043491,2000,7,14,,,0.0,,,,,,,,,,,,,
USC00043491,2000,7,15,,,0.0,,,,,,,,,,,,,
USC00043491,2000,7,16,,,0.0,,,,,,,,,,,,,
USC00043491,2000,7,17,,,0.0,,,,,,,,,,,,,
USC00043491,2000,7,18,,,0.0,,,,,,,,,,,,,
USC00043491,2000,7,19,,,0.0,,,,,,,,,,,,,
USC00043491,2000,7,2,,,0.0,,,,,,,,,,,,,
USC00043491,2000,7,20,,,0.0,,,,,,,,,,,,,
USC00043491,2000,7,21,,,0.0,,,,,,,,,,,,,
USC00043491,2000,7,22,,,0.0,,,,,,,,,,,,,
USC00043491,2000,7,23,,,0.0,,,,,,,,,,,,,
USC00043491,2000,7,24,,,0.0,,,,,,,,,,,,,
USC00043491,2000,7,25,,,0.0,,,,,,,,,,,,,
USC00043491,2000,7,26,,,0.0,,,,,,,,,,,,,
USC00043491,2000,7,27,,,0.0,,,,,,,,,,,,,
USC00043491,2000,7,28,,,0.0,,,,,,,,,,,,,
USC00043491,2000,7,29,,,0.0,,,,,,,,,,,,,
USC00043491,2000,7,3,,,0.0,,,,,,,,,,,,,
USC00043491,2000,7,30,,,0.0,,,,,,,,,,,,,
USC00043491,2000,7,31,,,0.0,,,,,,,,,,,,,
USC00043491,2000,7,4,,,0.0,,,,,,,,,,,,,
USC00043491,2000,7,5,,,0.0,,,,,,,,,,,,,
USC00043491,2000,7,6,,,0.0,,,,,,,,,,,,,
USC00043491,2000,7,7,,,0.0,,,,,,,,,,,,,
USC00043491,2000,7,8,,,0.0,,,,,,,,,,,,,
USC00043491,2000,7,9,,,0.0,,,,,,,,,,,,,
USC00043491,2000,8,1,,,0.0,,,,,,,,,,,,,
USC00043491,2000,8,10,,,0.0,,,,,,,,,,,,,
USC00043491,2000,8,11,,,0.0,,,,,,,,,,,,,
USC00043491,2000,8,12,,,0.0,,,,,,,,,,,,,
USC00043491,2000,8,13,,,0.0,,,,,,,,,,,,,
USC00043491,2000,8,14,,,0.0,,,,,,,,,,,,,
USC00043491,2000,8,15,,,0.0,,,,,,,,,,,,,
USC00043491,2000,8,16,,,0.0,,,,,,,,,,,,,
USC00043491,2000,8,17,,,0.0,,,,,,,,,,,,,
USC00043491,2000,8,18,,,0.0,,,,,,,,,,,,,
USC00043491,2000,8,19,,,0.0,,,,,,,,,,,,,
USC00043491,2000,8,2,,,0.0,,,,,,,,,,,,,
USC00043491,2000,8,20,,,0.0,,,,,,,,,,,,,
USC00043491,2000,8,21,,,0.0,,,,,,,,,,,,,
USC00043491,2000,8,22,,,0.0,,,,,,,,,,,,,
USC00043491,2000,8,23,,,0.0,,,,,,,,,,,,,
USC00043491,2000,8,24,,,0.0,,,,,,,,,,,,,
USC00043491,2000,8,25,,,0.0,,,,,,,,,,,,,
USC00043491,2000,8,26,,,0.0,,,,,,,,,,,,,
USC00043491,2000,8,27,,,0.0,,,,,,,,,,,,,
USC00043491,2000,8,28,,,0.0,,,,,,,,,,,,,
USC00043491,2000,8,29,,,0.0,,,,,,,,,,,,,
USC00043491,2000,8,3,,,0.0,,,,,,,,,,,,,
USC00043491,2000,8,30,,,0.0,,,,,,,,,,,,,
USC00043491,2000,8,31,,,0.0,,,,,,,,,,,,,
USC00043491,2000,8,4,,,0.0,,,,,,,,,,,,,
USC00043491,2000,8,5,,,0.0,,,,,,,,,,,,,
USC00043491,2000,8,6,,,0.0,,,,,,,,,,,,,
USC00043491,2000,8,7,,,0.0,,,,,,,,,,,,,
USC00043491,2000,8,8,,,0.0,,,,,,,,,,,,,
USC00043491,2000,8,9,,,0.0,,,,,,,,,,,,,
USC00043491,2000,9,1,,,216.0,,,,,,,,,,,,,
USC00043491,2000,9,10,,,0.0,,,,,,,,,,,,,
USC00043491,2000,9,11,,,0.0,,,,,,,,,,,,,
USC00043491,2000,9,12,,,0.0,,,,,,,,,,,,,
USC00043491,2000,9,13,,,0.0,,,,,,,,,,,,,
USC00043491,2000,9,14,,,0.0,,,,,,,,,,,,,
USC00043491,2000,9,15,,,0.0,,,,,,,,,,,,,
USC00043491,2000,9,16,,,0.0,,,,,,,,,,,,,
USC00043491,2000,9,17,,,0.0,,,,,,,,,,,,,
USC00043491,2000,9,18,,,0.0,,,,,,,,,,,,,
USC00043491,2000,9,19,,,0.0,,,,,,,,,,,,,
USC00043491,2000,9,2,,,102.0,,,,,,,,,,,,,
USC00043491,2000,9,20,,,0.0,,,,,,,,,,,,,
USC00043491,2000,9,21,,,0.0,,,,,,,,,,,,,
USC00043491,2000,9,22,,,28.0,,,,,,,,,,,,,
USC00043491,2000,9,23,,,0.0,,,,,,,,,,,,,
USC00043491,2000,9,24,,,0.0,,,,,,,,,,,,,
USC00043491,2000,9,25,,,0.0,,,,,,,,,,,,,
USC00043491,2000,9,26,,,0.0,,,,,,,,,,,,,
USC00043491,2000,9,27,,,0.0,,,,,,,,,,,,,
USC00043491,2000,9,28,,,0.0,,,,,,,,,,,,,
USC00043491,2000,9,29,,,0.0,,,,,,,,,,,,,
USC00043491,2000,9,3,,,0.0,,,,,,,,,,,,,
USC00043491,2000,9,30,,,0.0,,,,,,,,,,,,,
USC00043491,2000,9,31,,,-9999.0,,,,,,,,,,,,,
USC00043491,2000,9,4,,,0.0,,,,,,,,,,,,,
USC00043491,2000,9,5,,,0.0,,,,,,,,,,,,,
USC00043491,2000,9,6,,,0.0,,,,,,,,,,,,,
USC00043491,2000,9,7,,,0.0,,,,,,,,,,,,,
USC00043491,2000,9,8,,,0.0,,,,,,,,,,,,,
USC00043491,2000,9,9,,,0.0,,,,,,,,,,,,,
USC00043491,2000,10,1,,,0.0,,,,,,,,,,,,,
USC00043491,2000,10,10,,,86.0,,,,,,,,,,,,,
USC00043491,2000,10,11,,,58.0,,,,,,,,,,,,,
USC00043491,2000,10,12,,,0.0,,,,,,,,,,,,,
USC00043491,2000,10,13,,,0.0,,,,,,,,,,,,,
USC00043491,2000,10,14,,,0.0,,,,,,,,,,,,,
USC00043491,2000,10,15,,,0.0,,,,,,,,,,,,,
USC00043491,2000,10,16,,,0.0,,,,,,,,,,,,,
USC00043491,2000,10,17,,,0.0,,,,,,,,,,,,,
USC00043491,2000,10,18,,,0.0,,,,,,,,,,,,,
USC00043491,2000,10,19,,,13.0,,,,,,,,,,,,,
USC00043491,2000,10,2,,,0.0,,,,,,,,,,,,,
USC00043491,2000,10,20,,,20.0,,,,,,,,,,,,,
USC00043491,2000,10,21,,,0.0,,,,,,,,,,,,,
USC00043491,2000,10,22,,,0.0,,,,,,,,,,,,,
USC00043491,2000,10,23,,,0.0,,,,,,,,,,,,,
USC00043491,2000,10,24,,,0.0,,,,,,,,,,,,,
USC00043491,2000,10,25,,,114.0,,,,,,,,,,,,,
USC00043491,2000,10,26,,,43.0,,,,,,,,,,,,,
USC00043491,2000,10,27,,,15.0,,,,,,,,,,,,,
USC00043491,2000,10,28,,,229.0,,,,,,,,,,,,,
USC00043491,2000,10,29,,,338.0,,,,,,,,,,,,,
USC00043491,2000,10,3,,,0.0,,,,,,,,,,,,,
USC00043491,2000,10,30,,,28.0,,,,,,,,,,,,,
USC00043491,2000,10,31,,,0.0,,,,,,,,,,,,,
USC00043491,2000,10,4,,,0.0,,,,,,,,,,,,,
USC00043491,2000,10,5,,,0.0,,,,,,,,,,,,,
USC00043491,2000,10,6,,,0.0,,,,,,,,,,,,,
USC00043491,2000,10,7,,,0.0,,,,,,,,,,,,,
USC00043491,2000,10,8,,,0.0,,,,,,,,,,,,,
USC00043491,2000,10,9,,,462.0,,,,,,,,,,,,,
USC00043491,2000,11,1,,,0.0,,,,,,,,,,,,,
USC00043491,2000,11,10,,,48.0,,,,,,,,,,,,,
USC00043491,2000,11,11,,,0.0,,,,,,,,,,,,,
USC00043491,2000,11,12,,,0.0,,,,,,,,,,,,,
USC00043491,2000,11,13,,,64.0,,,,,,,,,,,,,
USC00043491,2000,11,14,,,36.0,,,,,,,,,,,,,
USC00043491,2000,11,15,,,0.0,,,,,,,,,,,,,
USC00043491,2000,11,16,,,0.0,,,,,,,,,,,,,
USC00043491,2000,11,17,,,0.0,,,,,,,,,,,,,
USC00043491,2000,11,18,,,0.0,,,,,,,,,,,,,
USC00043491,2000,11,19,,,0.0,,,,,,,,,,,,,
USC00043491,2000,11,2,,,0.0,,,,,,,,,,,,,
USC00043491,2000,11,20,,,18.0,,,,,,,,,,,,,
USC00043491,2000,11,21,,,0.0,,,,,,,,,,,,,
USC00043491,2000,11,22,,,0.0,,,,,,,,,,,,,
USC00043491,2000,11,23,,,0.0,,,,,,,,,,,,,
USC00043491,2000,11,24,,,0.0,,,,,,,,,,,,,
USC00043491,2000,11,25,,,0.0,,,,,,,,,,,,,
USC00043491,2000,11,26,,,0.0,,,,,,,,,,,,,
USC00043491,2000,11,27,,,0.0,,,,,,,,,,,,,
USC00043491,2000,11,28,,,0.0,,,,,,,,,,,,,
USC00043491,2000,11,29,,,0.0,,,,,,,,,,,,,
USC00043491,2000,11,3,,,0.0,,,,,,,,,,,,,
USC00043491,2000,11,30,,,20.0,,,,,,,,,,,,,
USC00043491,2000,11,31,,,-9999.0,,,,,,,,,,,,,
USC00043491,2000,11,4,,,0.0,,,,,,,,,,,,,
USC00043491,2000,11,5,,,0.0,,,,,,,,,,,,,
USC00043491,2000,11,6,,,0.0,,,,,,,,,,,,,
USC00043491,2000,11,7,,,0.0,,,,,,,,,,,,,
USC00043491,2000,11,8,,,0.0,,,,,,,,,,,,,
USC00043491,2000,11,9,,,41.0,,,,,,,,,,,,,
USC00043491,2000,12,1,,,51.0,,,,,,,,,,,,,
USC00043491,2000,12,10,,,0.0,,,,,,,,,,,,,
USC00043491,2000,12,11,,,0.0,,,,,,,,,,,,,
USC00043491,2000,12,12,,,0.0,,,,,,,,,,,,,
USC00043491,2000,12,13,,,236.0,,,,,,,,,,,,,
USC00043491,2000,12,14,,,249.0,,,,,,,,,,,,,
USC00043491,2000,12,15,,,0.0,,,,,,,,,,,,,
USC00043491,2000,12,16,,,0.0,,,,,,,,,,,,,
USC00043491,2000,12,17,,,0.0,,,,,,,,,,,,,
USC00043491,2000,12,18,,,0.0,,,,,,,,,,,,,
USC00043491,2000,12,19,,,0.0,,,,,,,,,,,,,
USC00043491,2000,12,2,,,0.0,,,,,,,,,,,,,
USC00043491,2000,12,20,,,0.0,,,,,,,,,,,,,
USC00043491,2000,12,21,,,193.0,,,,,,,,,,,,,
USC00043491,2000,12,22,,,0.0,,,,,,,,,,,,,
USC00043491,2000,12,23,,,0.0,,,,,,,,,,,,,
USC00043491,2000,12,24,,,0.0,,,,,,,,,,,,,
USC00043491,2000,12,25,,,0.0,,,,,,,,,,,,,
USC00043491,2000,12,26,,,0.0,,,,,,,,,,,,,
USC00043491,2000,12,27,,,0.0,,,,,,,,,,,,,
USC00043491,2000,12,28,,,0.0,,,,,,,,,,,,,
USC00043491,2000,12,29,,,0.0,,,,,,,,,,,,,
USC00043491,2000,12,3,,,0.0,,,,,,,,,,,,,
USC00043491,2000,12,30,,,0.0,,,,,,,,,,,,,
USC00043491,2000,12,31,,,0.0,,,,,,,,,,,,,
USC00043491,2000,12,4,,,0.0,,,,,,,,,,,,,
USC00043491,2000,12,5,,,0.0,,,,,,,,,,,,,
USC00043491,2000,12,6,,,0.0,,,,,,,,,,,,,
USC00043491,2000,12,7,,,0.0,,,,,,,,,,,,,
USC00043491,2000,12,8,,,76.0,,,,,,,,,,,,,
USC00043491,2000,12,9,,,76.0,,,,,,,,,,,,,
USC00043491,2001,1,1,,,0.0,,,,,,,,,,,,,
USC00043491,2001,1,10,,,262.0,,,,,,,,,,,,,
USC00043491,2001,1,11,,,140.0,,,,,,,,,,,,,
USC00043491,2001,1,12,,,18.0,,,,,,,,,,,,,
USC00043491,2001,1,13,,,0.0,,,,,,,,,,,,,
USC00043491,2001,1,14,,,0.0,,,,,,,,,,,,,
USC00043491,2001,1,15,,,0.0,,,,,,,,,,,,,
USC00043491,2001,1,16,,,0.0,,,,,,,,,,,,,
USC00043491,2001,1,17,,,0.0,,,,,,,,,,,,,
USC00043491,2001,1,18,,,0.0,,,,,,,,,,,,,
USC00043491,2001,1,19,,,0.0,,,,,,,,,,,,,
USC00043491,2001,1,2,,,0.0,,,,,,,,,,,,,
USC00043491,2001,1,20,,,0.0,,,,,,,,,,,,,
USC00043491,2001,1,21,,,0.0,,,,,,,,,,,,,
USC00043491,2001,1,22,,,0.0,,,,,,,,,,,,,
USC00043491,2001,1,23,,,198.0,,,,,,,,,,,,,
USC00043491,2001,1,24,,,56.0,,,,,,,,,,,,,
USC00043491,2001,1,25,,,41.0,,,,,,,,,,,,,
USC00043491,2001,1,26,,,135.0,,,,,,,,,,,,,
USC00043491,2001,1,27,,,0.0,,,,,,,,,,,,,
USC00043491,2001,1,28,,,0.0,,,,,,,,,,,,,
USC00043491,2001,1,29,,,56.0,,,,,,,,,,,,,
USC00043491,2001,1,3,,,0.0,,,,,,,,,,,,,
USC00043491,2001,1,30,,,0.0,,,,,,,,,,,,,
USC00043491,2001,1,31,,,0.0,,,,,,,,,,,,,
USC00043491,2001,1,4,,,0.0,,,,,,,,,,,,,
USC00043491,2001,1,5,,,0.0,,,,,,,,,,,,,
USC00043491,2001,1,6,,,0.0,,,,,,,,,,,,,
USC00043491,2001,1,7,,,0.0,,,,,,,,,,,,,
USC00043491,2001,1,8,,,58.0,,,,,,,,,,,,,
USC00043491,2001,1,9,,,23.0,,,,,,,,,,,,,
USC00043491,2001,2,1,,,0.0,,,,,,,,,,,,,
USC00043491,2001,2,10,,,89.0,,,,,,,,,,,,,
USC00043491,2001,2,11,,,216.0,,,,,,,,,,,,,
USC00043491,2001,2,12,,,142.0,,,,,,,,,,,,,
USC00043491,2001,2,13,,,0.0,,,,,,,,,,,,,
USC00043491,2001,2,14,,,0.0,,,,,,,,,,,,,
USC00043491,2001,2,15,,,0.0,,,,,,,,,,,,,
USC00043491,2001,2,16,,,0.0,,,,,,,,,,,,,
USC00043491,2001,2,17,,,0.0,,,,,,,,,,,,,
USC00043491,2001,2,18,,,89.0,,,,,,,,,,,,,
USC00043491,2001,2,19,,,109.0,,,,,,,,,,,,,
USC00043491,2001,2,2,,,0.0,,,,,,,,,,,,,
USC00043491,2001,2,20,,,97.0,,,,,,,,,,,,,
USC00043491,2001,2,21,,,122.0,,,,,,,,,,,,,
USC00043491,2001,2,22,,,160.0,,,,,,,,,,,,,
USC00043491,2001,2,23,,,46.0,,,,,,,,,,,,,
USC00043491,2001,2,24,,,43.0,,,,,,,,,,,,,
USC00043491,2001,2,25,,,0.0,,,,,,,,,,,,,
USC00043491,2001,2,26,,,94.0,,,,,,,,,,,,,
USC00043491,2001,2,27,,,0.0,,,,,,,,,,,,,
USC00043491,2001,2,28,,,0.0,,,,,,,,,,,,,
USC00043491,2001,2,29,,,-9999.0,,,,,,,,,,,,,
USC00043491,2001,2,3,,,0.0,,,,,,,,,,,,,
USC00043491,2001,2,30,,,-9999.0,,,,,,,,,,,,,
USC00043491,2001,2,31,,,-9999.0,,,,,,,,,,,,,
USC00043491,2001,2,4,,,0.0,,,,,,,,,,,,,
USC00043491,2001,2,5,,,0.0,,,,,,,,,,,,,
USC00043491,2001,2,6,,,0.0,,,,,,,,,,,,,
USC00043491,2001,2,7,,,0.0,,,,,,,,,,,,,
USC00043491,2001,2,8,,,0.0,,,,,,,,,,,,,
USC00043491,2001,2,9,,,64.0,,,,,,,,,,,,,
USC00043491,2001,3,1,,,0.0,,,,,,,,,,,,,
USC00043491,2001,3,10,,,0.0,,,,,,,,,,,,,
USC00043491,2001,3,11,,,0.0,,,,,,,,,,,,,
USC00043491,2001,3,12,,,0.0,,,,,,,,,,,,,
USC00043491,2001,3,13,,,0.0,,,,,,,,,,,,,
USC00043491,2001,3,14,,,0.0,,,,,,,,,,,,,
USC00043491,2001,3,15,,,0.0,,,,,,,,,,,,,
USC00043491,2001,3,16,,,0.0,,,,,,,,,,,,,
USC00043491,2001,3,17,,,0.0,,,,,,,,,,,,,
USC00043491,2001,3,18,,,0.0,,,,,,,,,,,,,
USC00043491,2001,3,19,,,0.0,,,,,,,,,,,,,
USC00043491,2001,3,2,,,137.0,,,,,,,,,,,,,
USC00043491,2001,3,20,,,0.0,,,,,,,,,,,,,
USC00043491,2001,3,21,,,0.0,,,,,,,,,,,,,
USC00043491,2001,3,22,,,0.0,,,,,,,,,,,,,
USC00043491,2001,3,23,,,0.0,,,,,,,,,,,,,
USC00043491,2001,3,24,,,0.0,,,,,,,,,,,,,
USC00043491,2001,3,25,,,0.0,,,,,,,,,,,,,
USC00043491,2001,3,26,,,0.0,,,,,,,,,,,,,
USC00043491,2001,3,27,,,0.0,,,,,,,,,,,,,
USC00043491,2001,3,28,,,0.0,,,,,,,,,,,,,
USC00043491,2001,3,29,,,0.0,,,,,,,,,,,,,
USC00043491,2001,3,3,,,0.0,,,,,,,,,,,,,
USC00043491,2001,3,30,,,0.0,,,,,,,,,,,,,
USC00043491,2001,3,31,,,0.0,,,,,,,,,,,,,
USC00043491,2001,3,4,,,279.0,,,,,,,,,,,,,
USC00043491,2001,3,5,,,18.0,,,,,,,,,,,,,
USC00043491,2001,3,6,,,0.0,,,,,,,,,,,,,
USC00043491,2001,3,7,,,0.0,,,,,,,,,,,,,
USC00043491,2001,3,8,,,0.0,,,,,,,,,,,,,
USC00043491,2001,3,9,,,41.0,,,,,,,,,,,,,
USC00043491,2001,4,1,,,0.0,,,,,,,,,,,,,
USC00043491,2001,4,10,,,0.0,,,,,,,,,,,,,
USC00043491,2001,4,11,,,152.0,,,,,,,,,,,,,
USC00043491,2001,4,12,,,0.0,,,,,,,,,,,,,
USC00043491,2001,4,13,,,0.0,,,,,,,,,,,,,
USC00043491,2001,4,14,,,0.0,,,,,,,,,,,,,
USC00043491,2001,4,15,,,0.0,,,,,,,,,,,,,
USC00043491,2001,4,16,,,0.0,,,,,,,,,,,,,
USC00043491,2001,4,17,,,132.0,,,,,,,,,,,,,
USC00043491,2001,4,18,,,0.0,,,,,,,,,,,,,
USC00043491,2001,4,19,,,0.0,,,,,,,,,,,,,
USC00043491,2001,4,2,,,0.0,,,,,,,,,,,,,
USC00043491,2001,4,20,,,312.0,,,,,,,,,,,,,
USC00043491,2001,4,21,,,0.0,,,,,,,,,,,,,
USC00043491,2001,4,22,,,0.0,,,,,,,,,,,,,
USC00043491,2001,4,23,,,0.0,,,,,,,,,,,,,
USC00043491,2001,4,24,,,0.0,,,,,,,,,,,,,
USC00043491,2001,4,25,,,0.0,,,,,,,,,,,,,
USC00043491,2001,4,26,,,0.0,,,,,,,,,,,,,
USC00043491,2001,4,27,,,0.0,,,,,,,,,,,,,
USC00043491,2001,4,28,,,0.0,,,,,,,,,,,,,
USC00043491,2001,4,29,,,0.0,,,,,,,,,,,,,
USC00043491,2001,4,3,,,0.0,,,,,,,,,,,,,
USC00043491,2001,4,30,,,0.0,,,,,,,,,,,,,
USC00043491,2001,4,31,,,-9999.0,,,,,,,,,,,,,
USC00043491,2001,4,4,,,0.0,,,,,,,,,,,,,
USC00043491,2001,4,5,,,0.0,,,,,,,,,,,,,
USC00043491,2001,4,6,,,0.0,,,,,,,,,,,,,
USC00043491,2001,4,7,,,561.0,,,,,,,,,,,,,
USC00043491,2001,4,8,,,137.0,,,,,,,,,,,,,
USC00043491,2001,4,9,,,0.0,,,,,,,,,,,,,
USC00043491,2001,5,1,,,0.0,,,,,,,,,,,,,
USC00043491,2001,5,10,,,0.0,,,,,,,,,,,,,
USC00043491,2001,5,11,,,0.0,,,,,,,,,,,,,
USC00043491,2001,5,12,,,0.0,,,,,,,,,,,,,
USC00043491,2001,5,13,,,0.0,,,,,,,,,,,,,
USC00043491,2001,5,14,,,0.0,,,,,,,,,,,,,
USC00043491,2001,5,15,,,0.0,,,,,,,,,,,,,
USC00043491,2001,5,16,,,8.0,,,,,,,,,,,,,
USC00043491,2001,5,17,,,0.0,,,,,,,,,,,,,
USC00043491,2001,5,18,,,0.0,,,,,,,,,,,,,
USC00043491,2001,5,19,,,0.0,,,,,,,,,,,,,
USC00043491,2001,5,2,,,0.0,,,,,,,,,,,,,
USC00043491,2001,5,20,,,0.0,,,,,,,,,,,,,
USC00043491,2001,5,21,,,0.0,,,,,,,,,,,,,
USC00043491,2001,5,22,,,0.0,,,,,,,,,,,,,
USC00043491,2001,5,23,,,0.0,,,,,,,,,,,,,
USC00043491,2001,5,24,,,0.0,,,,,,,,,,,,,
USC00043491,2001,5,25,,,0.0,,,,,,,,,,,,,
USC00043491,2001,5,26,,,0.0,,,,,,,,,,,,,
USC00043491,2001,5,27,,,0.0,,,,,,,,,,,,,
USC00043491,2001,5,28,,,0.0,,,,,,,,,,,,,
USC00043491,2001,5,29,,,0.0,,,,,,,,,,,,,
USC00043491,2001,5,3,,,0.0,,,,,,,,,,,,,
USC00043491,2001,5,30,,,0.0,,,,,,,,,,,,,
USC00043491,2001,5,31,,,0.0,,,,,,,,,,,,,
USC00043491,2001,5,4,,,0.0,,,,,,,,,,,,,
USC00043491,2001,5,5,,,0.0,,,,,,,,,,,,,
USC00043491,2001,5,6,,,0.0,,,,,,,,,,,,,
USC00043491,2001,5,7,,,0.0,,,,,,,,,,,,,
USC00043491,2001,5,8,,,0.0,,,,,,,,,,,,,
USC00043491,2001,5,9,,,0.0,,,,,,,,,,,,,
USC00043491,2001,6,1,,,0.0,,,,,,,,,,,,,
USC00043491,2001,6,10,,,0.0,,,,,,,,,,,,,
USC00043491,2001,6,11,,,0.0,,,,,,,,,,,,,
USC00043491,2001,6,12,,,0.0,,,,,,,,,,,,,
USC00043491,2001,6,13,,,0.0,,,,,,,,,,,,,
USC00043491,2001,6,14,,,0.0,,,,,,,,,,,,,
USC00043491,2001,6,15,,,0.0,,,,,,,,,,,,,
USC00043491,2001,6,16,,,0.0,,,,,,,,,,,,,
USC00043491,2001,6,17,,,0.0,,,,,,,,,,,,,
USC00043491,2001,6,18,,,0.0,,,,,,,,,,,,,
USC00043491,2001,6,19,,,0.0,,,,,,,,,,,,,
USC00043491,2001,6,2,,,0.0,,,,,,,,,,,,,
USC00043491,2001,6,20,,,0.0,,,,,,,,,,,,,
USC00043491,2001,6,21,,,0.0,,,,,,,,,,,,,
USC00043491,2001,6,22,,,0.0,,,,,,,,,,,,,
USC00043491,2001,6,23,,,0.0,,,,,,,,,,,,,
USC00043491,2001,6,24,,,0.0,,,,,,,,,,,,,
USC00043491,2001,6,25,,,0.0,,,,,,,,,,,,,
USC00043491,2001,6,26,,,36.0,,,,,,,,,,,,,
USC00043491,2001,6,27,,,15.0,,,,,,,,,,,,,
USC00043491,2001,6,28,,,0.0,,,,,,,,,,,,,
USC00043491,2001,6,29,,,0.0,,,,,,,,,,,,,
USC00043491,2001,6,3,,,0.0,,,,,,,,,,,,,
USC00043491,2001,6,30,,,0.0,,,,,,,,,,,,,
USC00043491,2001,6,31,,,-9999.0,,,,,,,,,,,,,
USC00043491,2001,6,4,,,0.0,,,,,,,,,,,,,
USC00043491,2001,6,5,,,0.0,,,,,,,,,,,,,
USC00043491,2001,6,6,,,0.0,,,,,,,,,,,,,
USC00043491,2001,6,7,,,0.0,,,,,,,,,,,,,
USC00043491,2001,6,8,,,0.0,,,,,,,,,,,,,
USC00043491,2001,6,9,,,0.0,,,,,,,,,,,,,
USC00043491,2001,7,1,,,0.0,,,,,,,,,,,,,
USC00043491,2001,7,10,,,0.0,,,,,,,,,,,,,
USC00043491,2001,7,11,,,0.0,,,,,,,,,,,,,
USC00043491,2001,7,12,,,0.0,,,,,,,,,,,,,
USC00043491,2001,7,13,,,0.0,,,,,,,,,,,,,
USC00043491,2001,7,14,,,0.0,,,,,,,,,,,,,
USC00043491,2001,7,15,,,0.0,,,,,,,,,,,,,
USC00043491,2001,7,16,,,0.0,,,,,,,,,,,,,
USC00043491,2001,7,17,,,0.0,,,,,,,,,,,,,
USC00043491,2001,7,18,,,0.0,,,,,,,,,,,,,
USC00043491,2001,7,19,,,0.0,,,,,,,,,,,,,
USC00043491,2001,7,2,,,0.0,,,,,,,,,,,,,
USC00043491,2001,7,20,,,0.0,,,,,,,,,,,,,
USC00043491,2001,7,21,,,0.0,,,,,,,,,,,,,
USC00043491,2001,7,22,,,0.0,,,,,,,,,,,,,
USC00043491,2001,7,23,,,0.0,,,,,,,,,,,,,
USC00043491,2001,7,24,,,0.0,,,,,,,,,,,,,
USC00043491,2001,7,25,,,0.0,,,,,,,,,,,,,
USC00043491,2001,7,26,,,0.0,,,,,,,,,,,,,
USC00043491,2001,7,27,,,0.0,,,,,,,,,,,,,
USC00043491,2001,7,28,,,0.0,,,,,,,,,,,,,
USC00043491,2001,7,29,,,0.0,,,,,,,,,,,,,
USC00043491,2001,7,3,,,0.0,,,,,,,,,,,,,
USC00043491,2001,7,30,,,0.0,,,,,,,,,,,,,
USC00043491,2001,7,31,,,0.0,,,,,,,,,,,,,
USC00043491,2001,7,4,,,0.0,,,,,,,,,,,,,
USC00043491,2001,7,5,,,0.0,,,,,,,,,,,,,
USC00043491,2001,7,6,,,0.0,,,,,,,,,,,,,
USC00043491,2001,7,7,,,0.0,,,,,,,,,,,,,
USC00043491,2001,7,8,,,0.0,,,,,,,,,,,,,
USC00043491,2001,7,9,,,0.0,,,,,,,,,,,,,
USC00043491,2001,8,1,,,0.0,,,,,,,,,,,,,
USC00043491,2001,8,10,,,0.0,,,,,,,,,,,,,
USC00043491,2001,8,11,,,0.0,,,,,,,,,,,,,
USC00043491,2001,8,12,,,0.0,,,,,,,,,,,,,
USC00043491,2001,8,13,,,0.0,,,,,,,,,,,,,
USC00043491,2001,8,14,,,0.0,,,,,,,,,,,,,
USC00043491,2001,8,15,,,0.0,,,,,,,,,,,,,
USC00043491,2001,8,16,,,0.0,,,,,,,,,,,,,
USC00043491,2001,8,17,,,0.0,,,,,,,,,,,,,
USC00043491,2001,8,18,,,0.0,,,,,,,,,,,,,
USC00043491,2001,8,19,,,0.0,,,,,,,,,,,,,
USC00043491,2001,8,2,,,0.0,,,,,,,,,,,,,
USC00043491,2001,8,20,,,0.0,,,,,,,,,,,,,
USC00043491,2001,8,21,,,0.0,,,,,,,,,,,,,
USC00043491,2001,8,22,,,0.0,,,,,,,,,,,,,
USC00043491,2001,8,23,,,0.0,,,,,,,,,,,,,
USC00043491,2001,8,24,,,0.0,,,,,,,,,,,,,
USC00043491,2001,8,25,,,0.0,,,,,,,,,,,,,
USC00043491,2001,8,26,,,0.0,,,,,,,,,,,,,
USC00043491,2001,8,27,,,0.0,,,,,,,,,,,,,
USC00043491,2001,8,28,,,0.0,,,,,,,,,,,,,
USC00043491,2001,8,29,,,0.0,,,,,,,,,,,,,
USC00043491,2001,8,3,,,0.0,,,,,,,,,,,,,
USC00043491,2001,8,30,,,0.0,,,,,,,,,,,,,
USC00043491,2001,8,31,,,0.0,,,,,,,,,,,,,
USC00043491,2001,8,4,,,0.0,,,,,,,,,,,,,
USC00043491,2001,8,5,,,0.0,,,,,,,,,,,,,
USC00043491,2001,8,6,,,0.0,,,,,,,,,,,,,
USC00043491,2001,8,7,,,0.0,,,,,,,,,,,,,
USC00043491,2001,8,8,,,0.0,,,,,,,,,,,,,
USC00043491,2001,8,9,,,0.0,,,,,,,,,,,,,
USC00043491,2001,9,1,,,0.0,,,,,,,,,,,,,
USC00043491,2001,9,10,,,0.0,,,,,,,,,,,,,
USC00043491,2001,9,11,,,0.0,,,,,,,,,,,,,
USC00043491,2001,9,12,,,0.0,,,,,,,,,,,,,
USC00043491,2001,9,13,,,0.0,,,,,,,,,,,,,
USC00043491,2001,9,14,,,0.0,,,,,,,,,,,,,
USC00043491,2001,9,15,,,0.0,,,,,,,,,,,,,
USC00043491,2001,9,16,,,0.0,,,,,,,,,,,,,
USC00043491,2001,9,17,,,0.0,,,,,,,,,,,,,
USC00043491,2001,9,18,,,0.0,,,,,,,,,,,,,
USC00043491,2001,9,19,,,0.0,,,,,,,,,,,,,
USC00043491,2001,9,2,,,0.0,,,,,,,,,,,,,
USC00043491,2001,9,20,,,0.0,,,,,,,,,,,,,
USC00043491,2001,9,21,,,0.0,,,,,,,,,,,,,
USC00043491,2001,9,22,,,0.0,,,,,,,,,,,,,
USC00043491,2001,9,23,,,0.0,,,,,,,,,,,,,
USC00043491,2001,9,24,,,0.0,,,,,,,,,,,,,
USC00043491,2001,9,25,,,188.0,,,,,,,,,,,,,
USC00043491,2001,9,26,,,0.0,,,,,,,,,,,,,
USC00043491,2001,9,27,,,0.0,,,,,,,,,,,,,
USC00043491,2001,9,28,,,0.0,,,,,,,,,,,,,
USC00043491,2001,9,29,,,0.0,,,,,,,,,,,,,
USC00043491,2001,9,3,,,0.0,,,,,,,,,,,,,
USC00043491,2001,9,30,,,0.0,,,,,,,,,,,,,
USC00043491,2001,9,31,,,-9999.0,,,,,,,,,,,,,
USC00043491,2001,9,4,,,0.0,,,,,,,,,,,,,
USC00043491,2001,9,5,,,0.0,,,,,,,,,,,,,
USC00043491,2001,9,6,,,0.0,,,,,,,,,,,,,
USC00043491,2001,9,7,,,0.0,,,,,,,,,,,,,
USC00043491,2001,9,8,,,0.0,,,,,,,,,,,,,
USC00043491,2001,9,9,,,0.0,,,,,,,,,,,,,
USC00043491,2001,10,1,,,0.0,,,,,,,,,,,,,
USC00043491,2001,10,10,,,0.0,,,,,,,,,,,,,
USC00043491,2001,10,11,,,0.0,,,,,,,,,,,,,
USC00043491,2001,10,12,,,0.0,,,,,,,,,,,,,
USC00043491,2001,10,13,,,0.0,,,,,,,,,,,,,
USC00043491,2001,10,14,,,0.0,,,,,,,,,,,,,
USC00043491,2001,10,15,,,0.0,,,,,,,,,,,,,
USC00043491,2001,10,16,,,0.0,,,,,,,,,,,,,
USC00043491,2001,10,17,,,0.0,,,,,,,,,,,,,
USC00043491,2001,10,18,,,0.0,,,,,,,,,,,,,
USC00043491,2001,10,19,,,0.0,,,,,,,,,,,,,
USC00043491,2001,10,2,,,0.0,,,,,,,,,,,,,
USC00043491,2001,10,20,,,0.0,,,,,,,,,,,,,
USC00043491,2001,10,21,,,0.0,,,,,,,,,,,,,
USC00043491,2001,10,22,,,0.0,,,,,,,,,,,,,
USC00043491,2001,10,23,,,0.0,,,,,,,,,,,,,
USC00043491,2001,10,24,,,0.0,,,,,,,,,,,,,
USC00043491,2001,10,25,,,0.0,,,,,,,,,,,,,
USC00043491,2001,10,26,,,0.0,,,,,,,,,,,,,
USC00043491,2001,10,27,,,0.0,,,,,,,,,,,,,
USC00043491,2001,10,28,,,0.0,,,,,,,,,,,,,
USC00043491,2001,10,29,,,58.0,,,,,,,,,,,,,
USC00043491,2001,10,3,,,0.0,,,,,,,,,,,,,
USC00043491,2001,10,30,,,343.0,,,,,,,,,,,,,
USC00043491,2001,10,31,,,0.0,,,,,,,,,,,,,
USC00043491,2001,10,4,,,0.0,,,,,,,,,,,,,
USC00043491,2001,10,5,,,0.0,,,,,,,,,,,,,
USC00043491,2001,10,6,,,0.0,,,,,,,,,,,,,
USC00043491,2001,10,7,,,0.0,,,,,,,,,,,,,
USC00043491,2001,10,8,,,0.0,,,,,,,,,,,,,
USC00043491,2001,10,9,,,0.0,,,,,,,,,,,,,
USC00043491,2001,11,1,,,0.0,,,,,,,,,,,,,
USC00043491,2001,11,10,,,0.0,,,,,,,,,,,,,
USC00043491,2001,11,11,,,0.0,,,,,,,,,,,,,
USC00043491,2001,11,12,,,53.0,,,,,,,,,,,,,
USC00043491,2001,11,13,,,546.0,,,,,,,,,,,,,
USC00043491,2001,11,14,,,102.0,,,,,,,,,,,,,
USC00043491,2001,11,15,,,0.0,,,,,,,,,,,,,
USC00043491,2001,11,16,,,5.0,,,,,,,,,,,,,
USC00043491,2001,11,17,,,0.0,,,,,,,,,,,,,
USC00043491,2001,11,18,,,0.0,,,,,,,,,,,,,
USC00043491,2001,11,19,,,0.0,,,,,,,,,,,,,
USC00043491,2001,11,2,,,0.0,,,,,,,,,,,,,
USC00043491,2001,11,20,,,0.0,,,,,,,,,,,,,
USC00043491,2001,11,21,,,881.0,,,,,,,,,,,,,
USC00043491,2001,11,22,,,76.0,,,,,,,,,,,,,
USC00043491,2001,11,23,,,0.0,,,,,,,,,,,,,
USC00043491,2001,11,24,,,282.0,,,,,,,,,,,,,
USC00043491,2001,11,25,,,330.0,,,,,,,,,,,,,
USC00043491,2001,11,26,,,0.0,,,,,,,,,,,,,
USC00043491,2001,11,27,,,0.0,,,,,,,,,,,,,
USC00043491,2001,11,28,,,102.0,,,,,,,,,,,,,
USC00043491,2001,11,29,,,8.0,,,,,,,,,,,,,
USC00043491,2001,11,3,,,0.0,,,,,,,,,,,,,
USC00043491,2001,11,30,,,91.0,,,,,,,,,,,,,
USC00043491,2001,11,31,,,-9999.0,,,,,,,,,,,,,
USC00043491,2001,11,4,,,0.0,,,,,,,,,,,,,
USC00043491,2001,11,5,,,0.0,,,,,,,,,,,,,
USC00043491,2001,11,6,,,0.0,,,,,,,,,,,,,
USC00043491,2001,11,7,,,0.0,,,,,,,,,,,,,
USC00043491,2001,11,8,,,0.0,,,,,,,,,,,,,
USC00043491,2001,11,9,,,0.0,,,,,,,,,,,,,
USC00043491,2001,12,1,,,358.0,,,,,,,,,,,,,
USC00043491,2001,12,10,,,0.0,,,,,,,,,,,,,
USC00043491,2001,12,11,,,0.0,,,,,,,,,,,,,
USC00043491,2001,12,12,,,0.0,,,,,,,,,,,,,
USC00043491,2001,12,13,,,0.0,,,,,,,,,,,,,
USC00043491,2001,12,14,,,386.0,,,,,,,,,,,,,
USC00043491,2001,12,15,,,13.0,,,,,,,,,,,,,
USC00043491,2001,12,16,,,0.0,,,,,,,,,,,,,
USC00043491,2001,12,17,,,323.0,,,,,,,,,,,,,
USC00043491,2001,12,18,,,168.0,,,,,,,,,,,,,
USC00043491,2001,12,19,,,0.0,,,,,,,,,,,,,
USC00043491,2001,12,2,,,495.0,,,,,,,,,,,,,
USC00043491,2001,12,20,,,226.0,,,,,,,,,,,,,
USC00043491,2001,12,21,,,198.0,,,,,,,,,,,,,
USC00043491,2001,12,22,,,38.0,,,,,,,,,,,,,
USC00043491,2001,12,23,,,284.0,,,,,,,,,,,,,
USC00043491,2001,12,24,,,0.0,,,,,,,,,,,,,
USC00043491,2001,12,25,,,0.0,,,,,,,,,,,,,
USC00043491,2001,12,26,,,0.0,,,,,,,,,,,,,
USC00043491,2001,12,27,,,0.0,,,,,,,,,,,,,
USC00043491,2001,12,28,,,30.0,,,,,,,,,,,,,
USC00043491,2001,12,29,,,267.0,,,,,,,,,,,,,
USC00043491,2001,12,3,,,0.0,,,,,,,,,,,,,
USC00043491,2001,12,30,,,64.0,,,,,,,,,,,,,
USC00043491,2001,12,31,,,378.0,,,,,,,,,,,,,
USC00043491,2001,12,4,,,0.0,,,,,,,,,,,,,
USC00043491,2001,12,5,,,455.0,,,,,,,,,,,,,
USC00043491,2001,12,6,,,13.0,,,,,,,,,,,,,
USC00043491,2001,12,7,,,0.0,,,,,,,,,,,,,
USC00043491,2001,12,8,,,0.0,,,,,,,,,,,,,
USC00043491,2001,12,9,,,0.0,,,,,,,,,,,,,
USC00043491,2002,1,1,,,0.0,,,,,,,,,,,,,
USC00043491,2002,1,10,,,0.0,,,,,,,,,,,,,
USC00043491,2002,1,11,,,0.0,,,,,,,,,,,,,
USC00043491,2002,1,12,,,0.0,,,,,,,,,,,,,
USC00043491,2002,1,13,,,0.0,,,,,,,,,,,,,
USC00043491,2002,1,14,,,0.0,,,,,,,,,,,,,
USC00043491,2002,1,15,,,0.0,,,,,,,,,,,,,
USC00043491,2002,1,16,,,0.0,,,,,,,,,,,,,
USC00043491,2002,1,17,,,0.0,,,,,,,,,,,,,
USC00043491,2002,1,18,,,0.0,,,,,,,,,,,,,
USC00043491,2002,1,19,,,0.0,,,,,,,,,,,,,
USC00043491,2002,1,2,,,218.0,,,,,,,,,,,,,
USC00043491,2002,1,20,,,0.0,,,,,,,,,,,,,
USC00043491,2002,1,21,,,0.0,,,,,,,,,,,,,
USC00043491,2002,1,22,,,53.0,,,,,,,,,,,,,
USC00043491,2002,1,23,,,0.0,,,,,,,,,,,,,
USC00043491,2002,1,24,,,0.0,,,,,,,,,,,,,
USC00043491,2002,1,25,,,0.0,,,,,,,,,,,,,
USC00043491,2002,1,26,,,155.0,,,,,,,,,,,,,
USC00043491,2002,1,27,,,297.0,,,,,,,,,,,,,
USC00043491,2002,1,28,,,0.0,,,,,,,,,,,,,
USC00043491,2002,1,29,,,25.0,,,,,,,,,,,,,
USC00043491,2002,1,3,,,272.0,,,,,,,,,,,,,
USC00043491,2002,1,30,,,0.0,,,,,,,,,,,,,
USC00043491,2002,1,31,,,0.0,,,,,,,,,,,,,
USC00043491,2002,1,4,,,0.0,,,,,,,,,,,,,
USC00043491,2002,1,5,,,10.0,,,,,,,,,,,,,
USC00043491,2002,1,6,,,152.0,,,,,,,,,,,,,
USC00043491,2002,1,7,,,13.0,,,,,,,,,,,,,
USC00043491,2002,1,8,,,3.0,,,,,,,,,,,,,
USC00043491,2002,1,9,,,0.0,,,,,,,,,,,,,
USC00043491,2002,2,1,,,0.0,,,,,,,,,,,,,
USC00043491,2002,2,10,,,0.0,,,,,,,,,,,,,
USC00043491,2002,2,11,,,0.0,,,,,,,,,,,,,
USC00043491,2002,2,12,,,0.0,,,,,,,,,,,,,
USC00043491,2002,2,13,,,0.0,,,,,,,,,,,,,
USC00043491,2002,2,14,,,30.0,,,,,,,,,,,,,
USC00043491,2002,2,15,,,0.0,,,,,,,,,,,,,
USC00043491,2002,2,16,,,0.0,,,,,,,,,,,,,
USC00043491,2002,2,17,,,206.0,,,,,,,,,,,,,
USC00043491,2002,2,18,,,81.0,,,,,,,,,,,,,
USC00043491,2002,2,19,,,79.0,,,,,,,,,,,,,
USC00043491,2002,2,2,,,0.0,,,,,,,,,,,,,
USC00043491,2002,2,20,,,770.0,,,,,,,,,,,,,
USC00043491,2002,2,21,,,36.0,,,,,,,,,,,,,
USC00043491,2002,2,22,,,18.0,,,,,,,,,,,,,
USC00043491,2002,2,23,,,0.0,,,,,,,,,,,,,
USC00043491,2002,2,24,,,0.0,,,,,,,,,,,,,
USC00043491,2002,2,25,,,0.0,,,,,,,,,,,,,
USC00043491,2002,2,26,,,0.0,,,,,,,,,,,,,
USC00043491,2002,2,27,,,0.0,,,,,,,,,,,,,
USC00043491,2002,2,28,,,0.0,,,,,,,,,,,,,
USC00043491,2002,2,29,,,-9999.0,,,,,,,,,,,,,
USC00043491,2002,2,3,,,0.0,,,,,,,,,,,,,
USC00043491,2002,2,30,,,-9999.0,,,,,,,,,,,,,
USC00043491,2002,2,31,,,-9999.0,,,,,,,,,,,,,
USC00043491,2002,2,4,,,0.0,,,,,,,,,,,,,
USC00043491,2002,2,5,,,0.0,,,,,,,,,,,,,
USC00043491,2002,2,6,,,0.0,,,,,,,,,,,,,
USC00043491,2002,2,7,,,53.0,,,,,,,,,,,,,
USC00043491,2002,2,8,,,315.0,,,,,,,,,,,,,
USC00043491,2002,2,9,,,0.0,,,,,,,,,,,,,
USC00043491,2002,3,1,,,0.0,,,,,,,,,,,,,
USC00043491,2002,3,10,,,155.0,,,,,,,,,,,,,
USC00043491,2002,3,11,,,48.0,,,,,,,,,,,,,
USC00043491,2002,3,12,,,0.0,,,,,,,,,,,,,
USC00043491,2002,3,13,,,0.0,,,,,,,,,,,,,
USC00043491,2002,3,14,,,0.0,,,,,,,,,,,,,
USC00043491,2002,3,15,,,127.0,,,,,,,,,,,,,
USC00043491,2002,3,16,,,20.0,,,,,,,,,,,,,
USC00043491,2002,3,17,,,104.0,,,,,,,,,,,,,
USC00043491,2002,3,18,,,0.0,,,,,,,,,,,,,
USC00043491,2002,3,19,,,0.0,,,,,,,,,,,,,
USC00043491,2002,3,2,,,0.0,,,,,,,,,,,,,
USC00043491,2002,3,20,,,0.0,,,,,,,,,,,,,
USC00043491,2002,3,21,,,0.0,,,,,,,,,,,,,
USC00043491,2002,3,22,,,0.0,,,,,,,,,,,,,
USC00043491,2002,3,23,,,335.0,,,,,,,,,,,,,
USC00043491,2002,3,24,,,333.0,,,,,,,,,,,,,
USC00043491,2002,3,25,,,41.0,,,,,,,,,,,,,
USC00043491,2002,3,26,,,0.0,,,,,,,,,,,,,
USC00043491,2002,3,27,,,0.0,,,,,,,,,,,,,
USC00043491,2002,3,28,,,0.0,,,,,,,,,,,,,
USC00043491,2002,3,29,,,0.0,,,,,,,,,,,,,
USC00043491,2002,3,3,,,0.0,,,,,,,,,,,,,
USC00043491,2002,3,30,,,0.0,,,,,,,,,,,,,
USC00043491,2002,3,31,,,0.0,,,,,,,,,,,,,
USC00043491,2002,3,4,,,0.0,,,,,,,,,,,,,
USC00043491,2002,3,5,,,0.0,,,,,,,,,,,,,
USC00043491,2002,3,6,,,384.0,,,,,,,,,,,,,
USC00043491,2002,3,7,,,737.0,,,,,,,,,,,,,
USC00043491,2002,3,8,,,124.0,,,,,,,,,,,,,
USC00043491,2002,3,9,,,0.0,,,,,,,,,,,,,
USC00043491,2002,4,1,,,0.0,,,,,,,,,,,,,
USC00043491,2002,4,10,,,30.0,,,,,,,,,,,,,
USC00043491,2002,4,11,,,0.0,,,,,,,,,,,,,
USC00043491,2002,4,12,,,0.0,,,,,,,,,,,,,
USC00043491,2002,4,13,,,0.0,,,,,,,,,,,,,
USC00043491,2002,4,14,,,0.0,,,,,,,,,,,,,
USC00043491,2002,4,15,,,48.0,,,,,,,,,,,,,
USC00043491,2002,4,16,,,122.0,,,,,,,,,,,,,
USC00043491,2002,4,17,,,216.0,,,,,,,,,,,,,
USC00043491,2002,4,18,,,13.0,,,,,,,,,,,,,
USC00043491,2002,4,19,,,0.0,,,,,,,,,,,,,
USC00043491,2002,4,2,,,0.0,,,,,,,,,,,,,
USC00043491,2002,4,20,,,0.0,,,,,,,,,,,,,
USC00043491,2002,4,21,,,0.0,,,,,,,,,,,,,
USC00043491,2002,4,22,,,0.0,,,,,,,,,,,,,
USC00043491,2002,4,23,,,0.0,,,,,,,,,,,,,
USC00043491,2002,4,24,,,0.0,,,,,,,,,,,,,
USC00043491,2002,4,25,,,0.0,,,,,,,,,,,,,
USC00043491,2002,4,26,,,0.0,,,,,,,,,,,,,
USC00043491,2002,4,27,,,122.0,,,,,,,,,,,,,
USC00043491,2002,4,28,,,0.0,,,,,,,,,,,,,
USC00043491,2002,4,29,,,28.0,,,,,,,,,,,,,
USC00043491,2002,4,3,,,0.0,,,,,,,,,,,,,
USC00043491,2002,4,30,,,66.0,,,,,,,,,,,,,
USC00043491,2002,4,31,,,-9999.0,,,,,,,,,,,,,
USC00043491,2002,4,4,,,0.0,,,,,,,,,,,,,
USC00043491,2002,4,5,,,0.0,,,,,,,,,,,,,
USC00043491,2002,4,6,,,0.0,,,,,,,,,,,,,
USC00043491,2002,4,7,,,0.0,,,,,,,,,,,,,
USC00043491,2002,4,8,,,0.0,,,,,,,,,,,,,
USC00043491,2002,4,9,,,0.0,,,,,,,,,,,,,
USC00043491,2002,5,1,,,0.0,,,,,,,,,,,,,
USC00043491,2002,5,10,,,0.0,,,,,,,,,,,,,
USC00043491,2002,5,11,,,0.0,,,,,,,,,,,,,
USC00043491,2002,5,12,,,0.0,,,,,,,,,,,,,
USC00043491,2002,5,13,,,0.0,,,,,,,,,,,,,
USC00043491,2002,5,14,,,0.0,,,,,,,,,,,,,
USC00043491,2002,5,15,,,0.0,,,,,,,,,,,,,
USC00043491,2002,5,16,,,0.0,,,,,,,,,,,,,
USC00043491,2002,5,17,,,0.0,,,,,,,,,,,,,
USC00043491,2002,5,18,,,0.0,,,,,,,,,,,,,
USC00043491,2002,5,19,,,0.0,,,,,,,,,,,,,
USC00043491,2002,5,2,,,0.0,,,,,,,,,,,,,
USC00043491,2002,5,20,,,102.0,,,,,,,,,,,,,
USC00043491,2002,5,21,,,546.0,,,,,,,,,,,,,
USC00043491,2002,5,22,,,30.0,,,,,,,,,,,,,
USC00043491,2002,5,23,,,0.0,,,,,,,,,,,,,
USC00043491,2002,5,24,,,0.0,,,,,,,,,,,,,
USC00043491,2002,5,25,,,0.0,,,,,,,,,,,,,
USC00043491,2002,5,26,,,0.0,,,,,,,,,,,,,
USC00043491,2002,5,27,,,0.0,,,,,,,,,,,,,
USC00043491,2002,5,28,,,0.0,,,,,,,,,,,,,
USC00043491,2002,5,29,,,0.0,,,,,,,,,,,,,
USC00043491,2002,5,3,,,0.0,,,,,,,,,,,,,
USC00043491,2002,5,30,,,0.0,,,,,,,,,,,,,
USC00043491,2002,5,31,,,0.0,,,,,,,,,,,,,
USC00043491,2002,5,4,,,0.0,,,,,,,,,,,,,
USC00043491,2002,5,5,,,0.0,,,,,,,,,,,,,
USC00043491,2002,5,6,,,0.0,,,,,,,,,,,,,
USC00043491,2002,5,7,,,0.0,,,,,,,,,,,,,
USC00043491,2002,5,8,,,0.0,,,,,,,,,,,,,
USC00043491,2002,5,9,,,0.0,,,,,,,,,,,,,
USC00043491,2002,6,1,,,0.0,,,,,,,,,,,,,
USC00043491,2002,6,10,,,0.0,,,,,,,,,,,,,
USC00043491,2002,6,11,,,0.0,,,,,,,,,,,,,
USC00043491,2002,6,12,,,0.0,,,,,,,,,,,,,
USC00043491,2002,6,13,,,0.0,,,,,,,,,,,,,
USC00043491,2002,6,14,,,0.0,,,,,,,,,,,,,
USC00043491,2002,6,15,,,0.0,,,,,,,,,,,,,
USC00043491,2002,6,16,,,0.0,,,,,,,,,,,,,
USC00043491,2002,6,17,,,0.0,,,,,,,,,,,,,
USC00043491,2002,6,18,,,0.0,,,,,,,,,,,,,
USC00043491,2002,6,19,,,0.0,,,,,,,,,,,,,
USC00043491,2002,6,2,,,0.0,,,,,,,,,,,,,
USC00043491,2002,6,20,,,0.0,,,,,,,,,,,,,
USC00043491,2002,6,21,,,0.0,,,,,,,,,,,,,
USC00043491,2002,6,22,,,0.0,,,,,,,,,,,,,
USC00043491,2002,6,23,,,0.0,,,,,,,,,,,,,
USC00043491,2002,6,24,,,0.0,,,,,,,,,,,,,
USC00043491,2002,6,25,,,0.0,,,,,,,,,,,,,
USC00043491,2002,6,26,,,0.0,,,,,,,,,,,,,
USC00043491,2002,6,27,,,0.0,,,,,,,,,,,,,
USC00043491,2002,6,28,,,0.0,,,,,,,,,,,,,
USC00043491,2002,6,29,,,0.0,,,,,,,,,,,,,
USC00043491,2002,6,3,,,0.0,,,,,,,,,,,,,
USC00043491,2002,6,30,,,0.0,,,,,,,,,,,,,
USC00043491,2002,6,31,,,-9999.0,,,,,,,,,,,,,
USC00043491,2002,6,4,,,0.0,,,,,,,,,,,,,
USC00043491,2002,6,5,,,0.0,,,,,,,,,,,,,
USC00043491,2002,6,6,,,0.0,,,,,,,,,,,,,
USC00043491,2002,6,7,,,0.0,,,,,,,,,,,,,
USC00043491,2002,6,8,,,0.0,,,,,,,,,,,,,
USC00043491,2002,6,9,,,0.0,,,,,,,,,,,,,
USC00043491,2002,7,1,,,0.0,,,,,,,,,,,,,
USC00043491,2002,7,10,,,0.0,,,,,,,,,,,,,
USC00043491,2002,7,11,,,0.0,,,,,,,,,,,,,
USC00043491,2002,7,12,,,0.0,,,,,,,,,,,,,
USC00043491,2002,7,13,,,0.0,,,,,,,,,,,,,
USC00043491,2002,7,14,,,0.0,,,,,,,,,,,,,
USC00043491,2002,7,15,,,0.0,,,,,,,,,,,,,
USC00043491,2002,7,16,,,0.0,,,,,,,,,,,,,
USC00043491,2002,7,17,,,0.0,,,,,,,,,,,,,
USC00043491,2002,7,18,,,0.0,,,,,,,,,,,,,
USC00043491,2002,7,19,,,0.0,,,,,,,,,,,,,
USC00043491,2002,7,2,,,0.0,,,,,,,,,,,,,
USC00043491,2002,7,20,,,0.0,,,,,,,,,,,,,
USC00043491,2002,7,21,,,0.0,,,,,,,,,,,,,
USC00043491,2002,7,22,,,0.0,,,,,,,,,,,,,
USC00043491,2002,7,23,,,0.0,,,,,,,,,,,,,
USC00043491,2002,7,24,,,0.0,,,,,,,,,,,,,
USC00043491,2002,7,25,,,0.0,,,,,,,,,,,,,
USC00043491,2002,7,26,,,0.0,,,,,,,,,,,,,
USC00043491,2002,7,27,,,0.0,,,,,,,,,,,,,
USC00043491,2002,7,28,,,0.0,,,,,,,,,,,,,
USC00043491,2002,7,29,,,0.0,,,,,,,,,,,,,
USC00043491,2002,7,3,,,0.0,,,,,,,,,,,,,
USC00043491,2002,7,30,,,0.0,,,,,,,,,,,,,
USC00043491,2002,7,31,,,0.0,,,,,,,,,,,,,
USC00043491,2002,7,4,,,0.0,,,,,,,,,,,,,
USC00043491,2002,7,5,,,0.0,,,,,,,,,,,,,
USC00043491,2002,7,6,,,0.0,,,,,,,,,,,,,
USC00043491,2002,7,7,,,0.0,,,,,,,,,,,,,
USC00043491,2002,7,8,,,0.0,,,,,,,,,,,,,
USC00043491,2002,7,9,,,0.0,,,,,,,,,,,,,
USC00043491,2002,8,1,,,0.0,,,,,,,,,,,,,
USC00043491,2002,8,10,,,0.0,,,,,,,,,,,,,
USC00043491,2002,8,11,,,0.0,,,,,,,,,,,,,
USC00043491,2002,8,12,,,0.0,,,,,,,,,,,,,
USC00043491,2002,8,13,,,0.0,,,,,,,,,,,,,
USC00043491,2002,8,14,,,0.0,,,,,,,,,,,,,
USC00043491,2002,8,15,,,0.0,,,,,,,,,,,,,
USC00043491,2002,8,16,,,0.0,,,,,,,,,,,,,
USC00043491,2002,8,17,,,0.0,,,,,,,,,,,,,
USC00043491,2002,8,18,,,0.0,,,,,,,,,,,,,
USC00043491,2002,8,19,,,0.0,,,,,,,,,,,,,
USC00043491,2002,8,2,,,0.0,,,,,,,,,,,,,
USC00043491,2002,8,20,,,0.0,,,,,,,,,,,,,
USC00043491,2002,8,21,,,0.0,,,,,,,,,,,,,
USC00043491,2002,8,22,,,0.0,,,,,,,,,,,,,
USC00043491,2002,8,23,,,0.0,,,,,,,,,,,,,
USC00043491,2002,8,24,,,0.0,,,,,,,,,,,,,
USC00043491,2002,8,25,,,0.0,,,,,,,,,,,,,
USC00043491,2002,8,26,,,0.0,,,,,,,,,,,,,
USC00043491,2002,8,27,,,0.0,,,,,,,,,,,,,
USC00043491,2002,8,28,,,0.0,,,,,,,,,,,,,
USC00043491,2002,8,29,,,0.0,,,,,,,,,,,,,
USC00043491,2002,8,3,,,0.0,,,,,,,,,,,,,
USC00043491,2002,8,30,,,0.0,,,,,,,,,,,,,
USC00043491,2002,8,31,,,0.0,,,,,,,,,,,,,
USC00043491,2002,8,4,,,0.0,,,,,,,,,,,,,
USC00043491,2002,8,5,,,0.0,,,,,,,,,,,,,
USC00043491,2002,8,6,,,0.0,,,,,,,,,,,,,
USC00043491,2002,8,7,,,0.0,,,,,,,,,,,,,
USC00043491,2002,8,8,,,0.0,,,,,,,,,,,,,
USC00043491,2002,8,9,,,0.0,,,,,,,,,,,,,
USC00043491,2002,9,1,,,0.0,,,,,,,,,,,,,
USC00043491,2002,9,10,,,0.0,,,,,,,,,,,,,
USC00043491,2002,9,11,,,0.0,,,,,,,,,,,,,
USC00043491,2002,9,12,,,0.0,,,,,,,,,,,,,
USC00043491,2002,9,13,,,0.0,,,,,,,,,,,,,
USC00043491,2002,9,14,,,0.0,,,,,,,,,,,,,
USC00043491,2002,9,15,,,0.0,,,,,,,,,,,,,
USC00043491,2002,9,16,,,0.0,,,,,,,,,,,,,
USC00043491,2002,9,17,,,0.0,,,,,,,,,,,,,
USC00043491,2002,9,18,,,0.0,,,,,,,,,,,,,
USC00043491,2002,9,19,,,0.0,,,,,,,,,,,,,
USC00043491,2002,9,2,,,0.0,,,,,,,,,,,,,
USC00043491,2002,9,20,,,0.0,,,,,,,,,,,,,
USC00043491,2002,9,21,,,0.0,,,,,,,,,,,,,
USC00043491,2002,9,22,,,0.0,,,,,,,,,,,,,
USC00043491,2002,9,23,,,0.0,,,,,,,,,,,,,
USC00043491,2002,9,24,,,0.0,,,,,,,,,,,,,
USC00043491,2002,9,25,,,0.0,,,,,,,,,,,,,
USC00043491,2002,9,26,,,0.0,,,,,,,,,,,,,
USC00043491,2002,9,27,,,0.0,,,,,,,,,,,,,
USC00043491,2002,9,28,,,0.0,,,,,,,,,,,,,
USC00043491,2002,9,29,,,0.0,,,,,,,,,,,,,
USC00043491,2002,9,3,,,0.0,,,,,,,,,,,,,
USC00043491,2002,9,30,,,0.0,,,,,,,,,,,,,
USC00043491,2002,9,31,,,-9999.0,,,,,,,,,,,,,
USC00043491,2002,9,4,,,0.0,,,,,,,,,,,,,
USC00043491,2002,9,5,,,0.0,,,,,,,,,,,,,
USC00043491,2002,9,6,,,0.0,,,,,,,,,,,,,
USC00043491,2002,9,7,,,0.0,,,,,,,,,,,,,
USC00043491,2002,9,8,,,0.0,,,,,,,,,,,,,
USC00043491,2002,9,9,,,0.0,,,,,,,,,,,,,
USC00043491,2002,10,1,,,0.0,,,,,,,,,,,,,
USC00043491,2002,10,10,,,0.0,,,,,,,,,,,,,
USC00043491,2002,10,11,,,0.0,,,,,,,,,,,,,
USC00043491,2002,10,12,,,0.0,,,,,,,,,,,,,
USC00043491,2002,10,13,,,0.0,,,,,,,,,,,,,
USC00043491,2002,10,14,,,0.0,,,,,,,,,,,,,
USC00043491,2002,10,15,,,0.0,,,,,,,,,,,,,
USC00043491,2002,10,16,,,0.0,,,,,,,,,,,,,
USC00043491,2002,10,17,,,0.0,,,,,,,,,,,,,
USC00043491,2002,10,18,,,0.0,,,,,,,,,,,,,
USC00043491,2002,10,19,,,0.0,,,,,,,,,,,,,
USC00043491,2002,10,2,,,0.0,,,,,,,,,,,,,
USC00043491,2002,10,20,,,0.0,,,,,,,,,,,,,
USC00043491,2002,10,21,,,0.0,,,,,,,,,,,,,
USC00043491,2002,10,22,,,0.0,,,,,,,,,,,,,
USC00043491,2002,10,23,,,0.0,,,,,,,,,,,,,
USC00043491,2002,10,24,,,0.0,,,,,,,,,,,,,
USC00043491,2002,10,25,,,0.0,,,,,,,,,,,,,
USC00043491,2002,10,26,,,0.0,,,,,,,,,,,,,
USC00043491,2002,10,27,,,0.0,,,,,,,,,,,,,
USC00043491,2002,10,28,,,0.0,,,,,,,,,,,,,
USC00043491,2002,10,29,,,0.0,,,,,,,,,,,,,
USC00043491,2002,10,3,,,0.0,,,,,,,,,,,,,
USC00043491,2002,10,30,,,0.0,,,,,,,,,,,,,
USC00043491,2002,10,31,,,0.0,,,,,,,,,,,,,
USC00043491,2002,10,4,,,0.0,,,,,,,,,,,,,
USC00043491,2002,10,5,,,0.0,,,,,,,,,,,,,
USC00043491,2002,10,6,,,0.0,,,,,,,,,,,,,
USC00043491,2002,10,7,,,0.0,,,,,,,,,,,,,
USC00043491,2002,10,8,,,0.0,,,,,,,,,,,,,
USC00043491,2002,10,9,,,0.0,,,,,,,,,,,,,
USC00043491,2002,11,1,,,0.0,,,,,,,,,,,,,
USC00043491,2002,11,10,,,371.0,,,,,,,,,,,,,
USC00043491,2002,11,11,,,404.0,,,,,,,,,,,,,
USC00043491,2002,11,12,,,0.0,,,,,,,,,,,,,
USC00043491,2002,11,13,,,28.0,,,,,,,,,,,,,
USC00043491,2002,11,14,,,0.0,,,,,,,,,,,,,
USC00043491,2002,11,15,,,0.0,,,,,,,,,,,,,
USC00043491,2002,11,16,,,0.0,,,,,,,,,,,,,
USC00043491,2002,11,17,,,0.0,,,,,,,,,,,,,
USC00043491,2002,11,18,,,0.0,,,,,,,,,,,,,
USC00043491,2002,11,19,,,0.0,,,,,,,,,,,,,
USC00043491,2002,11,2,,,0.0,,,,,,,,,,,,,
USC00043491,2002,11,20,,,0.0,,,,,,,,,,,,,
USC00043491,2002,11,21,,,0.0,,,,,,,,,,,,,
USC00043491,2002,11,22,,,0.0,,,,,,,,,,,,,
USC00043491,2002,11,23,,,0.0,,,,,,,,,,,,,
USC00043491,2002,11,24,,,0.0,,,,,,,,,,,,,
USC00043491,2002,11,25,,,0.0,,,,,,,,,,,,,
USC00043491,2002,11,26,,,0.0,,,,,,,,,,,,,
USC00043491,2002,11,27,,,0.0,,,,,,,,,,,,,
USC00043491,2002,11,28,,,0.0,,,,,,,,,,,,,
USC00043491,2002,11,29,,,0.0,,,,,,,,,,,,,
USC00043491,2002,11,3,,,0.0,,,,,,,,,,,,,
USC00043491,2002,11,30,,,0.0,,,,,,,,,,,,,
USC00043491,2002,11,31,,,-9999.0,,,,,,,,,,,,,
USC00043491,2002,11,4,,,0.0,,,,,,,,,,,,,
USC00043491,2002,11,5,,,0.0,,,,,,,,,,,,,
USC00043491,2002,11,6,,,0.0,,,,,,,,,,,,,
USC00043491,2002,11,7,,,188.0,,,,,,,,,,,,,
USC00043491,2002,11,8,,,610.0,,,,,,,,,,,,,
USC00043491,2002,11,9,,,333.0,,,,,,,,,,,,,
USC00043491,2002,12,1,,,0.0,,,,,,,,,,,,,
USC00043491,2002,12,10,,,206.0,,,,,,,,,,,,,
USC00043491,2002,12,11,,,51.0,,,,,,,,,,,,,
USC00043491,2002,12,12,,,0.0,,,,,,,,,,,,,
USC00043491,2002,12,13,,,251.0,,,,,,,,,,,,,
USC00043491,2002,12,14,,,742.0,,,,,,,,,,,,,
USC00043491,2002,12,15,,,546.0,,,,,,,,,,,,,
USC00043491,2002,12,16,,,615.0,,,,,,,,,,,,,
USC00043491,2002,12,17,,,277.0,,,,,,,,,,,,,
USC00043491,2002,12,18,,,79.0,,,,,,,,,,,,,
USC00043491,2002,12,19,,,0.0,,,,,,,,,,,,,
USC00043491,2002,12,2,,,0.0,,,,,,,,,,,,,
USC00043491,2002,12,20,,,216.0,,,,,,,,,,,,,
USC00043491,2002,12,21,,,323.0,,,,,,,,,,,,,
USC00043491,2002,12,22,,,84.0,,,,,,,,,,,,,
USC00043491,2002,12,23,,,0.0,,,,,,,,,,,,,
USC00043491,2002,12,24,,,0.0,,,,,,,,,,,,,
USC00043491,2002,12,25,,,0.0,,,,,,,,,,,,,
USC00043491,2002,12,26,,,0.0,,,,,,,,,,,,,
USC00043491,2002,12,27,,,216.0,,,,,,,,,,,,,
USC00043491,2002,12,28,,,135.0,,,,,,,,,,,,,
USC00043491,2002,12,29,,,493.0,,,,,,,,,,,,,
USC00043491,2002,12,3,,,0.0,,,,,,,,,,,,,
USC00043491,2002,12,30,,,38.0,,,,,,,,,,,,,
USC00043491,2002,12,31,,,175.0,,,,,,,,,,,,,
USC00043491,2002,12,4,,,0.0,,,,,,,,,,,,,
USC00043491,2002,12,5,,,0.0,,,,,,,,,,,,,
USC00043491,2002,12,6,,,0.0,,,,,,,,,,,,,
USC00043491,2002,12,7,,,0.0,,,,,,,,,,,,,
USC00043491,2002,12,8,,,0.0,,,,,,,,,,,,,
USC00043491,2002,12,9,,,0.0,,,,,,,,,,,,,
USC00043491,2003,1,1,,,13.0,,,,,,,,,,,,,
USC00043491,2003,1,10,,,208.0,,,,,,,,,,,,,
USC00043491,2003,1,11,,,140.0,,,,,,,,,,,,,
USC00043491,2003,1,12,,,0.0,,,,,,,,,,,,,
USC00043491,2003,1,13,,,43.0,,,,,,,,,,,,,
USC00043491,2003,1,14,,,3.0,,,,,,,,,,,,,
USC00043491,2003,1,15,,,0.0,,,,,,,,,,,,,
USC00043491,2003,1,16,,,0.0,,,,,,,,,,,,,
USC00043491,2003,1,17,,,0.0,,,,,,,,,,,,,
USC00043491,2003,1,18,,,0.0,,,,,,,,,,,,,
USC00043491,2003,1,19,,,0.0,,,,,,,,,,,,,
USC00043491,2003,1,2,,,0.0,,,,,,,,,,,,,
USC00043491,2003,1,20,,,0.0,,,,,,,,,,,,,
USC00043491,2003,1,21,,,56.0,,,,,,,,,,,,,
USC00043491,2003,1,22,,,89.0,,,,,,,,,,,,,
USC00043491,2003,1,23,,,216.0,,,,,,,,,,,,,
USC00043491,2003,1,24,,,173.0,,,,,,,,,,,,,
USC00043491,2003,1,25,,,18.0,,,,,,,,,,,,,
USC00043491,2003,1,26,,,0.0,,,,,,,,,,,,,
USC00043491,2003,1,27,,,0.0,,,,,,,,,,,,,
USC00043491,2003,1,28,,,0.0,,,,,,,,,,,,,
USC00043491,2003,1,29,,,43.0,,,,,,,,,,,,,
USC00043491,2003,1,3,,,0.0,,,,,,,,,,,,,
USC00043491,2003,1,30,,,0.0,,,,,,,,,,,,,
USC00043491,2003,1,31,,,0.0,,,,,,,,,,,,,
USC00043491,2003,1,4,,,0.0,,,,,,,,,,,,,
USC00043491,2003,1,5,,,0.0,,,,,,,,,,,,,
USC00043491,2003,1,6,,,0.0,,,,,,,,,,,,,
USC00043491,2003,1,7,,,0.0,,,,,,,,,,,,,
USC00043491,2003,1,8,,,0.0,,,,,,,,,,,,,
USC00043491,2003,1,9,,,0.0,,,,,,,,,,,,,
USC00043491,2003,2,1,,,0.0,,,,,,,,,,,,,
USC00043491,2003,2,10,,,0.0,,,,,,,,,,,,,
USC00043491,2003,2,11,,,0.0,,,,,,,,,,,,,
USC00043491,2003,2,12,,,0.0,,,,,,,,,,,,,
USC00043491,2003,2,13,,,231.0,,,,,,,,,,,,,
USC00043491,2003,2,14,,,168.0,,,,,,,,,,,,,
USC00043491,2003,2,15,,,0.0,,,,,,,,,,,,,
USC00043491,2003,2,16,,,282.0,,,,,,,,,,,,,
USC00043491,2003,2,17,,,0.0,,,,,,,,,,,,,
USC00043491,2003,2,18,,,0.0,,,,,,,,,,,,,
USC00043491,2003,2,19,,,0.0,,,,,,,,,,,,,
USC00043491,2003,2,2,,,61.0,,,,,,,,,,,,,
USC00043491,2003,2,20,,,81.0,,,,,,,,,,,,,
USC00043491,2003,2,21,,,0.0,,,,,,,,,,,,,
USC00043491,2003,2,22,,,0.0,,,,,,,,,,,,,
USC00043491,2003,2,23,,,0.0,,,,,,,,,,,,,
USC00043491,2003,2,24,,,0.0,,,,,,,,,,,,,
USC00043491,2003,2,25,,,81.0,,,,,,,,,,,,,
USC00043491,2003,2,26,,,30.0,,,,,,,,,,,,,
USC00043491,2003,2,27,,,79.0,,,,,,,,,,,,,
USC00043491,2003,2,28,,,8.0,,,,,,,,,,,,,
USC00043491,2003,2,29,,,-9999.0,,,,,,,,,,,,,
USC00043491,2003,2,3,,,0.0,,,,,,,,,,,,,
USC00043491,2003,2,30,,,-9999.0,,,,,,,,,,,,,
USC00043491,2003,2,31,,,-9999.0,,,,,,,,,,,,,
USC00043491,2003,2,4,,,0.0,,,,,,,,,,,,,
USC00043491,2003,2,5,,,0.0,,,,,,,,,,,,,
USC00043491,2003,2,6,,,0.0,,,,,,,,,,,,,
USC00043491,2003,2,7,,,0.0,,,,,,,,,,,,,
USC00043491,2003,2,8,,,0.0,,,,,,,,,,,,,
USC00043491,2003,2,9,,,0.0,,,,,,,,,,,,,
USC00043491,2003,3,1,,,0.0,,,,,,,,,,,,,
USC00043491,2003,3,10,,,0.0,,,,,,,,,,,,,
USC00043491,2003,3,11,,,0.0,,,,,,,,,,,,,
USC00043491,2003,3,12,,,0.0,,,,,,,,,,,,,
USC00043491,2003,3,13,,,0.0,,,,,,,,,,,,,
USC00043491,2003,3,14,,,297.0,,,,,,,,,,,,,
USC00043491,2003,3,15,,,617.0,,,,,,,,,,,,,
USC00043491,2003,3,16,,,140.0,,,,,,,,,,,,,
USC00043491,2003,3,17,,,28.0,,,,,,,,,,,,,
USC00043491,2003,3,18,,,15.0,,,,,,,,,,,,,
USC00043491,2003,3,19,,,178.0,,,,,,,,,,,,,
USC00043491,2003,3,2,,,0.0,,,,,,,,,,,,,
USC00043491,2003,3,20,,,0.0,,,,,,,,,,,,,
USC00043491,2003,3,21,,,0.0,,,,,,,,,,,,,
USC00043491,2003,3,22,,,0.0,,,,,,,,,,,,,
USC00043491,2003,3,23,,,157.0,,,,,,,,,,,,,
USC00043491,2003,3,24,,,64.0,,,,,,,,,,,,,
USC00043491,2003,3,25,,,0.0,,,,,,,,,,,,,
USC00043491,2003,3,26,,,175.0,,,,,,,,,,,,,
USC00043491,2003,3,27,,,38.0,,,,,,,,,,,,,
USC00043491,2003,3,28,,,0.0,,,,,,,,,,,,,
USC00043491,2003,3,29,,,0.0,,,,,,,,,,,,,
USC00043491,2003,3,3,,,0.0,,,,,,,,,,,,,
USC00043491,2003,3,30,,,0.0,,,,,,,,,,,,,
USC00043491,2003,3,31,,,0.0,,,,,,,,,,,,,
USC00043491,2003,3,4,,,0.0,,,,,,,,,,,,,
USC00043491,2003,3,5,,,0.0,,,,,,,,,,,,,
USC00043491,2003,3,6,,,0.0,,,,,,,,,,,,,
USC00043491,2003,3,7,,,0.0,,,,,,,,,,,,,
USC00043491,2003,3,8,,,0.0,,,,,,,,,,,,,
USC00043491,2003,3,9,,,0.0,,,,,,,,,,,,,
USC00043491,2003,4,1,,,145.0,,,,,,,,,,,,,
USC00043491,2003,4,10,,,856.0,,,,,,,,,,,,,
USC00043491,2003,4,11,,,94.0,,,,,,,,,,,,,
USC00043491,2003,4,12,,,0.0,,,,,,,,,,,,,
USC00043491,2003,4,13,,,0.0,,,,,,,,,,,,,
USC00043491,2003,4,14,,,0.0,,,,,,,,,,,,,
USC00043491,2003,4,15,,,0.0,,,,,,,,,,,,,
USC00043491,2003,4,16,,,23.0,,,,,,,,,,,,,
USC00043491,2003,4,17,,,38.0,,,,,,,,,,,,,
USC00043491,2003,4,18,,,43.0,,,,,,,,,,,,,
USC00043491,2003,4,19,,,0.0,,,,,,,,,,,,,
USC00043491,2003,4,2,,,122.0,,,,,,,,,,,,,
USC00043491,2003,4,20,,,0.0,,,,,,,,,,,,,
USC00043491,2003,4,21,,,0.0,,,,,,,,,,,,,
USC00043491,2003,4,22,,,145.0,,,,,,,,,,,,,
USC00043491,2003,4,23,,,0.0,,,,,,,,,,,,,
USC00043491,2003,4,24,,,99.0,,,,,,,,,,,,,
USC00043491,2003,4,25,,,284.0,,,,,,,,,,,,,
USC00043491,2003,4,26,,,213.0,,,,,,,,,,,,,
USC00043491,2003,4,27,,,0.0,,,,,,,,,,,,,
USC00043491,2003,4,28,,,249.0,,,,,,,,,,,,,
USC00043491,2003,4,29,,,43.0,,,,,,,,,,,,,
USC00043491,2003,4,3,,,71.0,,,,,,,,,,,,,
USC00043491,2003,4,30,,,147.0,,,,,,,,,,,,,
USC00043491,2003,4,31,,,-9999.0,,,,,,,,,,,,,
USC00043491,2003,4,4,,,191.0,,,,,,,,,,,,,
USC00043491,2003,4,5,,,0.0,,,,,,,,,,,,,
USC00043491,2003,4,6,,,0.0,,,,,,,,,,,,,
USC00043491,2003,4,7,,,0.0,,,,,,,,,,,,,
USC00043491,2003,4,8,,,0.0,,,,,,,,,,,,,
USC00043491,2003,4,9,,,0.0,,,,,,,,,,,,,
USC00043491,2003,5,1,,,0.0,,,,,,,,,,,,,
USC00043491,2003,5,10,,,13.0,,,,,,,,,,,,,
USC00043491,2003,5,11,,,0.0,,,,,,,,,,,,,
USC00043491,2003,5,12,,,0.0,,,,,,,,,,,,,
USC00043491,2003,5,13,,,0.0,,,,,,,,,,,,,
USC00043491,2003,5,14,,,0.0,,,,,,,,,,,,,
USC00043491,2003,5,15,,,0.0,,,,,,,,,,,,,
USC00043491,2003,5,16,,,0.0,,,,,,,,,,,,,
USC00043491,2003,5,17,,,0.0,,,,,,,,,,,,,
USC00043491,2003,5,18,,,0.0,,,,,,,,,,,,,
USC00043491,2003,5,19,,,0.0,,,,,,,,,,,,,
USC00043491,2003,5,2,,,0.0,,,,,,,,,,,,,
USC00043491,2003,5,20,,,0.0,,,,,,,,,,,,,
USC00043491,2003,5,21,,,0.0,,,,,,,,,,,,,
USC00043491,2003,5,22,,,0.0,,,,,,,,,,,,,
USC00043491,2003,5,23,,,0.0,,,,,,,,,,,,,
USC00043491,2003,5,24,,,0.0,,,,,,,,,,,,,
USC00043491,2003,5,25,,,0.0,,,,,,,,,,,,,
USC00043491,2003,5,26,,,0.0,,,,,,,,,,,,,
USC00043491,2003,5,27,,,0.0,,,,,,,,,,,,,
USC00043491,2003,5,28,,,0.0,,,,,,,,,,,,,
USC00043491,2003,5,29,,,0.0,,,,,,,,,,,,,
USC00043491,2003,5,3,,,178.0,,,,,,,,,,,,,
USC00043491,2003,5,30,,,0.0,,,,,,,,,,,,,
USC00043491,2003,5,31,,,0.0,,,,,,,,,,,,,
USC00043491,2003,5,4,,,183.0,,,,,,,,,,,,,
USC00043491,2003,5,5,,,8.0,,,,,,,,,,,,,
USC00043491,2003,5,6,,,0.0,,,,,,,,,,,,,
USC00043491,2003,5,7,,,0.0,,,,,,,,,,,,,
USC00043491,2003,5,8,,,224.0,,,,,,,,,,,,,
USC00043491,2003,5,9,,,231.0,,,,,,,,,,,,,
USC00043491,2003,6,1,,,0.0,,,,,,,,,,,,,
USC00043491,2003,6,10,,,0.0,,,,,,,,,,,,,
USC00043491,2003,6,11,,,0.0,,,,,,,,,,,,,
USC00043491,2003,6,12,,,0.0,,,,,,,,,,,,,
USC00043491,2003,6,13,,,0.0,,,,,,,,,,,,,
USC00043491,2003,6,14,,,0.0,,,,,,,,,,,,,
USC00043491,2003,6,15,,,0.0,,,,,,,,,,,,,
USC00043491,2003,6,16,,,0.0,,,,,,,,,,,,,
USC00043491,2003,6,17,,,0.0,,,,,,,,,,,,,
USC00043491,2003,6,18,,,0.0,,,,,,,,,,,,,
USC00043491,2003,6,19,,,0.0,,,,,,,,,,,,,
USC00043491,2003,6,2,,,0.0,,,,,,,,,,,,,
USC00043491,2003,6,20,,,0.0,,,,,,,,,,,,,
USC00043491,2003,6,21,,,0.0,,,,,,,,,,,,,
USC00043491,2003,6,22,,,0.0,,,,,,,,,,,,,
USC00043491,2003,6,23,,,0.0,,,,,,,,,,,,,
USC00043491,2003,6,24,,,0.0,,,,,,,,,,,,,
USC00043491,2003,6,25,,,0.0,,,,,,,,,,,,,
USC00043491,2003,6,26,,,0.0,,,,,,,,,,,,,
USC00043491,2003,6,27,,,0.0,,,,,,,,,,,,,
USC00043491,2003,6,28,,,0.0,,,,,,,,,,,,,
USC00043491,2003,6,29,,,0.0,,,,,,,,,,,,,
USC00043491,2003,6,3,,,0.0,,,,,,,,,,,,,
USC00043491,2003,6,30,,,0.0,,,,,,,,,,,,,
USC00043491,2003,6,31,,,-9999.0,,,,,,,,,,,,,
USC00043491,2003,6,4,,,0.0,,,,,,,,,,,,,
USC00043491,2003,6,5,,,0.0,,,,,,,,,,,,,
USC00043491,2003,6,6,,,0.0,,,,,,,,,,,,,
USC00043491,2003,6,7,,,0.0,,,,,,,,,,,,,
USC00043491,2003,6,8,,,0.0,,,,,,,,,,,,,
USC00043491,2003,6,9,,,0.0,,,,,,,,,,,,,
USC00043491,2003,7,1,,,0.0,,,,,,,,,,,,,
USC00043491,2003,7,10,,,0.0,,,,,,,,,,,,,
USC00043491,2003,7,11,,,0.0,,,,,,,,,,,,,
USC00043491,2003,7,12,,,0.0,,,,,,,,,,,,,
USC00043491,2003,7,13,,,0.0,,,,,,,,,,,,,
USC00043491,2003,7,14,,,0.0,,,,,,,,,,,,,
USC00043491,2003,7,15,,,0.0,,,,,,,,,,,,,
USC00043491,2003,7,16,,,0.0,,,,,,,,,,,,,
USC00043491,2003,7,17,,,0.0,,,,,,,,,,,,,
USC00043491,2003,7,18,,,0.0,,,,,,,,,,,,,
USC00043491,2003,7,19,,,0.0,,,,,,,,,,,,,
USC00043491,2003,7,2,,,0.0,,,,,,,,,,,,,
USC00043491,2003,7,20,,,0.0,,,,,,,,,,,,,
USC00043491,2003,7,21,,,0.0,,,,,,,,,,,,,
USC00043491,2003,7,22,,,0.0,,,,,,,,,,,,,
USC00043491,2003,7,23,,,0.0,,,,,,,,,,,,,
USC00043491,2003,7,24,,,0.0,,,,,,,,,,,,,
USC00043491,2003,7,25,,,0.0,,,,,,,,,,,,,
USC00043491,2003,7,26,,,0.0,,,,,,,,,,,,,
USC00043491,2003,7,27,,,0.0,,,,,,,,,,,,,
USC00043491,2003,7,28,,,0.0,,,,,,,,,,,,,
USC00043491,2003,7,29,,,0.0,,,,,,,,,,,,,
USC00043491,2003,7,3,,,0.0,,,,,,,,,,,,,
USC00043491,2003,7,30,,,0.0,,,,,,,,,,,,,
USC00043491,2003,7,31,,,5.0,,,,,,,,,,,,,
USC00043491,2003,7,4,,,0.0,,,,,,,,,,,,,
USC00043491,2003,7,5,,,0.0,,,,,,,,,,,,,
USC00043491,2003,7,6,,,0.0,,,,,,,,,,,,,
USC00043491,2003,7,7,,,0.0,,,,,,,,,,,,,
USC00043491,2003,7,8,,,0.0,,,,,,,,,,,,,
USC00043491,2003,7,9,,,0.0,,,,,,,,,,,,,
USC00043491,2003,8,1,,,79.0,,,,,,,,,,,,,
USC00043491,2003,8,10,,,0.0,,,,,,,,,,,,,
USC00043491,2003,8,11,,,0.0,,,,,,,,,,,,,
USC00043491,2003,8,12,,,0.0,,,,,,,,,,,,,
USC00043491,2003,8,13,,,0.0,,,,,,,,,,,,,
USC00043491,2003,8,14,,,0.0,,,,,,,,,,,,,
USC00043491,2003,8,15,,,0.0,,,,,,,,,,,,,
USC00043491,2003,8,16,,,0.0,,,,,,,,,,,,,
USC00043491,2003,8,17,,,0.0,,,,,,,,,,,,,
USC00043491,2003,8,18,,,0.0,,,,,,,,,,,,,
USC00043491,2003,8,19,,,0.0,,,,,,,,,,,,,
USC00043491,2003,8,2,,,66.0,,,,,,,,,,,,,
USC00043491,2003,8,20,,,0.0,,,,,,,,,,,,,
USC00043491,2003,8,21,,,0.0,,,,,,,,,,,,,
USC00043491,2003,8,22,,,0.0,,,,,,,,,,,,,
USC00043491,2003,8,23,,,165.0,,,,,,,,,,,,,
USC00043491,2003,8,24,,,0.0,,,,,,,,,,,,,
USC00043491,2003,8,25,,,0.0,,,,,,,,,,,,,
USC00043491,2003,8,26,,,0.0,,,,,,,,,,,,,
USC00043491,2003,8,27,,,0.0,,,,,,,,,,,,,
USC00043491,2003,8,28,,,0.0,,,,,,,,,,,,,
USC00043491,2003,8,29,,,0.0,,,,,,,,,,,,,
USC00043491,2003,8,3,,,0.0,,,,,,,,,,,,,
USC00043491,2003,8,30,,,0.0,,,,,,,,,,,,,
USC00043491,2003,8,31,,,0.0,,,,,,,,,,,,,
USC00043491,2003,8,4,,,0.0,,,,,,,,,,,,,
USC00043491,2003,8,5,,,0.0,,,,,,,,,,,,,
USC00043491,2003,8,6,,,0.0,,,,,,,,,,,,,
USC00043491,2003,8,7,,,0.0,,,,,,,,,,,,,
USC00043491,2003,8,8,,,0.0,,,,,,,,,,,,,
USC00043491,2003,8,9,,,0.0,,,,,,,,,,,,,
USC00043491,2003,9,1,,,46.0,,,,,,,,,,,,,
USC00043491,2003,9,10,,,0.0,,,,,,,,,,,,,
USC00043491,2003,9,11,,,0.0,,,,,,,,,,,,,
USC00043491,2003,9,12,,,0.0,,,,,,,,,,,,,
USC00043491,2003,9,13,,,0.0,,,,,,,,,,,,,
USC00043491,2003,9,14,,,0.0,,,,,,,,,,,,,
USC00043491,2003,9,15,,,0.0,,,,,,,,,,,,,
USC00043491,2003,9,16,,,0.0,,,,,,,,,,,,,
USC00043491,2003,9,17,,,0.0,,,,,,,,,,,,,
USC00043491,2003,9,18,,,0.0,,,,,,,,,,,,,
USC00043491,2003,9,19,,,0.0,,,,,,,,,,,,,
USC00043491,2003,9,2,,,0.0,,,,,,,,,,,,,
USC00043491,2003,9,20,,,0.0,,,,,,,,,,,,,
USC00043491,2003,9,21,,,0.0,,,,,,,,,,,,,
USC00043491,2003,9,22,,,0.0,,,,,,,,,,,,,
USC00043491,2003,9,23,,,0.0,,,,,,,,,,,,,
USC00043491,2003,9,24,,,0.0,,,,,,,,,,,,,
USC00043491,2003,9,25,,,0.0,,,,,,,,,,,,,
USC00043491,2003,9,26,,,0.0,,,,,,,,,,,,,
USC00043491,2003,9,27,,,0.0,,,,,,,,,,,,,
USC00043491,2003,9,28,,,0.0,,,,,,,,,,,,,
USC00043491,2003,9,29,,,0.0,,,,,,,,,,,,,
USC00043491,2003,9,3,,,0.0,,,,,,,,,,,,,
USC00043491,2003,9,30,,,0.0,,,,,,,,,,,,,
USC00043491,2003,9,31,,,-9999.0,,,,,,,,,,,,,
USC00043491,2003,9,4,,,0.0,,,,,,,,,,,,,
USC00043491,2003,9,5,,,0.0,,,,,,,,,,,,,
USC00043491,2003,9,6,,,0.0,,,,,,,,,,,,,
USC00043491,2003,9,7,,,0.0,,,,,,,,,,,,,
USC00043491,2003,9,8,,,0.0,,,,,,,,,,,,,
USC00043491,2003,9,9,,,0.0,,,,,,,,,,,,,
USC00043491,2003,10,1,,,0.0,,,,,,,,,,,,,
USC00043491,2003,10,10,,,0.0,,,,,,,,,,,,,
USC00043491,2003,10,11,,,0.0,,,,,,,,,,,,,
USC00043491,2003,10,12,,,0.0,,,,,,,,,,,,,
USC00043491,2003,10,13,,,0.0,,,,,,,,,,,,,
USC00043491,2003,10,14,,,0.0,,,,,,,,,,,,,
USC00043491,2003,10,15,,,0.0,,,,,,,,,,,,,
USC00043491,2003,10,16,,,0.0,,,,,,,,,,,,,
USC00043491,2003,10,17,,,0.0,,,,,,,,,,,,,
USC00043491,2003,10,18,,,0.0,,,,,,,,,,,,,
USC00043491,2003,10,19,,,0.0,,,,,,,,,,,,,
USC00043491,2003,10,2,,,0.0,,,,,,,,,,,,,
USC00043491,2003,10,20,,,0.0,,,,,,,,,,,,,
USC00043491,2003,10,21,,,0.0,,,,,,,,,,,,,
USC00043491,2003,10,22,,,0.0,,,,,,,,,,,,,
USC00043491,2003,10,23,,,0.0,,,,,,,,,,,,,
USC00043491,2003,10,24,,,0.0,,,,,,,,,,,,,
USC00043491,2003,10,25,,,0.0,,,,,,,,,,,,,
USC00043491,2003,10,26,,,0.0,,,,,,,,,,,,,
USC00043491,2003,10,27,,,0.0,,,,,,,,,,,,,
USC00043491,2003,10,28,,,0.0,,,,,,,,,,,,,
USC00043491,2003,10,29,,,0.0,,,,,,,,,,,,,
USC00043491,2003,10,3,,,0.0,,,,,,,,,,,,,
USC00043491,2003,10,30,,,0.0,,,,,,,,,,,,,
USC00043491,2003,10,31,,,102.0,,,,,,,,,,,,,
USC00043491,2003,10,4,,,0.0,,,,,,,,,,,,,
USC00043491,2003,10,5,,,0.0,,,,,,,,,,,,,
USC00043491,2003,10,6,,,0.0,,,,,,,,,,,,,
USC00043491,2003,10,7,,,0.0,,,,,,,,,,,,,
USC00043491,2003,10,8,,,0.0,,,,,,,,,,,,,
USC00043491,2003,10,9,,,0.0,,,,,,,,,,,,,
USC00043491,2003,11,1,,,51.0,,,,,,,,,,,,,
USC00043491,2003,11,10,,,112.0,,,,,,,,,,,,,
USC00043491,2003,11,11,,,0.0,,,,,,,,,,,,,
USC00043491,2003,11,12,,,0.0,,,,,,,,,,,,,
USC00043491,2003,11,13,,,0.0,,,,,,,,,,,,,
USC00043491,2003,11,14,,,0.0,,,,,,,,,,,,,
USC00043491,2003,11,15,,,147.0,,,,,,,,,,,,,
USC00043491,2003,11,16,,,142.0,,,,,,,,,,,,,
USC00043491,2003,11,17,,,51.0,,,,,,,,,,,,,
USC00043491,2003,11,18,,,0.0,,,,,,,,,,,,,
USC00043491,2003,11,19,,,0.0,,,,,,,,,,,,,
USC00043491,2003,11,2,,,104.0,,,,,,,,,,,,,
USC00043491,2003,11,20,,,0.0,,,,,,,,,,,,,
USC00043491,2003,11,21,,,0.0,,,,,,,,,,,,,
USC00043491,2003,11,22,,,0.0,,,,,,,,,,,,,
USC00043491,2003,11,23,,,0.0,,,,,,,,,,,,,
USC00043491,2003,11,24,,,0.0,,,,,,,,,,,,,
USC00043491,2003,11,25,,,0.0,,,,,,,,,,,,,
USC00043491,2003,11,26,,,0.0,,,,,,,,,,,,,
USC00043491,2003,11,27,,,0.0,,,,,,,,,,,,,
USC00043491,2003,11,28,,,0.0,,,,,,,,,,,,,
USC00043491,2003,11,29,,,13.0,,,,,,,,,,,,,
USC00043491,2003,11,3,,,0.0,,,,,,,,,,,,,
USC00043491,2003,11,30,,,0.0,,,,,,,,,,,,,
USC00043491,2003,11,31,,,-9999.0,,,,,,,,,,,,,
USC00043491,2003,11,4,,,0.0,,,,,,,,,,,,,
USC00043491,2003,11,5,,,0.0,,,,,,,,,,,,,
USC00043491,2003,11,6,,,0.0,,,,,,,,,,,,,
USC00043491,2003,11,7,,,46.0,,,,,,,,,,,,,
USC00043491,2003,11,8,,,8.0,,,,,,,,,,,,,
USC00043491,2003,11,9,,,292.0,,,,,,,,,,,,,
USC00043491,2003,12,1,-9999.0,-9999.0,5.0,,,,,,,,,,,,,
USC00043491,2003,12,10,-9999.0,-9999.0,180.0,,,,,,,,,,,,,
USC00043491,2003,12,11,-9999.0,-9999.0,-9999.0,,,,,,,,,,,,,
USC00043491,2003,12,12,-9999.0,-9999.0,-9999.0,,,,,,,,,,,,,
USC00043491,2003,12,13,-9999.0,-9999.0,-9999.0,,,,,,,,,,,,,
USC00043491,2003,12,14,4.0,1082.0,-9999.0,,,,,,,,,,,,,
USC00043491,2003,12,15,-9999.0,-9999.0,0.0,,,,,,,,,,,,,
USC00043491,2003,12,16,-9999.0,-9999.0,0.0,,,,,,,,,,,,,
USC00043491,2003,12,17,-9999.0,-9999.0,0.0,,,,,,,,,,,,,
USC00043491,2003,12,18,-9999.0,-9999.0,0.0,,,,,,,,,,,,,
USC00043491,2003,12,19,-9999.0,-9999.0,0.0,,,,,,,,,,,,,
USC00043491,2003,12,2,-9999.0,-9999.0,203.0,,,,,,,,,,,,,
USC00043491,2003,12,20,-9999.0,-9999.0,117.0,,,,,,,,,,,,,
USC00043491,2003,12,21,-9999.0,-9999.0,155.0,,,,,,,,,,,,,
USC00043491,2003,12,22,-9999.0,-9999.0,0.0,,,,,,,,,,,,,
USC00043491,2003,12,23,-9999.0,-9999.0,0.0,,,,,,,,,,,,,
USC00043491,2003,12,24,-9999.0,-9999.0,290.0,,,,,,,,,,,,,
USC00043491,2003,12,25,-9999.0,-9999.0,371.0,,,,,,,,,,,,,
USC00043491,2003,12,26,-9999.0,-9999.0,97.0,,,,,,,,,,,,,
USC00043491,2003,12,27,-9999.0,-9999.0,0.0,,,,,,,,,,,,,
USC00043491,2003,12,28,-9999.0,-9999.0,0.0,,,,,,,,,,,,,
USC00043491,2003,12,29,-9999.0,-9999.0,91.0,,,,,,,,,,,,,
USC00043491,2003,12,3,-9999.0,-9999.0,0.0,,,,,,,,,,,,,
USC00043491,2003,12,30,-9999.0,-9999.0,297.0,,,,,,,,,,,,,
USC00043491,2003,12,31,-9999.0,-9999.0,43.0,,,,,,,,,,,,,
USC00043491,2003,12,4,-9999.0,-9999.0,0.0,,,,,,,,,,,,,
USC00043491,2003,12,5,-9999.0,-9999.0,23.0,,,,,,,,,,,,,
USC00043491,2003,12,6,-9999.0,-9999.0,226.0,,,,,,,,,,,,,
USC00043491,2003,12,7,-9999.0,-9999.0,452.0,,,,,,,,,,,,,
USC00043491,2003,12,8,-9999.0,-9999.0,28.0,,,,,,,,,,,,,
USC00043491,2003,12,9,-9999.0,-9999.0,0.0,,,,,,,,,,,,,
USC00043491,2004,1,1,,,399.0,,,,,,,,,,,,,
USC00043491,2004,1,10,,,0.0,,,,,,,,,,,,,
USC00043491,2004,1,11,,,0.0,,,,,,,,,,,,,
USC00043491,2004,1,12,,,0.0,,,,,,,,,,,,,
USC00043491,2004,1,13,,,0.0,,,,,,,,,,,,,
USC00043491,2004,1,14,,,0.0,,,,,,,,,,,,,
USC00043491,2004,1,15,,,0.0,,,,,,,,,,,,,
USC00043491,2004,1,16,,,0.0,,,,,,,,,,,,,
USC00043491,2004,1,17,,,0.0,,,,,,,,,,,,,
USC00043491,2004,1,18,,,0.0,,,,,,,,,,,,,
USC00043491,2004,1,19,,,0.0,,,,,,,,,,,,,
USC00043491,2004,1,2,,,279.0,,,,,,,,,,,,,
USC00043491,2004,1,20,,,0.0,,,,,,,,,,,,,
USC00043491,2004,1,21,,,0.0,,,,,,,,,,,,,
USC00043491,2004,1,22,,,0.0,,,,,,,,,,,,,
USC00043491,2004,1,23,,,0.0,,,,,,,,,,,,,
USC00043491,2004,1,24,,,66.0,,,,,,,,,,,,,
USC00043491,2004,1,25,,,30.0,,,,,,,,,,,,,
USC00043491,2004,1,26,,,0.0,,,,,,,,,,,,,
USC00043491,2004,1,27,,,53.0,,,,,,,,,,,,,
USC00043491,2004,1,28,,,259.0,,,,,,,,,,,,,
USC00043491,2004,1,29,,,66.0,,,,,,,,,,,,,
USC00043491,2004,1,3,,,160.0,,,,,,,,,,,,,
USC00043491,2004,1,30,,,0.0,,,,,,,,,,,,,
USC00043491,2004,1,31,,,0.0,,,,,,,,,,,,,
USC00043491,2004,1,4,,,0.0,,,,,,,,,,,,,
USC00043491,2004,1,5,,,0.0,,,,,,,,,,,,,
USC00043491,2004,1,6,,,0.0,,,,,,,,,,,,,
USC00043491,2004,1,7,,,104.0,,,,,,,,,,,,,
USC00043491,2004,1,8,,,33.0,,,,,,,,,,,,,
USC00043491,2004,1,9,,,0.0,,,,,,,,,,,,,
USC00043491,2004,2,1,,,0.0,,,,,,,,,,,,,
USC00043491,2004,2,10,,,0.0,,,,,,,,,,,,,
USC00043491,2004,2,11,,,0.0,,,,,,,,,,,,,
USC00043491,2004,2,12,,,0.0,,,,,,,,,,,,,
USC00043491,2004,2,13,,,0.0,,,,,,,,,,,,,
USC00043491,2004,2,14,,,0.0,,,,,,,,,,,,,
USC00043491,2004,2,15,,,0.0,,,,,,,,,,,,,
USC00043491,2004,2,16,,,117.0,,,,,,,,,,,,,
USC00043491,2004,2,17,,,333.0,,,,,,,,,,,,,
USC00043491,2004,2,18,,,394.0,,,,,,,,,,,,,
USC00043491,2004,2,19,,,175.0,,,,,,,,,,,,,
USC00043491,2004,2,2,,,46.0,,,,,,,,,,,,,
USC00043491,2004,2,20,,,10.0,,,,,,,,,,,,,
USC00043491,2004,2,21,,,41.0,,,,,,,,,,,,,
USC00043491,2004,2,22,,,61.0,,,,,,,,,,,,,
USC00043491,2004,2,23,,,86.0,,,,,,,,,,,,,
USC00043491,2004,2,24,,,79.0,,,,,,,,,,,,,
USC00043491,2004,2,25,,,0.0,,,,,,,,,,,,,
USC00043491,2004,2,26,,,658.0,,,,,,,,,,,,,
USC00043491,2004,2,27,,,345.0,,,,,,,,,,,,,
USC00043491,2004,2,28,,,0.0,,,,,,,,,,,,,
USC00043491,2004,2,29,,,0.0,,,,,,,,,,,,,
USC00043491,2004,2,3,,,384.0,,,,,,,,,,,,,
USC00043491,2004,2,30,,,-9999.0,,,,,,,,,,,,,
USC00043491,2004,2,31,,,-9999.0,,,,,,,,,,,,,
USC00043491,2004,2,4,,,66.0,,,,,,,,,,,,,
USC00043491,2004,2,5,,,0.0,,,,,,,,,,,,,
USC00043491,2004,2,6,,,0.0,,,,,,,,,,,,,
USC00043491,2004,2,7,,,99.0,,,,,,,,,,,,,
USC00043491,2004,2,8,,,0.0,,,,,,,,,,,,,
USC00043491,2004,2,9,,,0.0,,,,,,,,,,,,,
USC00043491,2004,3,1,,,28.0,,,,,,,,,,,,,
USC00043491,2004,3,10,,,0.0,,,,,,,,,,,,,
USC00043491,2004,3,11,,,0.0,,,,,,,,,,,,,
USC00043491,2004,3,12,,,0.0,,,,,,,,,,,,,
USC00043491,2004,3,13,,,0.0,,,,,,,,,,,,,
USC00043491,2004,3,14,,,0.0,,,,,,,,,,,,,
USC00043491,2004,3,15,,,0.0,,,,,,,,,,,,,
USC00043491,2004,3,16,,,0.0,,,,,,,,,,,,,
USC00043491,2004,3,17,,,0.0,,,,,,,,,,,,,
USC00043491,2004,3,18,,,0.0,,,,,,,,,,,,,
USC00043491,2004,3,19,,,0.0,,,,,,,,,,,,,
USC00043491,2004,3,2,,,152.0,,,,,,,,,,,,,
USC00043491,2004,3,20,,,0.0,,,,,,,,,,,,,
USC00043491,2004,3,21,,,0.0,,,,,,,,,,,,,
USC00043491,2004,3,22,,,0.0,,,,,,,,,,,,,
USC00043491,2004,3,23,,,0.0,,,,,,,,,,,,,
USC00043491,2004,3,24,,,0.0,,,,,,,,,,,,,
USC00043491,2004,3,25,,,0.0,,,,,,,,,,,,,
USC00043491,2004,3,26,,,234.0,,,,,,,,,,,,,
USC00043491,2004,3,27,,,23.0,,,,,,,,,,,,,
USC00043491,2004,3,28,,,0.0,,,,,,,,,,,,,
USC00043491,2004,3,29,,,0.0,,,,,,,,,,,,,
USC00043491,2004,3,3,,,0.0,,,,,,,,,,,,,
USC00043491,2004,3,30,,,0.0,,,,,,,,,,,,,
USC00043491,2004,3,31,,,0.0,,,,,,,,,,,,,
USC00043491,2004,3,4,,,0.0,,,,,,,,,,,,,
USC00043491,2004,3,5,,,0.0,,,,,,,,,,,,,
USC00043491,2004,3,6,,,0.0,,,,,,,,,,,,,
USC00043491,2004,3,7,,,0.0,,,,,,,,,,,,,
USC00043491,2004,3,8,,,0.0,,,,,,,,,,,,,
USC00043491,2004,3,9,,,0.0,,,,,,,,,,,,,
USC00043491,2004,4,1,,,0.0,,,,,,,,,,,,,
USC00043491,2004,4,10,,,0.0,,,,,,,,,,,,,
USC00043491,2004,4,11,,,0.0,,,,,,,,,,,,,
USC00043491,2004,4,12,,,0.0,,,,,,,,,,,,,
USC00043491,2004,4,13,,,0.0,,,,,,,,,,,,,
USC00043491,2004,4,14,,,0.0,,,,,,,,,,,,,
USC00043491,2004,4,15,,,0.0,,,,,,,,,,,,,
USC00043491,2004,4,16,,,0.0,,,,,,,,,,,,,
USC00043491,2004,4,17,,,30.0,,,,,,,,,,,,,
USC00043491,2004,4,18,,,28.0,,,,,,,,,,,,,
USC00043491,2004,4,19,,,25.0,,,,,,,,,,,,,
USC00043491,2004,4,2,,,0.0,,,,,,,,,,,,,
USC00043491,2004,4,20,,,173.0,,,,,,,,,,,,,
USC00043491,2004,4,21,,,46.0,,,,,,,,,,,,,
USC00043491,2004,4,22,,,20.0,,,,,,,,,,,,,
USC00043491,2004,4,23,,,0.0,,,,,,,,,,,,,
USC00043491,2004,4,24,,,0.0,,,,,,,,,,,,,
USC00043491,2004,4,25,,,0.0,,,,,,,,,,,,,
USC00043491,2004,4,26,,,0.0,,,,,,,,,,,,,
USC00043491,2004,4,27,,,0.0,,,,,,,,,,,,,
USC00043491,2004,4,28,,,0.0,,,,,,,,,,,,,
USC00043491,2004,4,29,,,0.0,,,,,,,,,,,,,
USC00043491,2004,4,3,,,0.0,,,,,,,,,,,,,
USC00043491,2004,4,30,,,0.0,,,,,,,,,,,,,
USC00043491,2004,4,31,,,-9999.0,,,,,,,,,,,,,
USC00043491,2004,4,4,,,0.0,,,,,,,,,,,,,
USC00043491,2004,4,5,,,0.0,,,,,,,,,,,,,
USC00043491,2004,4,6,,,0.0,,,,,,,,,,,,,
USC00043491,2004,4,7,,,0.0,,,,,,,,,,,,,
USC00043491,2004,4,8,,,0.0,,,,,,,,,,,,,
USC00043491,2004,4,9,,,0.0,,,,,,,,,,,,,
USC00043491,2004,5,1,,,0.0,,,,,,,,,,,,,
USC00043491,2004,5,10,,,0.0,,,,,,,,,,,,,
USC00043491,2004,5,11,,,97.0,,,,,,,,,,,,,
USC00043491,2004,5,12,,,0.0,,,,,,,,,,,,,
USC00043491,2004,5,13,,,0.0,,,,,,,,,,,,,
USC00043491,2004,5,14,,,0.0,,,,,,,,,,,,,
USC00043491,2004,5,15,,,0.0,,,,,,,,,,,,,
USC00043491,2004,5,16,,,0.0,,,,,,,,,,,,,
USC00043491,2004,5,17,,,0.0,,,,,,,,,,,,,
USC00043491,2004,5,18,,,0.0,,,,,,,,,,,,,
USC00043491,2004,5,19,,,0.0,,,,,,,,,,,,,
USC00043491,2004,5,2,,,0.0,,,,,,,,,,,,,
USC00043491,2004,5,20,,,0.0,,,,,,,,,,,,,
USC00043491,2004,5,21,,,0.0,,,,,,,,,,,,,
USC00043491,2004,5,22,,,28.0,,,,,,,,,,,,,
USC00043491,2004,5,23,,,0.0,,,,,,,,,,,,,
USC00043491,2004,5,24,,,0.0,,,,,,,,,,,,,
USC00043491,2004,5,25,,,0.0,,,,,,,,,,,,,
USC00043491,2004,5,26,,,0.0,,,,,,,,,,,,,
USC00043491,2004,5,27,,,0.0,,,,,,,,,,,,,
USC00043491,2004,5,28,,,71.0,,,,,,,,,,,,,
USC00043491,2004,5,29,,,0.0,,,,,,,,,,,,,
USC00043491,2004,5,3,,,0.0,,,,,,,,,,,,,
USC00043491,2004,5,30,,,0.0,,,,,,,,,,,,,
USC00043491,2004,5,31,,,0.0,,,,,,,,,,,,,
USC00043491,2004,5,4,,,0.0,,,,,,,,,,,,,
USC00043491,2004,5,5,,,0.0,,,,,,,,,,,,,
USC00043491,2004,5,6,,,0.0,,,,,,,,,,,,,
USC00043491,2004,5,7,,,0.0,,,,,,,,,,,,,
USC00043491,2004,5,8,,,0.0,,,,,,,,,,,,,
USC00043491,2004,5,9,,,0.0,,,,,,,,,,,,,
USC00043491,2004,6,1,,,0.0,,,,,,,,,,,,,
USC00043491,2004,6,10,,,0.0,,,,,,,,,,,,,
USC00043491,2004,6,11,,,0.0,,,,,,,,,,,,,
USC00043491,2004,6,12,,,0.0,,,,,,,,,,,,,
USC00043491,2004,6,13,,,0.0,,,,,,,,,,,,,
USC00043491,2004,6,14,,,0.0,,,,,,,,,,,,,
USC00043491,2004,6,15,,,0.0,,,,,,,,,,,,,
USC00043491,2004,6,16,,,0.0,,,,,,,,,,,,,
USC00043491,2004,6,17,,,0.0,,,,,,,,,,,,,
USC00043491,2004,6,18,,,0.0,,,,,,,,,,,,,
USC00043491,2004,6,19,,,0.0,,,,,,,,,,,,,
USC00043491,2004,6,2,,,0.0,,,,,,,,,,,,,
USC00043491,2004,6,20,,,0.0,,,,,,,,,,,,,
USC00043491,2004,6,21,,,0.0,,,,,,,,,,,,,
USC00043491,2004,6,22,,,0.0,,,,,,,,,,,,,
USC00043491,2004,6,23,,,0.0,,,,,,,,,,,,,
USC00043491,2004,6,24,,,0.0,,,,,,,,,,,,,
USC00043491,2004,6,25,,,0.0,,,,,,,,,,,,,
USC00043491,2004,6,26,,,0.0,,,,,,,,,,,,,
USC00043491,2004,6,27,,,0.0,,,,,,,,,,,,,
USC00043491,2004,6,28,,,0.0,,,,,,,,,,,,,
USC00043491,2004,6,29,,,0.0,,,,,,,,,,,,,
USC00043491,2004,6,3,,,0.0,,,,,,,,,,,,,
USC00043491,2004,6,30,,,0.0,,,,,,,,,,,,,
USC00043491,2004,6,31,,,-9999.0,,,,,,,,,,,,,
USC00043491,2004,6,4,,,0.0,,,,,,,,,,,,,
USC00043491,2004,6,5,,,0.0,,,,,,,,,,,,,
USC00043491,2004,6,6,,,0.0,,,,,,,,,,,,,
USC00043491,2004,6,7,,,0.0,,,,,,,,,,,,,
USC00043491,2004,6,8,,,0.0,,,,,,,,,,,,,
USC00043491,2004,6,9,,,0.0,,,,,,,,,,,,,
USC00043491,2004,7,1,,,0.0,,,,,,,,,,,,,
USC00043491,2004,7,10,,,0.0,,,,,,,,,,,,,
USC00043491,2004,7,11,,,0.0,,,,,,,,,,,,,
USC00043491,2004,7,12,,,0.0,,,,,,,,,,,,,
USC00043491,2004,7,13,,,0.0,,,,,,,,,,,,,
USC00043491,2004,7,14,,,0.0,,,,,,,,,,,,,
USC00043491,2004,7,15,,,0.0,,,,,,,,,,,,,
USC00043491,2004,7,16,,,0.0,,,,,,,,,,,,,
USC00043491,2004,7,17,,,0.0,,,,,,,,,,,,,
USC00043491,2004,7,18,,,0.0,,,,,,,,,,,,,
USC00043491,2004,7,19,,,0.0,,,,,,,,,,,,,
USC00043491,2004,7,2,,,0.0,,,,,,,,,,,,,
USC00043491,2004,7,20,,,0.0,,,,,,,,,,,,,
USC00043491,2004,7,21,,,0.0,,,,,,,,,,,,,
USC00043491,2004,7,22,,,0.0,,,,,,,,,,,,,
USC00043491,2004,7,23,,,0.0,,,,,,,,,,,,,
USC00043491,2004,7,24,,,0.0,,,,,,,,,,,,,
USC00043491,2004,7,25,,,0.0,,,,,,,,,,,,,
USC00043491,2004,7,26,,,0.0,,,,,,,,,,,,,
USC00043491,2004,7,27,,,0.0,,,,,,,,,,,,,
USC00043491,2004,7,28,,,0.0,,,,,,,,,,,,,
USC00043491,2004,7,29,,,0.0,,,,,,,,,,,,,
USC00043491,2004,7,3,,,0.0,,,,,,,,,,,,,
USC00043491,2004,7,30,,,0.0,,,,,,,,,,,,,
USC00043491,2004,7,31,,,0.0,,,,,,,,,,,,,
USC00043491,2004,7,4,,,0.0,,,,,,,,,,,,,
USC00043491,2004,7,5,,,0.0,,,,,,,,,,,,,
USC00043491,2004,7,6,,,0.0,,,,,,,,,,,,,
USC00043491,2004,7,7,,,0.0,,,,,,,,,,,,,
USC00043491,2004,7,8,,,0.0,,,,,,,,,,,,,
USC00043491,2004,7,9,,,0.0,,,,,,,,,,,,,
USC00043491,2004,8,1,,,0.0,,,,,,,,,,,,,
USC00043491,2004,8,10,,,0.0,,,,,,,,,,,,,
USC00043491,2004,8,11,,,0.0,,,,,,,,,,,,,
USC00043491,2004,8,12,,,0.0,,,,,,,,,,,,,
USC00043491,2004,8,13,,,0.0,,,,,,,,,,,,,
USC00043491,2004,8,14,,,0.0,,,,,,,,,,,,,
USC00043491,2004,8,15,,,0.0,,,,,,,,,,,,,
USC00043491,2004,8,16,,,0.0,,,,,,,,,,,,,
USC00043491,2004,8,17,,,0.0,,,,,,,,,,,,,
USC00043491,2004,8,18,,,0.0,,,,,,,,,,,,,
USC00043491,2004,8,19,,,0.0,,,,,,,,,,,,,
USC00043491,2004,8,2,,,0.0,,,,,,,,,,,,,
USC00043491,2004,8,20,,,0.0,,,,,,,,,,,,,
USC00043491,2004,8,21,,,0.0,,,,,,,,,,,,,
USC00043491,2004,8,22,,,0.0,,,,,,,,,,,,,
USC00043491,2004,8,23,,,0.0,,,,,,,,,,,,,
USC00043491,2004,8,24,,,0.0,,,,,,,,,,,,,
USC00043491,2004,8,25,,,0.0,,,,,,,,,,,,,
USC00043491,2004,8,26,,,0.0,,,,,,,,,,,,,
USC00043491,2004,8,27,,,0.0,,,,,,,,,,,,,
USC00043491,2004,8,28,,,0.0,,,,,,,,,,,,,
USC00043491,2004,8,29,,,0.0,,,,,,,,,,,,,
USC00043491,2004,8,3,,,0.0,,,,,,,,,,,,,
USC00043491,2004,8,30,,,0.0,,,,,,,,,,,,,
USC00043491,2004,8,31,,,0.0,,,,,,,,,,,,,
USC00043491,2004,8,4,,,0.0,,,,,,,,,,,,,
USC00043491,2004,8,5,,,0.0,,,,,,,,,,,,,
USC00043491,2004,8,6,,,0.0,,,,,,,,,,,,,
USC00043491,2004,8,7,,,0.0,,,,,,,,,,,,,
USC00043491,2004,8,8,,,0.0,,,,,,,,,,,,,
USC00043491,2004,8,9,,,0.0,,,,,,,,,,,,,
USC00043491,2004,9,1,,,0.0,,,,,,,,,,,,,
USC00043491,2004,9,10,,,0.0,,,,,,,,,,,,,
USC00043491,2004,9,11,,,0.0,,,,,,,,,,,,,
USC00043491,2004,9,12,,,0.0,,,,,,,,,,,,,
USC00043491,2004,9,13,,,0.0,,,,,,,,,,,,,
USC00043491,2004,9,14,,,0.0,,,,,,,,,,,,,
USC00043491,2004,9,15,,,0.0,,,,,,,,,,,,,
USC00043491,2004,9,16,,,0.0,,,,,,,,,,,,,
USC00043491,2004,9,17,,,0.0,,,,,,,,,,,,,
USC00043491,2004,9,18,,,0.0,,,,,,,,,,,,,
USC00043491,2004,9,19,,,0.0,,,,,,,,,,,,,
USC00043491,2004,9,2,,,0.0,,,,,,,,,,,,,
USC00043491,2004,9,20,,,71.0,,,,,,,,,,,,,
USC00043491,2004,9,21,,,0.0,,,,,,,,,,,,,
USC00043491,2004,9,22,,,0.0,,,,,,,,,,,,,
USC00043491,2004,9,23,,,0.0,,,,,,,,,,,,,
USC00043491,2004,9,24,,,0.0,,,,,,,,,,,,,
USC00043491,2004,9,25,,,0.0,,,,,,,,,,,,,
USC00043491,2004,9,26,,,0.0,,,,,,,,,,,,,
USC00043491,2004,9,27,,,0.0,,,,,,,,,,,,,
USC00043491,2004,9,28,,,0.0,,,,,,,,,,,,,
USC00043491,2004,9,29,,,0.0,,,,,,,,,,,,,
USC00043491,2004,9,3,,,0.0,,,,,,,,,,,,,
USC00043491,2004,9,30,,,0.0,,,,,,,,,,,,,
USC00043491,2004,9,31,,,-9999.0,,,,,,,,,,,,,
USC00043491,2004,9,4,,,0.0,,,,,,,,,,,,,
USC00043491,2004,9,5,,,0.0,,,,,,,,,,,,,
USC00043491,2004,9,6,,,0.0,,,,,,,,,,,,,
USC00043491,2004,9,7,,,0.0,,,,,,,,,,,,,
USC00043491,2004,9,8,,,0.0,,,,,,,,,,,,,
USC00043491,2004,9,9,,,0.0,,,,,,,,,,,,,
USC00043491,2004,10,1,,,0.0,,,,,,,,,,,,,
USC00043491,2004,10,10,,,0.0,,,,,,,,,,,,,
USC00043491,2004,10,11,,,0.0,,,,,,,,,,,,,
USC00043491,2004,10,12,,,0.0,,,,,,,,,,,,,
USC00043491,2004,10,13,,,0.0,,,,,,,,,,,,,
USC00043491,2004,10,14,,,0.0,,,,,,,,,,,,,
USC00043491,2004,10,15,,,0.0,,,,,,,,,,,,,
USC00043491,2004,10,16,,,0.0,,,,,,,,,,,,,
USC00043491,2004,10,17,,,0.0,,,,,,,,,,,,,
USC00043491,2004,10,18,,,404.0,,,,,,,,,,,,,
USC00043491,2004,10,19,,,99.0,,,,,,,,,,,,,
USC00043491,2004,10,2,,,0.0,,,,,,,,,,,,,
USC00043491,2004,10,20,,,663.0,,,,,,,,,,,,,
USC00043491,2004,10,21,,,38.0,,,,,,,,,,,,,
USC00043491,2004,10,22,,,0.0,,,,,,,,,,,,,
USC00043491,2004,10,23,,,0.0,,,,,,,,,,,,,
USC00043491,2004,10,24,,,246.0,,,,,,,,,,,,,
USC00043491,2004,10,25,,,0.0,,,,,,,,,,,,,
USC00043491,2004,10,26,,,384.0,,,,,,,,,,,,,
USC00043491,2004,10,27,,,66.0,,,,,,,,,,,,,
USC00043491,2004,10,28,,,28.0,,,,,,,,,,,,,
USC00043491,2004,10,29,,,8.0,,,,,,,,,,,,,
USC00043491,2004,10,3,,,0.0,,,,,,,,,,,,,
USC00043491,2004,10,30,,,0.0,,,,,,,,,,,,,
USC00043491,2004,10,31,,,0.0,,,,,,,,,,,,,
USC00043491,2004,10,4,,,0.0,,,,,,,,,,,,,
USC00043491,2004,10,5,,,0.0,,,,,,,,,,,,,
USC00043491,2004,10,6,,,0.0,,,,,,,,,,,,,
USC00043491,2004,10,7,,,0.0,,,,,,,,,,,,,
USC00043491,2004,10,8,,,0.0,,,,,,,,,,,,,
USC00043491,2004,10,9,,,13.0,,,,,,,,,,,,,
USC00043491,2004,11,1,,,0.0,,,,,,,,,,,,,
USC00043491,2004,11,10,,,0.0,,,,,,,,,,,,,
USC00043491,2004,11,11,,,0.0,,,,,,,,,,,,,
USC00043491,2004,11,12,,,226.0,,,,,,,,,,,,,
USC00043491,2004,11,13,,,33.0,,,,,,,,,,,,,
USC00043491,2004,11,14,,,0.0,,,,,,,,,,,,,
USC00043491,2004,11,15,,,0.0,,,,,,,,,,,,,
USC00043491,2004,11,16,,,0.0,,,,,,,,,,,,,
USC00043491,2004,11,17,,,0.0,,,,,,,,,,,,,
USC00043491,2004,11,18,,,0.0,,,,,,,,,,,,,
USC00043491,2004,11,19,,,0.0,,,,,,,,,,,,,
USC00043491,2004,11,2,,,61.0,,,,,,,,,,,,,
USC00043491,2004,11,20,,,0.0,,,,,,,,,,,,,
USC00043491,2004,11,21,,,0.0,,,,,,,,,,,,,
USC00043491,2004,11,22,,,0.0,,,,,,,,,,,,,
USC00043491,2004,11,23,,,0.0,,,,,,,,,,,,,
USC00043491,2004,11,24,,,0.0,,,,,,,,,,,,,
USC00043491,2004,11,25,,,0.0,,,,,,,,,,,,,
USC00043491,2004,11,26,,,30.0,,,,,,,,,,,,,
USC00043491,2004,11,27,,,272.0,,,,,,,,,,,,,
USC00043491,2004,11,28,,,112.0,,,,,,,,,,,,,
USC00043491,2004,11,29,,,0.0,,,,,,,,,,,,,
USC00043491,2004,11,3,,,310.0,,,,,,,,,,,,,
USC00043491,2004,11,30,,,0.0,,,,,,,,,,,,,
USC00043491,2004,11,31,,,-9999.0,,,,,,,,,,,,,
USC00043491,2004,11,4,,,109.0,,,,,,,,,,,,,
USC00043491,2004,11,5,,,0.0,,,,,,,,,,,,,
USC00043491,2004,11,6,,,0.0,,,,,,,,,,,,,
USC00043491,2004,11,7,,,0.0,,,,,,,,,,,,,
USC00043491,2004,11,8,,,0.0,,,,,,,,,,,,,
USC00043491,2004,11,9,,,0.0,,,,,,,,,,,,,
USC00043491,2004,12,1,,,0.0,,,,,,,,,,,,,
USC00043491,2004,12,10,,,5.0,,,,,,,,,,,,,
USC00043491,2004,12,11,,,0.0,,,,,,,,,,,,,
USC00043491,2004,12,12,,,0.0,,,,,,,,,,,,,
USC00043491,2004,12,13,,,0.0,,,,,,,,,,,,,
USC00043491,2004,12,14,,,0.0,,,,,,,,,,,,,
USC00043491,2004,12,15,,,0.0,,,,,,,,,,,,,
USC00043491,2004,12,16,,,0.0,,,,,,,,,,,,,
USC00043491,2004,12,17,,,0.0,,,,,,,,,,,,,
USC00043491,2004,12,18,,,0.0,,,,,,,,,,,,,
USC00043491,2004,12,19,,,0.0,,,,,,,,,,,,,
USC00043491,2004,12,2,,,0.0,,,,,,,,,,,,,
USC00043491,2004,12,20,,,0.0,,,,,,,,,,,,,
USC00043491,2004,12,21,,,0.0,,,,,,,,,,,,,
USC00043491,2004,12,22,,,0.0,,,,,,,,,,,,,
USC00043491,2004,12,23,,,0.0,,,,,,,,,,,,,
USC00043491,2004,12,24,,,0.0,,,,,,,,,,,,,
USC00043491,2004,12,25,,,0.0,,,,,,,,,,,,,
USC00043491,2004,12,26,,,0.0,,,,,,,,,,,,,
USC00043491,2004,12,27,,,0.0,,,,,,,,,,,,,
USC00043491,2004,12,28,,,267.0,,,,,,,,,,,,,
USC00043491,2004,12,29,,,251.0,,,,,,,,,,,,,
USC00043491,2004,12,3,,,0.0,,,,,,,,,,,,,
USC00043491,2004,12,30,,,503.0,,,,,,,,,,,,,
USC00043491,2004,12,31,,,511.0,,,,,,,,,,,,,
USC00043491,2004,12,4,,,0.0,,,,,,,,,,,,,
USC00043491,2004,12,5,,,0.0,,,,,,,,,,,,,
USC00043491,2004,12,6,,,0.0,,,,,,,,,,,,,
USC00043491,2004,12,7,,,259.0,,,,,,,,,,,,,
USC00043491,2004,12,8,,,625.0,,,,,,,,,,,,,
USC00043491,2004,12,9,,,257.0,,,,,,,,,,,,,
USC00043491,2005,1,1,,,310.0,,,,,,,,,,,,,
USC00043491,2005,1,10,,,28.0,,,,,,,,,,,,,
USC00043491,2005,1,11,,,358.0,,,,,,,,,,,,,
USC00043491,2005,1,12,,,102.0,,,,,,,,,,,,,
USC00043491,2005,1,13,,,0.0,,,,,,,,,,,,,
USC00043491,2005,1,14,,,0.0,,,,,,,,,,,,,
USC00043491,2005,1,15,,,0.0,,,,,,,,,,,,,
USC00043491,2005,1,16,,,0.0,,,,,,,,,,,,,
USC00043491,2005,1,17,,,89.0,,,,,,,,,,,,,
USC00043491,2005,1,18,,,0.0,,,,,,,,,,,,,
USC00043491,2005,1,19,,,0.0,,,,,,,,,,,,,
USC00043491,2005,1,2,,,145.0,,,,,,,,,,,,,
USC00043491,2005,1,20,,,0.0,,,,,,,,,,,,,
USC00043491,2005,1,21,,,0.0,,,,,,,,,,,,,
USC00043491,2005,1,22,,,0.0,,,,,,,,,,,,,
USC00043491,2005,1,23,,,0.0,,,,,,,,,,,,,
USC00043491,2005,1,24,,,0.0,,,,,,,,,,,,,
USC00043491,2005,1,25,,,36.0,,,,,,,,,,,,,
USC00043491,2005,1,26,,,0.0,,,,,,,,,,,,,
USC00043491,2005,1,27,,,251.0,,,,,,,,,,,,,
USC00043491,2005,1,28,,,188.0,,,,,,,,,,,,,
USC00043491,2005,1,29,,,46.0,,,,,,,,,,,,,
USC00043491,2005,1,3,,,112.0,,,,,,,,,,,,,
USC00043491,2005,1,30,,,0.0,,,,,,,,,,,,,
USC00043491,2005,1,31,,,0.0,,,,,,,,,,,,,
USC00043491,2005,1,4,,,5.0,,,,,,,,,,,,,
USC00043491,2005,1,5,,,0.0,,,,,,,,,,,,,
USC00043491,2005,1,6,,,0.0,,,,,,,,,,,,,
USC00043491,2005,1,7,,,97.0,,,,,,,,,,,,,
USC00043491,2005,1,8,,,521.0,,,,,,,,,,,,,
USC00043491,2005,1,9,,,246.0,,,,,,,,,,,,,
USC00043491,2005,2,1,,,0.0,,,,,,,,,,,,,
USC00043491,2005,2,10,,,0.0,,,,,,,,,,,,,
USC00043491,2005,2,11,,,0.0,,,,,,,,,,,,,
USC00043491,2005,2,12,,,13.0,,,,,,,,,,,,,
USC00043491,2005,2,13,,,114.0,,,,,,,,,,,,,
USC00043491,2005,2,14,,,13.0,,,,,,,,,,,,,
USC00043491,2005,2,15,,,114.0,,,,,,,,,,,,,
USC00043491,2005,2,16,,,145.0,,,,,,,,,,,,,
USC00043491,2005,2,17,,,23.0,,,,,,,,,,,,,
USC00043491,2005,2,18,,,0.0,,,,,,,,,,,,,
USC00043491,2005,2,19,,,76.0,,,,,,,,,,,,,
USC00043491,2005,2,2,,,0.0,,,,,,,,,,,,,
USC00043491,2005,2,20,,,399.0,,,,,,,,,,,,,
USC00043491,2005,2,21,,,91.0,,,,,,,,,,,,,
USC00043491,2005,2,22,,,81.0,,,,,,,,,,,,,
USC00043491,2005,2,23,,,0.0,,,,,,,,,,,,,
USC00043491,2005,2,24,,,0.0,,,,,,,,,,,,,
USC00043491,2005,2,25,,,0.0,,,,,,,,,,,,,
USC00043491,2005,2,26,,,0.0,,,,,,,,,,,,,
USC00043491,2005,2,27,,,0.0,,,,,,,,,,,,,
USC00043491,2005,2,28,,,292.0,,,,,,,,,,,,,
USC00043491,2005,2,29,,,-9999.0,,,,,,,,,,,,,
USC00043491,2005,2,3,,,0.0,,,,,,,,,,,,,
USC00043491,2005,2,30,,,-9999.0,,,,,,,,,,,,,
USC00043491,2005,2,31,,,-9999.0,,,,,,,,,,,,,
USC00043491,2005,2,4,,,0.0,,,,,,,,,,,,,
USC00043491,2005,2,5,,,0.0,,,,,,,,,,,,,
USC00043491,2005,2,6,,,0.0,,,,,,,,,,,,,
USC00043491,2005,2,7,,,0.0,,,,,,,,,,,,,
USC00043491,2005,2,8,,,61.0,,,,,,,,,,,,,
USC00043491,2005,2,9,,,0.0,,,,,,,,,,,,,
USC00043491,2005,3,1,,,0.0,,,,,,,,,,,,,
USC00043491,2005,3,10,,,0.0,,,,,,,,,,,,,
USC00043491,2005,3,11,,,0.0,,,,,,,,,,,,,
USC00043491,2005,3,12,,,0.0,,,,,,,,,,,,,
USC00043491,2005,3,13,,,0.0,,,,,,,,,,,,,
USC00043491,2005,3,14,,,0.0,,,,,,,,,,,,,
USC00043491,2005,3,15,,,0.0,,,,,,,,,,,,,
USC00043491,2005,3,16,,,0.0,,,,,,,,,,,,,
USC00043491,2005,3,17,,,0.0,,,,,,,,,,,,,
USC00043491,2005,3,18,,,0.0,,,,,,,,,,,,,
USC00043491,2005,3,19,,,0.0,,,,,,,,,,,,,
USC00043491,2005,3,2,,,373.0,,,,,,,,,,,,,
USC00043491,2005,3,20,,,452.0,,,,,,,,,,,,,
USC00043491,2005,3,21,,,330.0,,,,,,,,,,,,,
USC00043491,2005,3,22,,,338.0,,,,,,,,,,,,,
USC00043491,2005,3,23,,,610.0,,,,,,,,,,,,,
USC00043491,2005,3,24,,,239.0,,,,,,,,,,,,,
USC00043491,2005,3,25,,,48.0,,,,,,,,,,,,,
USC00043491,2005,3,26,,,0.0,,,,,,,,,,,,,
USC00043491,2005,3,27,,,0.0,,,,,,,,,,,,,
USC00043491,2005,3,28,,,368.0,,,,,,,,,,,,,
USC00043491,2005,3,29,,,130.0,,,,,,,,,,,,,
USC00043491,2005,3,3,,,0.0,,,,,,,,,,,,,
USC00043491,2005,3,30,,,157.0,,,,,,,,,,,,,
USC00043491,2005,3,31,,,0.0,,,,,,,,,,,,,
USC00043491,2005,3,4,,,53.0,,,,,,,,,,,,,
USC00043491,2005,3,5,,,0.0,,,,,,,,,,,,,
USC00043491,2005,3,6,,,0.0,,,,,,,,,,,,,
USC00043491,2005,3,7,,,0.0,,,,,,,,,,,,,
USC00043491,2005,3,8,,,0.0,,,,,,,,,,,,,
USC00043491,2005,3,9,,,0.0,,,,,,,,,,,,,
USC00043491,2005,4,1,-9999.0,-9999.0,0.0,,,,,,,,,,,,,
USC00043491,2005,4,10,-9999.0,-9999.0,0.0,,,,,,,,,,,,,
USC00043491,2005,4,11,-9999.0,-9999.0,0.0,,,,,,,,,,,,,
USC00043491,2005,4,12,-9999.0,-9999.0,0.0,,,,,,,,,,,,,
USC00043491,2005,4,13,-9999.0,-9999.0,0.0,,,,,,,,,,,,,
USC00043491,2005,4,14,-9999.0,-9999.0,0.0,,,,,,,,,,,,,
USC00043491,2005,4,15,-9999.0,-9999.0,0.0,,,,,,,,,,,,,
USC00043491,2005,4,16,-9999.0,-9999.0,0.0,,,,,,,,,,,,,
USC00043491,2005,4,17,-9999.0,-9999.0,0.0,,,,,,,,,,,,,
USC00043491,2005,4,18,-9999.0,-9999.0,41.0,,,,,,,,,,,,,
USC00043491,2005,4,19,-9999.0,-9999.0,0.0,,,,,,,,,,,,,
USC00043491,2005,4,2,-9999.0,-9999.0,0.0,,,,,,,,,,,,,
USC00043491,2005,4,20,-9999.0,-9999.0,23.0,,,,,,,,,,,,,
USC00043491,2005,4,21,-9999.0,-9999.0,0.0,,,,,,,,,,,,,
USC00043491,2005,4,22,-9999.0,-9999.0,0.0,,,,,,,,,,,,,
USC00043491,2005,4,23,-9999.0,-9999.0,91.0,,,,,,,,,,,,,
USC00043491,2005,4,24,-9999.0,-9999.0,61.0,,,,,,,,,,,,,
USC00043491,2005,4,25,-9999.0,-9999.0,0.0,,,,,,,,,,,,,
USC00043491,2005,4,26,-9999.0,-9999.0,0.0,,,,,,,,,,,,,
USC00043491,2005,4,27,-9999.0,-9999.0,155.0,,,,,,,,,,,,,
USC00043491,2005,4,28,-9999.0,-9999.0,8.0,,,,,,,,,,,,,
USC00043491,2005,4,29,-9999.0,-9999.0,38.0,,,,,,,,,,,,,
USC00043491,2005,4,3,-9999.0,-9999.0,0.0,,,,,,,,,,,,,
USC00043491,2005,4,30,-9999.0,-9999.0,0.0,,,,,,,,,,,,,
USC00043491,2005,4,31,-9999.0,-9999.0,-9999.0,,,,,,,,,,,,,
USC00043491,2005,4,4,-9999.0,-9999.0,221.0,,,,,,,,,,,,,
USC00043491,2005,4,5,-9999.0,-9999.0,-9999.0,,,,,,,,,,,,,
USC00043491,2005,4,6,-9999.0,-9999.0,-9999.0,,,,,,,,,,,,,
USC00043491,2005,4,7,-9999.0,-9999.0,-9999.0,,,,,,,,,,,,,
USC00043491,2005,4,8,-9999.0,-9999.0,-9999.0,,,,,,,,,,,,,
USC00043491,2005,4,9,5.0,368.0,-9999.0,,,,,,,,,,,,,
USC00043491,2005,5,1,,,0.0,,,,,,,,,,,,,
USC00043491,2005,5,10,,,33.0,,,,,,,,,,,,,
USC00043491,2005,5,11,,,43.0,,,,,,,,,,,,,
USC00043491,2005,5,12,,,0.0,,,,,,,,,,,,,
USC00043491,2005,5,13,,,0.0,,,,,,,,,,,,,
USC00043491,2005,5,14,,,0.0,,,,,,,,,,,,,
USC00043491,2005,5,15,,,0.0,,,,,,,,,,,,,
USC00043491,2005,5,16,,,282.0,,,,,,,,,,,,,
USC00043491,2005,5,17,,,71.0,,,,,,,,,,,,,
USC00043491,2005,5,18,,,107.0,,,,,,,,,,,,,
USC00043491,2005,5,19,,,815.0,,,,,,,,,,,,,
USC00043491,2005,5,2,,,0.0,,,,,,,,,,,,,
USC00043491,2005,5,20,,,91.0,,,,,,,,,,,,,
USC00043491,2005,5,21,,,28.0,,,,,,,,,,,,,
USC00043491,2005,5,22,,,0.0,,,,,,,,,,,,,
USC00043491,2005,5,23,,,0.0,,,,,,,,,,,,,
USC00043491,2005,5,24,,,0.0,,,,,,,,,,,,,
USC00043491,2005,5,25,,,0.0,,,,,,,,,,,,,
USC00043491,2005,5,26,,,0.0,,,,,,,,,,,,,
USC00043491,2005,5,27,,,0.0,,,,,,,,,,,,,
USC00043491,2005,5,28,,,0.0,,,,,,,,,,,,,
USC00043491,2005,5,29,,,0.0,,,,,,,,,,,,,
USC00043491,2005,5,3,,,0.0,,,,,,,,,,,,,
USC00043491,2005,5,30,,,0.0,,,,,,,,,,,,,
USC00043491,2005,5,31,,,0.0,,,,,,,,,,,,,
USC00043491,2005,5,4,,,0.0,,,,,,,,,,,,,
USC00043491,2005,5,5,,,69.0,,,,,,,,,,,,,
USC00043491,2005,5,6,,,348.0,,,,,,,,,,,,,
USC00043491,2005,5,7,,,10.0,,,,,,,,,,,,,
USC00043491,2005,5,8,,,8.0,,,,,,,,,,,,,
USC00043491,2005,5,9,,,475.0,,,,,,,,,,,,,
USC00043491,2005,6,1,,,0.0,,,,,,,,,,,,,
USC00043491,2005,6,10,,,0.0,,,,,,,,,,,,,
USC00043491,2005,6,11,,,0.0,,,,,,,,,,,,,
USC00043491,2005,6,12,,,0.0,,,,,,,,,,,,,
USC00043491,2005,6,13,,,0.0,,,,,,,,,,,,,
USC00043491,2005,6,14,,,0.0,,,,,,,,,,,,,
USC00043491,2005,6,15,,,0.0,,,,,,,,,,,,,
USC00043491,2005,6,16,,,160.0,,,,,,,,,,,,,
USC00043491,2005,6,17,,,89.0,,,,,,,,,,,,,
USC00043491,2005,6,18,,,0.0,,,,,,,,,,,,,
USC00043491,2005,6,19,,,0.0,,,,,,,,,,,,,
USC00043491,2005,6,2,,,0.0,,,,,,,,,,,,,
USC00043491,2005,6,20,,,0.0,,,,,,,,,,,,,
USC00043491,2005,6,21,,,0.0,,,,,,,,,,,,,
USC00043491,2005,6,22,,,0.0,,,,,,,,,,,,,
USC00043491,2005,6,23,,,0.0,,,,,,,,,,,,,
USC00043491,2005,6,24,,,0.0,,,,,,,,,,,,,
USC00043491,2005,6,25,,,0.0,,,,,,,,,,,,,
USC00043491,2005,6,26,,,0.0,,,,,,,,,,,,,
USC00043491,2005,6,27,,,0.0,,,,,,,,,,,,,
USC00043491,2005,6,28,,,0.0,,,,,,,,,,,,,
USC00043491,2005,6,29,,,0.0,,,,,,,,,,,,,
USC00043491,2005,6,3,,,0.0,,,,,,,,,,,,,
USC00043491,2005,6,30,,,0.0,,,,,,,,,,,,,
USC00043491,2005,6,31,,,-9999.0,,,,,,,,,,,,,
USC00043491,2005,6,4,,,0.0,,,,,,,,,,,,,
USC00043491,2005,6,5,,,0.0,,,,,,,,,,,,,
USC00043491,2005,6,6,,,0.0,,,,,,,,,,,,,
USC00043491,2005,6,7,,,15.0,,,,,,,,,,,,,
USC00043491,2005,6,8,,,135.0,,,,,,,,,,,,,
USC00043491,2005,6,9,,,422.0,,,,,,,,,,,,,
USC00043491,2005,7,1,,,0.0,,,,,,,,,,,,,
USC00043491,2005,7,10,,,0.0,,,,,,,,,,,,,
USC00043491,2005,7,11,,,0.0,,,,,,,,,,,,,
USC00043491,2005,7,12,,,0.0,,,,,,,,,,,,,
USC00043491,2005,7,13,,,0.0,,,,,,,,,,,,,
USC00043491,2005,7,14,,,0.0,,,,,,,,,,,,,
USC00043491,2005,7,15,,,0.0,,,,,,,,,,,,,
USC00043491,2005,7,16,,,0.0,,,,,,,,,,,,,
USC00043491,2005,7,17,,,0.0,,,,,,,,,,,,,
USC00043491,2005,7,18,,,0.0,,,,,,,,,,,,,
USC00043491,2005,7,19,,,0.0,,,,,,,,,,,,,
USC00043491,2005,7,2,,,0.0,,,,,,,,,,,,,
USC00043491,2005,7,20,,,0.0,,,,,,,,,,,,,
USC00043491,2005,7,21,,,0.0,,,,,,,,,,,,,
USC00043491,2005,7,22,,,0.0,,,,,,,,,,,,,
USC00043491,2005,7,23,,,0.0,,,,,,,,,,,,,
USC00043491,2005,7,24,,,0.0,,,,,,,,,,,,,
USC00043491,2005,7,25,,,0.0,,,,,,,,,,,,,
USC00043491,2005,7,26,,,0.0,,,,,,,,,,,,,
USC00043491,2005,7,27,,,0.0,,,,,,,,,,,,,
USC00043491,2005,7,28,,,0.0,,,,,,,,,,,,,
USC00043491,2005,7,29,,,0.0,,,,,,,,,,,,,
USC00043491,2005,7,3,,,0.0,,,,,,,,,,,,,
USC00043491,2005,7,30,,,0.0,,,,,,,,,,,,,
USC00043491,2005,7,31,,,0.0,,,,,,,,,,,,,
USC00043491,2005,7,4,,,0.0,,,,,,,,,,,,,
USC00043491,2005,7,5,,,0.0,,,,,,,,,,,,,
USC00043491,2005,7,6,,,0.0,,,,,,,,,,,,,
USC00043491,2005,7,7,,,0.0,,,,,,,,,,,,,
USC00043491,2005,7,8,,,0.0,,,,,,,,,,,,,
USC00043491,2005,7,9,,,0.0,,,,,,,,,,,,,
USC00043491,2005,8,1,,,0.0,,,,,,,,,,,,,
USC00043491,2005,8,10,,,0.0,,,,,,,,,,,,,
USC00043491,2005,8,11,,,0.0,,,,,,,,,,,,,
USC00043491,2005,8,12,,,0.0,,,,,,,,,,,,,
USC00043491,2005,8,13,,,0.0,,,,,,,,,,,,,
USC00043491,2005,8,14,,,0.0,,,,,,,,,,,,,
USC00043491,2005,8,15,,,0.0,,,,,,,,,,,,,
USC00043491,2005,8,16,,,0.0,,,,,,,,,,,,,
USC00043491,2005,8,17,,,0.0,,,,,,,,,,,,,
USC00043491,2005,8,18,,,0.0,,,,,,,,,,,,,
USC00043491,2005,8,19,,,0.0,,,,,,,,,,,,,
USC00043491,2005,8,2,,,0.0,,,,,,,,,,,,,
USC00043491,2005,8,20,,,0.0,,,,,,,,,,,,,
USC00043491,2005,8,21,,,0.0,,,,,,,,,,,,,
USC00043491,2005,8,22,,,0.0,,,,,,,,,,,,,
USC00043491,2005,8,23,,,0.0,,,,,,,,,,,,,
USC00043491,2005,8,24,,,0.0,,,,,,,,,,,,,
USC00043491,2005,8,25,,,0.0,,,,,,,,,,,,,
USC00043491,2005,8,26,,,0.0,,,,,,,,,,,,,
USC00043491,2005,8,27,,,0.0,,,,,,,,,,,,,
USC00043491,2005,8,28,,,0.0,,,,,,,,,,,,,
USC00043491,2005,8,29,,,0.0,,,,,,,,,,,,,
USC00043491,2005,8,3,,,0.0,,,,,,,,,,,,,
USC00043491,2005,8,30,,,0.0,,,,,,,,,,,,,
USC00043491,2005,8,31,,,0.0,,,,,,,,,,,,,
USC00043491,2005,8,4,,,0.0,,,,,,,,,,,,,
USC00043491,2005,8,5,,,0.0,,,,,,,,,,,,,
USC00043491,2005,8,6,,,0.0,,,,,,,,,,,,,
USC00043491,2005,8,7,,,0.0,,,,,,,,,,,,,
USC00043491,2005,8,8,,,0.0,,,,,,,,,,,,,
USC00043491,2005,8,9,,,0.0,,,,,,,,,,,,,
USC00043491,2005,9,1,,,0.0,,,,,,,,,,,,,
USC00043491,2005,9,10,,,0.0,,,,,,,,,,,,,
USC00043491,2005,9,11,,,0.0,,,,,,,,,,,,,
USC00043491,2005,9,12,,,0.0,,,,,,,,,,,,,
USC00043491,2005,9,13,,,0.0,,,,,,,,,,,,,
USC00043491,2005,9,14,,,0.0,,,,,,,,,,,,,
USC00043491,2005,9,15,,,0.0,,,,,,,,,,,,,
USC00043491,2005,9,16,,,0.0,,,,,,,,,,,,,
USC00043491,2005,9,17,,,0.0,,,,,,,,,,,,,
USC00043491,2005,9,18,,,0.0,,,,,,,,,,,,,
USC00043491,2005,9,19,,,0.0,,,,,,,,,,,,,
USC00043491,2005,9,2,,,0.0,,,,,,,,,,,,,
USC00043491,2005,9,20,,,0.0,,,,,,,,,,,,,
USC00043491,2005,9,21,,,0.0,,,,,,,,,,,,,
USC00043491,2005,9,22,,,0.0,,,,,,,,,,,,,
USC00043491,2005,9,23,,,0.0,,,,,,,,,,,,,
USC00043491,2005,9,24,,,0.0,,,,,,,,,,,,,
USC00043491,2005,9,25,,,0.0,,,,,,,,,,,,,
USC00043491,2005,9,26,,,0.0,,,,,,,,,,,,,
USC00043491,2005,9,27,,,348.0,,,,,,,,,,,,,
USC00043491,2005,9,28,,,0.0,,,,,,,,,,,,,
USC00043491,2005,9,29,,,0.0,,,,,,,,,,,,,
USC00043491,2005,9,3,,,0.0,,,,,,,,,,,,,
USC00043491,2005,9,30,,,0.0,,,,,,,,,,,,,
USC00043491,2005,9,31,,,-9999.0,,,,,,,,,,,,,
USC00043491,2005,9,4,,,0.0,,,,,,,,,,,,,
USC00043491,2005,9,5,,,0.0,,,,,,,,,,,,,
USC00043491,2005,9,6,,,0.0,,,,,,,,,,,,,
USC00043491,2005,9,7,,,0.0,,,,,,,,,,,,,
USC00043491,2005,9,8,,,0.0,,,,,,,,,,,,,
USC00043491,2005,9,9,,,0.0,,,,,,,,,,,,,
USC00043491,2005,10,1,,,0.0,,,,,,,,,,,,,
USC00043491,2005,10,10,,,0.0,,,,,,,,,,,,,
USC00043491,2005,10,11,,,0.0,,,,,,,,,,,,,
USC00043491,2005,10,12,,,0.0,,,,,,,,,,,,,
USC00043491,2005,10,13,,,0.0,,,,,,,,,,,,,
USC00043491,2005,10,14,,,0.0,,,,,,,,,,,,,
USC00043491,2005,10,15,,,132.0,,,,,,,,,,,,,
USC00043491,2005,10,16,,,0.0,,,,,,,,,,,,,
USC00043491,2005,10,17,,,0.0,,,,,,,,,,,,,
USC00043491,2005,10,18,,,0.0,,,,,,,,,,,,,
USC00043491,2005,10,19,,,0.0,,,,,,,,,,,,,
USC00043491,2005,10,2,,,0.0,,,,,,,,,,,,,
USC00043491,2005,10,20,,,0.0,,,,,,,,,,,,,
USC00043491,2005,10,21,,,0.0,,,,,,,,,,,,,
USC00043491,2005,10,22,,,0.0,,,,,,,,,,,,,
USC00043491,2005,10,23,,,0.0,,,,,,,,,,,,,
USC00043491,2005,10,24,,,0.0,,,,,,,,,,,,,
USC00043491,2005,10,25,,,0.0,,,,,,,,,,,,,
USC00043491,2005,10,26,,,0.0,,,,,,,,,,,,,
USC00043491,2005,10,27,,,140.0,,,,,,,,,,,,,
USC00043491,2005,10,28,,,5.0,,,,,,,,,,,,,
USC00043491,2005,10,29,,,99.0,,,,,,,,,,,,,
USC00043491,2005,10,3,,,0.0,,,,,,,,,,,,,
USC00043491,2005,10,30,,,0.0,,,,,,,,,,,,,
USC00043491,2005,10,31,,,0.0,,,,,,,,,,,,,
USC00043491,2005,10,4,,,0.0,,,,,,,,,,,,,
USC00043491,2005,10,5,,,0.0,,,,,,,,,,,,,
USC00043491,2005,10,6,,,0.0,,,,,,,,,,,,,
USC00043491,2005,10,7,,,0.0,,,,,,,,,,,,,
USC00043491,2005,10,8,,,0.0,,,,,,,,,,,,,
USC00043491,2005,10,9,,,0.0,,,,,,,,,,,,,
USC00043491,2005,11,1,,,0.0,,,,,,,,,,,,,
USC00043491,2005,11,10,,,0.0,,,,,,,,,,,,,
USC00043491,2005,11,11,,,0.0,,,,,,,,,,,,,
USC00043491,2005,11,12,,,0.0,,,,,,,,,,,,,
USC00043491,2005,11,13,,,0.0,,,,,,,,,,,,,
USC00043491,2005,11,14,,,0.0,,,,,,,,,,,,,
USC00043491,2005,11,15,,,0.0,,,,,,,,,,,,,
USC00043491,2005,11,16,,,0.0,,,,,,,,,,,,,
USC00043491,2005,11,17,,,0.0,,,,,,,,,,,,,
USC00043491,2005,11,18,,,0.0,,,,,,,,,,,,,
USC00043491,2005,11,19,,,0.0,,,,,,,,,,,,,
USC00043491,2005,11,2,,,0.0,,,,,,,,,,,,,
USC00043491,2005,11,20,,,0.0,,,,,,,,,,,,,
USC00043491,2005,11,21,,,0.0,,,,,,,,,,,,,
USC00043491,2005,11,22,,,0.0,,,,,,,,,,,,,
USC00043491,2005,11,23,,,0.0,,,,,,,,,,,,,
USC00043491,2005,11,24,,,46.0,,,,,,,,,,,,,
USC00043491,2005,11,25,,,422.0,,,,,,,,,,,,,
USC00043491,2005,11,26,,,0.0,,,,,,,,,,,,,
USC00043491,2005,11,27,,,0.0,,,,,,,,,,,,,
USC00043491,2005,11,28,,,0.0,,,,,,,,,,,,,
USC00043491,2005,11,29,,,284.0,,,,,,,,,,,,,
USC00043491,2005,11,3,,,0.0,,,,,,,,,,,,,
USC00043491,2005,11,30,,,0.0,,,,,,,,,,,,,
USC00043491,2005,11,31,,,-9999.0,,,,,,,,,,,,,
USC00043491,2005,11,4,,,358.0,,,,,,,,,,,,,
USC00043491,2005,11,5,,,0.0,,,,,,,,,,,,,
USC00043491,2005,11,6,,,0.0,,,,,,,,,,,,,
USC00043491,2005,11,7,,,0.0,,,,,,,,,,,,,
USC00043491,2005,11,8,,,0.0,,,,,,,,,,,,,
USC00043491,2005,11,9,,,89.0,,,,,,,,,,,,,
USC00043491,2005,12,1,,,246.0,,,,,,,,,,,,,
USC00043491,2005,12,10,,,0.0,,,,,,,,,,,,,
USC00043491,2005,12,11,,,0.0,,,,,,,,,,,,,
USC00043491,2005,12,12,,,0.0,,,,,,,,,,,,,
USC00043491,2005,12,13,,,0.0,,,,,,,,,,,,,
USC00043491,2005,12,14,,,0.0,,,,,,,,,,,,,
USC00043491,2005,12,15,,,0.0,,,,,,,,,,,,,
USC00043491,2005,12,16,,,0.0,,,,,,,,,,,,,
USC00043491,2005,12,17,,,0.0,,,,,,,,,,,,,
USC00043491,2005,12,18,,,320.0,,,,,,,,,,,,,
USC00043491,2005,12,19,,,556.0,,,,,,,,,,,,,
USC00043491,2005,12,2,,,942.0,,,,,,,,,,,,,
USC00043491,2005,12,20,,,5.0,,,,,,,,,,,,,
USC00043491,2005,12,21,,,244.0,,,,,,,,,,,,,
USC00043491,2005,12,22,,,729.0,,,,,,,,,,,,,
USC00043491,2005,12,23,,,561.0,,,,,,,,,,,,,
USC00043491,2005,12,24,,,0.0,,,,,,,,,,,,,
USC00043491,2005,12,25,,,0.0,,,,,,,,,,,,,
USC00043491,2005,12,26,,,777.0,,,,,,,,,,,,,
USC00043491,2005,12,27,,,0.0,,,,,,,,,,,,,
USC00043491,2005,12,28,,,701.0,,,,,,,,,,,,,
USC00043491,2005,12,29,,,318.0,,,,,,,,,,,,,
USC00043491,2005,12,3,,,0.0,,,,,,,,,,,,,
USC00043491,2005,12,30,,,157.0,,,,,,,,,,,,,
USC00043491,2005,12,31,,,1819.0,,,,,,,,,,,,,
USC00043491,2005,12,4,,,0.0,,,,,,,,,,,,,
USC00043491,2005,12,5,,,0.0,,,,,,,,,,,,,
USC00043491,2005,12,6,,,0.0,,,,,,,,,,,,,
USC00043491,2005,12,7,,,0.0,,,,,,,,,,,,,
USC00043491,2005,12,8,,,56.0,,,,,,,,,,,,,
USC00043491,2005,12,9,,,0.0,,,,,,,,,,,,,
USC00043491,2006,1,1,,,193.0,,,,,,,,,,,,,
USC00043491,2006,1,10,,,0.0,,,,,,,,,,,,,
USC00043491,2006,1,11,,,104.0,,,,,,,,,,,,,
USC00043491,2006,1,12,,,53.0,,,,,,,,,,,,,
USC00043491,2006,1,13,,,0.0,,,,,,,,,,,,,
USC00043491,2006,1,14,,,117.0,,,,,,,,,,,,,
USC00043491,2006,1,15,,,305.0,,,,,,,,,,,,,
USC00043491,2006,1,16,,,0.0,,,,,,,,,,,,,
USC00043491,2006,1,17,,,0.0,,,,,,,,,,,,,
USC00043491,2006,1,18,,,251.0,,,,,,,,,,,,,
USC00043491,2006,1,19,,,127.0,,,,,,,,,,,,,
USC00043491,2006,1,2,,,371.0,,,,,,,,,,,,,
USC00043491,2006,1,20,,,5.0,,,,,,,,,,,,,
USC00043491,2006,1,21,,,0.0,,,,,,,,,,,,,
USC00043491,2006,1,22,,,0.0,,,,,,,,,,,,,
USC00043491,2006,1,23,,,0.0,,,,,,,,,,,,,
USC00043491,2006,1,24,,,0.0,,,,,,,,,,,,,
USC00043491,2006,1,25,,,0.0,,,,,,,,,,,,,
USC00043491,2006,1,26,,,71.0,,,,,,,,,,,,,
USC00043491,2006,1,27,,,81.0,,,,,,,,,,,,,
USC00043491,2006,1,28,,,53.0,,,,,,,,,,,,,
USC00043491,2006,1,29,,,320.0,,,,,,,,,,,,,
USC00043491,2006,1,3,,,196.0,,,,,,,,,,,,,
USC00043491,2006,1,30,,,15.0,,,,,,,,,,,,,
USC00043491,2006,1,31,,,333.0,,,,,,,,,,,,,
USC00043491,2006,1,4,,,18.0,,,,,,,,,,,,,
USC00043491,2006,1,5,,,0.0,,,,,,,,,,,,,
USC00043491,2006,1,6,,,0.0,,,,,,,,,,,,,
USC00043491,2006,1,7,,,74.0,,,,,,,,,,,,,
USC00043491,2006,1,8,,,5.0,,,,,,,,,,,,,
USC00043491,2006,1,9,,,0.0,,,,,,,,,,,,,
USC00043491,2006,2,1,,,20.0,0.0,0.0,,,,,-9999.0,,-9999.0,,,,
USC00043491,2006,2,10,,,0.0,0.0,0.0,,,,,-9999.0,,-9999.0,,,,
USC00043491,2006,2,11,,,0.0,0.0,0.0,,,,,-9999.0,,-9999.0,,,,
USC00043491,2006,2,12,,,0.0,0.0,0.0,,,,,-9999.0,,-9999.0,,,,
USC00043491,2006,2,13,,,0.0,0.0,0.0,,,,,-9999.0,,-9999.0,,,,
USC00043491,2006,2,14,,,0.0,0.0,0.0,,,,,-9999.0,,-9999.0,,,,
USC00043491,2006,2,15,,,0.0,0.0,0.0,,,,,-9999.0,,-9999.0,,,,
USC00043491,2006,2,16,,,0.0,0.0,0.0,,,,,-9999.0,,-9999.0,,,,
USC00043491,2006,2,17,,,0.0,0.0,0.0,,,,,-9999.0,,-9999.0,,,,
USC00043491,2006,2,18,,,170.0,216.0,229.0,,,,,-9999.0,,-9999.0,,,,
USC00043491,2006,2,19,,,0.0,0.0,-9999.0,,,,,-9999.0,,-9999.0,,,,
USC00043491,2006,2,2,,,648.0,0.0,0.0,,,,,-9999.0,,-9999.0,,,,
USC00043491,2006,2,20,,,0.0,0.0,-9999.0,,,,,-9999.0,,-9999.0,,,,
USC00043491,2006,2,21,,,0.0,0.0,-9999.0,,,,,-9999.0,,-9999.0,,,,
USC00043491,2006,2,22,,,0.0,0.0,-9999.0,,,,,-9999.0,,-9999.0,,,,
USC00043491,2006,2,23,,,0.0,0.0,-9999.0,,,,,-9999.0,,-9999.0,,,,
USC00043491,2006,2,24,,,0.0,0.0,-9999.0,,,,,-9999.0,,-9999.0,,,,
USC00043491,2006,2,25,,,0.0,0.0,0.0,,,,,-9999.0,,-9999.0,,,,
USC00043491,2006,2,26,,,0.0,0.0,0.0,,,,,-9999.0,,-9999.0,,,,
USC00043491,2006,2,27,,,384.0,0.0,0.0,,,,,-9999.0,,-9999.0,,,,
USC00043491,2006,2,28,,,881.0,0.0,0.0,,,,,1.0,,1.0,,,,
USC00043491,2006,2,29,,,-9999.0,-9999.0,-9999.0,,,,,-9999.0,,-9999.0,,,,
USC00043491,2006,2,3,,,0.0,0.0,0.0,,,,,-9999.0,,-9999.0,,,,
USC00043491,2006,2,30,,,-9999.0,-9999.0,-9999.0,,,,,-9999.0,,-9999.0,,,,
USC00043491,2006,2,31,,,-9999.0,-9999.0,-9999.0,,,,,-9999.0,,-9999.0,,,,
USC00043491,2006,2,4,,,191.0,0.0,0.0,,,,,-9999.0,,-9999.0,,,,
USC00043491,2006,2,5,,,0.0,0.0,0.0,,,,,-9999.0,,-9999.0,,,,
USC00043491,2006,2,6,,,0.0,0.0,0.0,,,,,-9999.0,,-9999.0,,,,
USC00043491,2006,2,7,,,0.0,0.0,0.0,,,,,-9999.0,,-9999.0,,,,
USC00043491,2006,2,8,,,0.0,0.0,0.0,,,,,-9999.0,,-9999.0,,,,
USC00043491,2006,2,9,,,0.0,0.0,0.0,,,,,-9999.0,,-9999.0,,,,
USC00043491,2006,3,1,,,79.0,,,,,,,,,,,,,
USC00043491,2006,3,10,,,104.0,,,,,,,,,,,,,
USC00043491,2006,3,11,,,64.0,,,,,,,,,,,,,
USC00043491,2006,3,12,,,51.0,,,,,,,,,,,,,
USC00043491,2006,3,13,,,132.0,,,,,,,,,,,,,
USC00043491,2006,3,14,,,185.0,,,,,,,,,,,,,
USC00043491,2006,3,15,,,142.0,,,,,,,,,,,,,
USC00043491,2006,3,16,,,15.0,,,,,,,,,,,,,
USC00043491,2006,3,17,,,251.0,,,,,,,,,,,,,
USC00043491,2006,3,18,,,23.0,,,,,,,,,,,,,
USC00043491,2006,3,19,,,0.0,,,,,,,,,,,,,
USC00043491,2006,3,2,,,193.0,,,,,,,,,,,,,
USC00043491,2006,3,20,,,203.0,,,,,,,,,,,,,
USC00043491,2006,3,21,,,0.0,,,,,,,,,,,,,
USC00043491,2006,3,22,,,0.0,,,,,,,,,,,,,
USC00043491,2006,3,23,,,0.0,,,,,,,,,,,,,
USC00043491,2006,3,24,,,0.0,,,,,,,,,,,,,
USC00043491,2006,3,25,,,434.0,,,,,,,,,,,,,
USC00043491,2006,3,26,,,137.0,,,,,,,,,,,,,
USC00043491,2006,3,27,,,0.0,,,,,,,,,,,,,
USC00043491,2006,3,28,,,71.0,,,,,,,,,,,,,
USC00043491,2006,3,29,,,295.0,,,,,,,,,,,,,
USC00043491,2006,3,3,,,64.0,,,,,,,,,,,,,
USC00043491,2006,3,30,,,48.0,,,,,,,,,,,,,
USC00043491,2006,3,31,,,236.0,,,,,,,,,,,,,
USC00043491,2006,3,4,,,0.0,,,,,,,,,,,,,
USC00043491,2006,3,5,,,0.0,,,,,,,,,,,,,
USC00043491,2006,3,6,,,307.0,,,,,,,,,,,,,
USC00043491,2006,3,7,,,305.0,,,,,,,,,,,,,
USC00043491,2006,3,8,,,25.0,,,,,,,,,,,,,
USC00043491,2006,3,9,,,58.0,,,,,,,,,,,,,
USC00043491,2006,4,1,,,315.0,,,,,,,,,,,,,
USC00043491,2006,4,10,,,173.0,,,,,,,,,,,,,
USC00043491,2006,4,11,,,28.0,,,,,,,,,,,,,
USC00043491,2006,4,12,,,226.0,,,,,,,,,,,,,
USC00043491,2006,4,13,,,30.0,,,,,,,,,,,,,
USC00043491,2006,4,14,,,10.0,,,,,,,,,,,,,
USC00043491,2006,4,15,,,0.0,,,,,,,,,,,,,
USC00043491,2006,4,16,,,312.0,,,,,,,,,,,,,
USC00043491,2006,4,17,,,500.0,,,,,,,,,,,,,
USC00043491,2006,4,18,,,0.0,,,,,,,,,,,,,
USC00043491,2006,4,19,,,0.0,,,,,,,,,,,,,
USC00043491,2006,4,2,,,10.0,,,,,,,,,,,,,
USC00043491,2006,4,20,,,0.0,,,,,,,,,,,,,
USC00043491,2006,4,21,,,0.0,,,,,,,,,,,,,
USC00043491,2006,4,22,,,0.0,,,,,,,,,,,,,
USC00043491,2006,4,23,,,58.0,,,,,,,,,,,,,
USC00043491,2006,4,24,,,81.0,,,,,,,,,,,,,
USC00043491,2006,4,25,,,0.0,,,,,,,,,,,,,
USC00043491,2006,4,26,,,0.0,,,,,,,,,,,,,
USC00043491,2006,4,27,,,0.0,,,,,,,,,,,,,
USC00043491,2006,4,28,,,0.0,,,,,,,,,,,,,
USC00043491,2006,4,29,,,0.0,,,,,,,,,,,,,
USC00043491,2006,4,3,,,450.0,,,,,,,,,,,,,
USC00043491,2006,4,30,,,0.0,,,,,,,,,,,,,
USC00043491,2006,4,31,,,-9999.0,,,,,,,,,,,,,
USC00043491,2006,4,4,,,724.0,,,,,,,,,,,,,
USC00043491,2006,4,5,,,455.0,,,,,,,,,,,,,
USC00043491,2006,4,6,,,91.0,,,,,,,,,,,,,
USC00043491,2006,4,7,,,203.0,,,,,,,,,,,,,
USC00043491,2006,4,8,,,28.0,,,,,,,,,,,,,
USC00043491,2006,4,9,,,165.0,,,,,,,,,,,,,
USC00043491,2006,5,1,,,0.0,,,,,,,,,,,,,
USC00043491,2006,5,10,,,0.0,,,,,,,,,,,,,
USC00043491,2006,5,11,,,0.0,,,,,,,,,,,,,
USC00043491,2006,5,12,,,0.0,,,,,,,,,,,,,
USC00043491,2006,5,13,,,0.0,,,,,,,,,,,,,
USC00043491,2006,5,14,,,0.0,,,,,,,,,,,,,
USC00043491,2006,5,15,,,0.0,,,,,,,,,,,,,
USC00043491,2006,5,16,,,0.0,,,,,,,,,,,,,
USC00043491,2006,5,17,,,0.0,,,,,,,,,,,,,
USC00043491,2006,5,18,,,0.0,,,,,,,,,,,,,
USC00043491,2006,5,19,,,0.0,,,,,,,,,,,,,
USC00043491,2006,5,2,,,0.0,,,,,,,,,,,,,
USC00043491,2006,5,20,,,69.0,,,,,,,,,,,,,
USC00043491,2006,5,21,,,0.0,,,,,,,,,,,,,
USC00043491,2006,5,22,,,178.0,,,,,,,,,,,,,
USC00043491,2006,5,23,,,53.0,,,,,,,,,,,,,
USC00043491,2006,5,24,,,0.0,,,,,,,,,,,,,
USC00043491,2006,5,25,,,0.0,,,,,,,,,,,,,
USC00043491,2006,5,26,,,0.0,,,,,,,,,,,,,
USC00043491,2006,5,27,,,51.0,,,,,,,,,,,,,
USC00043491,2006,5,28,,,18.0,,,,,,,,,,,,,
USC00043491,2006,5,29,,,0.0,,,,,,,,,,,,,
USC00043491,2006,5,3,,,0.0,,,,,,,,,,,,,
USC00043491,2006,5,30,,,0.0,,,,,,,,,,,,,
USC00043491,2006,5,31,,,0.0,,,,,,,,,,,,,
USC00043491,2006,5,4,,,0.0,,,,,,,,,,,,,
USC00043491,2006,5,5,,,0.0,,,,,,,,,,,,,
USC00043491,2006,5,6,,,0.0,,,,,,,,,,,,,
USC00043491,2006,5,7,,,0.0,,,,,,,,,,,,,
USC00043491,2006,5,8,,,0.0,,,,,,,,,,,,,
USC00043491,2006,5,9,,,0.0,,,,,,,,,,,,,
USC00043491,2006,6,1,,,0.0,,,,,,,,,,,,,
USC00043491,2006,6,10,,,0.0,,,,,,,,,,,,,
USC00043491,2006,6,11,,,0.0,,,,,,,,,,,,,
USC00043491,2006,6,12,,,0.0,,,,,,,,,,,,,
USC00043491,2006,6,13,,,0.0,,,,,,,,,,,,,
USC00043491,2006,6,14,,,0.0,,,,,,,,,,,,,
USC00043491,2006,6,15,,,0.0,,,,,,,,,,,,,
USC00043491,2006,6,16,,,0.0,,,,,,,,,,,,,
USC00043491,2006,6,17,,,0.0,,,,,,,,,,,,,
USC00043491,2006,6,18,,,0.0,,,,,,,,,,,,,
USC00043491,2006,6,19,,,0.0,,,,,,,,,,,,,
USC00043491,2006,6,2,,,0.0,,,,,,,,,,,,,
USC00043491,2006,6,20,,,0.0,,,,,,,,,,,,,
USC00043491,2006,6,21,,,0.0,,,,,,,,,,,,,
USC00043491,2006,6,22,,,0.0,,,,,,,,,,,,,
USC00043491,2006,6,23,,,0.0,,,,,,,,,,,,,
USC00043491,2006,6,24,,,0.0,,,,,,,,,,,,,
USC00043491,2006,6,25,,,0.0,,,,,,,,,,,,,
USC00043491,2006,6,26,,,0.0,,,,,,,,,,,,,
USC00043491,2006,6,27,,,0.0,,,,,,,,,,,,,
USC00043491,2006,6,28,,,0.0,,,,,,,,,,,,,
USC00043491,2006,6,29,,,0.0,,,,,,,,,,,,,
USC00043491,2006,6,3,,,0.0,,,,,,,,,,,,,
USC00043491,2006,6,30,,,0.0,,,,,,,,,,,,,
USC00043491,2006,6,31,,,-9999.0,,,,,,,,,,,,,
USC00043491,2006,6,4,,,0.0,,,,,,,,,,,,,
USC00043491,2006,6,5,,,0.0,,,,,,,,,,,,,
USC00043491,2006,6,6,,,0.0,,,,,,,,,,,,,
USC00043491,2006,6,7,,,0.0,,,,,,,,,,,,,
USC00043491,2006,6,8,,,0.0,,,,,,,,,,,,,
USC00043491,2006,6,9,,,0.0,,,,,,,,,,,,,
USC00043491,2006,7,1,,,0.0,,,,,,,,,,,,,
USC00043491,2006,7,10,,,0.0,,,,,,,,,,,,,
USC00043491,2006,7,11,,,0.0,,,,,,,,,,,,,
USC00043491,2006,7,12,,,0.0,,,,,,,,,,,,,
USC00043491,2006,7,13,,,0.0,,,,,,,,,,,,,
USC00043491,2006,7,14,,,0.0,,,,,,,,,,,,,
USC00043491,2006,7,15,,,0.0,,,,,,,,,,,,,
USC00043491,2006,7,16,,,0.0,,,,,,,,,,,,,
USC00043491,2006,7,17,,,0.0,,,,,,,,,,,,,
USC00043491,2006,7,18,,,0.0,,,,,,,,,,,,,
USC00043491,2006,7,19,,,0.0,,,,,,,,,,,,,
USC00043491,2006,7,2,,,0.0,,,,,,,,,,,,,
USC00043491,2006,7,20,,,0.0,,,,,,,,,,,,,
USC00043491,2006,7,21,,,0.0,,,,,,,,,,,,,
USC00043491,2006,7,22,,,0.0,,,,,,,,,,,,,
USC00043491,2006,7,23,,,0.0,,,,,,,,,,,,,
USC00043491,2006,7,24,,,0.0,,,,,,,,,,,,,
USC00043491,2006,7,25,,,0.0,,,,,,,,,,,,,
USC00043491,2006,7,26,,,0.0,,,,,,,,,,,,,
USC00043491,2006,7,27,,,0.0,,,,,,,,,,,,,
USC00043491,2006,7,28,,,0.0,,,,,,,,,,,,,
USC00043491,2006,7,29,,,0.0,,,,,,,,,,,,,
USC00043491,2006,7,3,,,0.0,,,,,,,,,,,,,
USC00043491,2006,7,30,,,0.0,,,,,,,,,,,,,
USC00043491,2006,7,31,,,0.0,,,,,,,,,,,,,
USC00043491,2006,7,4,,,0.0,,,,,,,,,,,,,
USC00043491,2006,7,5,,,0.0,,,,,,,,,,,,,
USC00043491,2006,7,6,,,0.0,,,,,,,,,,,,,
USC00043491,2006,7,7,,,0.0,,,,,,,,,,,,,
USC00043491,2006,7,8,,,0.0,,,,,,,,,,,,,
USC00043491,2006,7,9,,,0.0,,,,,,,,,,,,,
USC00043491,2006,8,1,,,0.0,,,,,,,,,,,,,
USC00043491,2006,8,10,,,0.0,,,,,,,,,,,,,
USC00043491,2006,8,11,,,0.0,,,,,,,,,,,,,
USC00043491,2006,8,12,,,0.0,,,,,,,,,,,,,
USC00043491,2006,8,13,,,0.0,,,,,,,,,,,,,
USC00043491,2006,8,14,,,0.0,,,,,,,,,,,,,
USC00043491,2006,8,15,,,0.0,,,,,,,,,,,,,
USC00043491,2006,8,16,,,0.0,,,,,,,,,,,,,
USC00043491,2006,8,17,,,0.0,,,,,,,,,,,,,
USC00043491,2006,8,18,,,0.0,,,,,,,,,,,,,
USC00043491,2006,8,19,,,0.0,,,,,,,,,,,,,
USC00043491,2006,8,2,,,0.0,,,,,,,,,,,,,
USC00043491,2006,8,20,,,0.0,,,,,,,,,,,,,
USC00043491,2006,8,21,,,0.0,,,,,,,,,,,,,
USC00043491,2006,8,22,,,0.0,,,,,,,,,,,,,
USC00043491,2006,8,23,,,0.0,,,,,,,,,,,,,
USC00043491,2006,8,24,,,0.0,,,,,,,,,,,,,
USC00043491,2006,8,25,,,0.0,,,,,,,,,,,,,
USC00043491,2006,8,26,,,0.0,,,,,,,,,,,,,
USC00043491,2006,8,27,,,0.0,,,,,,,,,,,,,
USC00043491,2006,8,28,,,0.0,,,,,,,,,,,,,
USC00043491,2006,8,29,,,0.0,,,,,,,,,,,,,
USC00043491,2006,8,3,,,0.0,,,,,,,,,,,,,
USC00043491,2006,8,30,,,0.0,,,,,,,,,,,,,
USC00043491,2006,8,31,,,0.0,,,,,,,,,,,,,
USC00043491,2006,8,4,,,0.0,,,,,,,,,,,,,
USC00043491,2006,8,5,,,0.0,,,,,,,,,,,,,
USC00043491,2006,8,6,,,0.0,,,,,,,,,,,,,
USC00043491,2006,8,7,,,0.0,,,,,,,,,,,,,
USC00043491,2006,8,8,,,0.0,,,,,,,,,,,,,
USC00043491,2006,8,9,,,0.0,,,,,,,,,,,,,
USC00043491,2006,9,1,,,0.0,,,,,,,,,,,,,
USC00043491,2006,9,10,,,0.0,,,,,,,,,,,,,
USC00043491,2006,9,11,,,0.0,,,,,,,,,,,,,
USC00043491,2006,9,12,,,0.0,,,,,,,,,,,,,
USC00043491,2006,9,13,,,0.0,,,,,,,,,,,,,
USC00043491,2006,9,14,,,0.0,,,,,,,,,,,,,
USC00043491,2006,9,15,,,0.0,,,,,,,,,,,,,
USC00043491,2006,9,16,,,0.0,,,,,,,,,,,,,
USC00043491,2006,9,17,,,0.0,,,,,,,,,,,,,
USC00043491,2006,9,18,,,0.0,,,,,,,,,,,,,
USC00043491,2006,9,19,,,0.0,,,,,,,,,,,,,
USC00043491,2006,9,2,,,0.0,,,,,,,,,,,,,
USC00043491,2006,9,20,,,0.0,,,,,,,,,,,,,
USC00043491,2006,9,21,,,0.0,,,,,,,,,,,,,
USC00043491,2006,9,22,,,0.0,,,,,,,,,,,,,
USC00043491,2006,9,23,,,0.0,,,,,,,,,,,,,
USC00043491,2006,9,24,,,0.0,,,,,,,,,,,,,
USC00043491,2006,9,25,,,0.0,,,,,,,,,,,,,
USC00043491,2006,9,26,,,0.0,,,,,,,,,,,,,
USC00043491,2006,9,27,,,0.0,,,,,,,,,,,,,
USC00043491,2006,9,28,,,0.0,,,,,,,,,,,,,
USC00043491,2006,9,29,,,0.0,,,,,,,,,,,,,
USC00043491,2006,9,3,,,0.0,,,,,,,,,,,,,
USC00043491,2006,9,30,,,0.0,,,,,,,,,,,,,
USC00043491,2006,9,31,,,-9999.0,,,,,,,,,,,,,
USC00043491,2006,9,4,,,0.0,,,,,,,,,,,,,
USC00043491,2006,9,5,,,0.0,,,,,,,,,,,,,
USC00043491,2006,9,6,,,0.0,,,,,,,,,,,,,
USC00043491,2006,9,7,,,0.0,,,,,,,,,,,,,
USC00043491,2006,9,8,,,0.0,,,,,,,,,,,,,
USC00043491,2006,9,9,,,0.0,,,,,,,,,,,,,
USC00043491,2006,10,1,,,0.0,,,,,,,,,,,,,
USC00043491,2006,10,10,,,0.0,,,,,,,,,,,,,
USC00043491,2006,10,11,,,0.0,,,,,,,,,,,,,
USC00043491,2006,10,12,,,0.0,,,,,,,,,,,,,
USC00043491,2006,10,13,,,0.0,,,,,,,,,,,,,
USC00043491,2006,10,14,,,0.0,,,,,,,,,,,,,
USC00043491,2006,10,15,,,0.0,,,,,,,,,,,,,
USC00043491,2006,10,16,,,18.0,,,,,,,,,,,,,
USC00043491,2006,10,17,,,15.0,,,,,,,,,,,,,
USC00043491,2006,10,18,,,0.0,,,,,,,,,,,,,
USC00043491,2006,10,19,,,0.0,,,,,,,,,,,,,
USC00043491,2006,10,2,,,38.0,,,,,,,,,,,,,
USC00043491,2006,10,20,,,0.0,,,,,,,,,,,,,
USC00043491,2006,10,21,,,0.0,,,,,,,,,,,,,
USC00043491,2006,10,22,,,0.0,,,,,,,,,,,,,
USC00043491,2006,10,23,,,0.0,,,,,,,,,,,,,
USC00043491,2006,10,24,,,0.0,,,,,,,,,,,,,
USC00043491,2006,10,25,,,0.0,,,,,,,,,,,,,
USC00043491,2006,10,26,,,0.0,,,,,,,,,,,,,
USC00043491,2006,10,27,,,0.0,,,,,,,,,,,,,
USC00043491,2006,10,28,,,0.0,,,,,,,,,,,,,
USC00043491,2006,10,29,,,0.0,,,,,,,,,,,,,
USC00043491,2006,10,3,,,0.0,,,,,,,,,,,,,
USC00043491,2006,10,30,,,0.0,,,,,,,,,,,,,
USC00043491,2006,10,31,,,0.0,,,,,,,,,,,,,
USC00043491,2006,10,4,,,0.0,,,,,,,,,,,,,
USC00043491,2006,10,5,,,94.0,,,,,,,,,,,,,
USC00043491,2006,10,6,,,84.0,,,,,,,,,,,,,
USC00043491,2006,10,7,,,0.0,,,,,,,,,,,,,
USC00043491,2006,10,8,,,0.0,,,,,,,,,,,,,
USC00043491,2006,10,9,,,0.0,,,,,,,,,,,,,
USC00043491,2006,11,1,-9999.0,-9999.0,0.0,,,,,,,,,,,,,
USC00043491,2006,11,10,-9999.0,-9999.0,0.0,,,,,,,,,,,,,
USC00043491,2006,11,11,-9999.0,-9999.0,48.0,,,,,,,,,,,,,
USC00043491,2006,11,12,-9999.0,-9999.0,99.0,,,,,,,,,,,,,
USC00043491,2006,11,13,-9999.0,-9999.0,114.0,,,,,,,,,,,,,
USC00043491,2006,11,14,-9999.0,-9999.0,411.0,,,,,,,,,,,,,
USC00043491,2006,11,15,-9999.0,-9999.0,28.0,,,,,,,,,,,,,
USC00043491,2006,11,16,-9999.0,-9999.0,0.0,,,,,,,,,,,,,
USC00043491,2006,11,17,-9999.0,-9999.0,0.0,,,,,,,,,,,,,
USC00043491,2006,11,18,-9999.0,-9999.0,0.0,,,,,,,,,,,,,
USC00043491,2006,11,19,-9999.0,-9999.0,0.0,,,,,,,,,,,,,
USC00043491,2006,11,2,-9999.0,-9999.0,69.0,,,,,,,,,,,,,
USC00043491,2006,11,20,-9999.0,-9999.0,0.0,,,,,,,,,,,,,
USC00043491,2006,11,21,-9999.0,-9999.0,0.0,,,,,,,,,,,,,
USC00043491,2006,11,22,-9999.0,-9999.0,25.0,,,,,,,,,,,,,
USC00043491,2006,11,23,-9999.0,-9999.0,112.0,,,,,,,,,,,,,
USC00043491,2006,11,24,-9999.0,-9999.0,0.0,,,,,,,,,,,,,
USC00043491,2006,11,25,-9999.0,-9999.0,0.0,,,,,,,,,,,,,
USC00043491,2006,11,26,-9999.0,-9999.0,-9999.0,,,,,,,,,,,,,
USC00043491,2006,11,27,-9999.0,-9999.0,-9999.0,,,,,,,,,,,,,
USC00043491,2006,11,28,3.0,234.0,-9999.0,,,,,,,,,,,,,
USC00043491,2006,11,29,-9999.0,-9999.0,0.0,,,,,,,,,,,,,
USC00043491,2006,11,3,-9999.0,-9999.0,224.0,,,,,,,,,,,,,
USC00043491,2006,11,30,-9999.0,-9999.0,0.0,,,,,,,,,,,,,
USC00043491,2006,11,31,-9999.0,-9999.0,-9999.0,,,,,,,,,,,,,
USC00043491,2006,11,4,-9999.0,-9999.0,5.0,,,,,,,,,,,,,
USC00043491,2006,11,5,-9999.0,-9999.0,0.0,,,,,,,,,,,,,
USC00043491,2006,11,6,-9999.0,-9999.0,0.0,,,,,,,,,,,,,
USC00043491,2006,11,7,-9999.0,-9999.0,0.0,,,,,,,,,,,,,
USC00043491,2006,11,8,-9999.0,-9999.0,23.0,,,,,,,,,,,,,
USC00043491,2006,11,9,-9999.0,-9999.0,74.0,,,,,,,,,,,,,
USC00043491,2006,12,1,,,0.0,,,,,,,,,,,,,
USC00043491,2006,12,10,,,386.0,,,,,,,,,,,,,
USC00043491,2006,12,11,,,86.0,,,,,,,,,,,,,
USC00043491,2006,12,12,,,224.0,,,,,,,,,,,,,
USC00043491,2006,12,13,,,292.0,,,,,,,,,,,,,
USC00043491,2006,12,14,,,165.0,,,,,,,,,,,,,
USC00043491,2006,12,15,,,142.0,,,,,,,,,,,,,
USC00043491,2006,12,16,,,0.0,,,,,,,,,,,,,
USC00043491,2006,12,17,,,53.0,,,,,,,,,,,,,
USC00043491,2006,12,18,,,0.0,,,,,,,,,,,,,
USC00043491,2006,12,19,,,0.0,,,,,,,,,,,,,
USC00043491,2006,12,2,,,0.0,,,,,,,,,,,,,
USC00043491,2006,12,20,,,0.0,,,,,,,,,,,,,
USC00043491,2006,12,21,,,0.0,,,,,,,,,,,,,
USC00043491,2006,12,22,,,505.0,,,,,,,,,,,,,
USC00043491,2006,12,23,,,0.0,,,,,,,,,,,,,
USC00043491,2006,12,24,,,0.0,,,,,,,,,,,,,
USC00043491,2006,12,25,,,0.0,,,,,,,,,,,,,
USC00043491,2006,12,26,,,0.0,,,,,,,,,,,,,
USC00043491,2006,12,27,,,361.0,,,,,,,,,,,,,
USC00043491,2006,12,28,,,48.0,,,,,,,,,,,,,
USC00043491,2006,12,29,,,0.0,,,,,,,,,,,,,
USC00043491,2006,12,3,,,0.0,,,,,,,,,,,,,
USC00043491,2006,12,30,,,0.0,,,,,,,,,,,,,
USC00043491,2006,12,31,,,0.0,,,,,,,,,,,,,
USC00043491,2006,12,4,,,0.0,,,,,,,,,,,,,
USC00043491,2006,12,5,,,0.0,,,,,,,,,,,,,
USC00043491,2006,12,6,,,0.0,,,,,,,,,,,,,
USC00043491,2006,12,7,,,0.0,,,,,,,,,,,,,
USC00043491,2006,12,8,,,0.0,,,,,,,,,,,,,
USC00043491,2006,12,9,,,117.0,,,,,,,,,,,,,
USC00043491,2007,1,1,,,0.0,,,,,,,,,,,,,
USC00043491,2007,1,10,,,0.0,,,,,,,,,,,,,
USC00043491,2007,1,11,,,25.0,,,,,,,,,,,,,
USC00043491,2007,1,12,,,0.0,,,,,,,,,,,,,
USC00043491,2007,1,13,,,0.0,,,,,,,,,,,,,
USC00043491,2007,1,14,,,0.0,,,,,,,,,,,,,
USC00043491,2007,1,15,,,0.0,,,,,,,,,,,,,
USC00043491,2007,1,16,,,0.0,,,,,,,,,,,,,
USC00043491,2007,1,17,,,0.0,,,,,,,,,,,,,
USC00043491,2007,1,18,,,0.0,,,,,,,,,,,,,
USC00043491,2007,1,19,,,0.0,,,,,,,,,,,,,
USC00043491,2007,1,2,,,0.0,,,,,,,,,,,,,
USC00043491,2007,1,20,,,0.0,,,,,,,,,,,,,
USC00043491,2007,1,21,,,0.0,,,,,,,,,,,,,
USC00043491,2007,1,22,,,0.0,,,,,,,,,,,,,
USC00043491,2007,1,23,,,0.0,,,,,,,,,,,,,
USC00043491,2007,1,24,,,0.0,,,,,,,,,,,,,
USC00043491,2007,1,25,,,0.0,,,,,,,,,,,,,
USC00043491,2007,1,26,,,0.0,,,,,,,,,,,,,
USC00043491,2007,1,27,,,0.0,,,,,,,,,,,,,
USC00043491,2007,1,28,,,0.0,,,,,,,,,,,,,
USC00043491,2007,1,29,,,0.0,,,,,,,,,,,,,
USC00043491,2007,1,3,,,0.0,,,,,,,,,,,,,
USC00043491,2007,1,30,,,0.0,,,,,,,,,,,,,
USC00043491,2007,1,31,,,0.0,,,,,,,,,,,,,
USC00043491,2007,1,4,,,536.0,,,,,,,,,,,,,
USC00043491,2007,1,5,,,53.0,,,,,,,,,,,,,
USC00043491,2007,1,6,,,0.0,,,,,,,,,,,,,
USC00043491,2007,1,7,,,0.0,,,,,,,,,,,,,
USC00043491,2007,1,8,,,0.0,,,,,,,,,,,,,
USC00043491,2007,1,9,,,0.0,,,,,,,,,,,,,
USC00043491,2007,2,1,,,0.0,,,,,,,,,,,,,
USC00043491,2007,2,10,,,577.0,,,,,,,,,,,,,
USC00043491,2007,2,11,,,917.0,,,,,,,,,,,,,
USC00043491,2007,2,12,,,107.0,,,,,,,,,,,,,
USC00043491,2007,2,13,,,20.0,,,,,,,,,,,,,
USC00043491,2007,2,14,,,0.0,,,,,,,,,,,,,
USC00043491,2007,2,15,,,0.0,,,,,,,,,,,,,
USC00043491,2007,2,16,,,0.0,,,,,,,,,,,,,
USC00043491,2007,2,17,,,0.0,,,,,,,,,,,,,
USC00043491,2007,2,18,,,0.0,,,,,,,,,,,,,
USC00043491,2007,2,19,,,0.0,,,,,,,,,,,,,
USC00043491,2007,2,2,,,0.0,,,,,,,,,,,,,
USC00043491,2007,2,20,,,0.0,,,,,,,,,,,,,
USC00043491,2007,2,21,,,0.0,,,,,,,,,,,,,
USC00043491,2007,2,22,,,38.0,,,,,,,,,,,,,
USC00043491,2007,2,23,,,373.0,,,,,,,,,,,,,
USC00043491,2007,2,24,,,0.0,,,,,,,,,,,,,
USC00043491,2007,2,25,,,208.0,,,,,,,,,,,,,
USC00043491,2007,2,26,,,394.0,,,,,,,,,,,,,
USC00043491,2007,2,27,,,262.0,,,,,,,,,,,,,
USC00043491,2007,2,28,,,86.0,,,,,,,,,,,,,
USC00043491,2007,2,29,,,-9999.0,,,,,,,,,,,,,
USC00043491,2007,2,3,,,0.0,,,,,,,,,,,,,
USC00043491,2007,2,30,,,-9999.0,,,,,,,,,,,,,
USC00043491,2007,2,31,,,-9999.0,,,,,,,,,,,,,
USC00043491,2007,2,4,,,0.0,,,,,,,,,,,,,
USC00043491,2007,2,5,,,0.0,,,,,,,,,,,,,
USC00043491,2007,2,6,,,0.0,,,,,,,,,,,,,
USC00043491,2007,2,7,,,0.0,,,,,,,,,,,,,
USC00043491,2007,2,8,,,145.0,,,,,,,,,,,,,
USC00043491,2007,2,9,,,376.0,,,,,,,,,,,,,
USC00043491,2007,3,1,,,0.0,,,,,,,,,,,,,
USC00043491,2007,3,10,,,0.0,,,,,,,,,,,,,
USC00043491,2007,3,11,,,0.0,,,,,,,,,,,,,
USC00043491,2007,3,12,,,0.0,,,,,,,,,,,,,
USC00043491,2007,3,13,,,0.0,,,,,,,,,,,,,
USC00043491,2007,3,14,,,0.0,,,,,,,,,,,,,
USC00043491,2007,3,15,,,0.0,,,,,,,,,,,,,
USC00043491,2007,3,16,,,0.0,,,,,,,,,,,,,
USC00043491,2007,3,17,,,0.0,,,,,,,,,,,,,
USC00043491,2007,3,18,,,0.0,,,,,,,,,,,,,
USC00043491,2007,3,19,,,0.0,,,,,,,,,,,,,
USC00043491,2007,3,2,,,0.0,,,,,,,,,,,,,
USC00043491,2007,3,20,,,0.0,,,,,,,,,,,,,
USC00043491,2007,3,21,,,43.0,,,,,,,,,,,,,
USC00043491,2007,3,22,,,0.0,,,,,,,,,,,,,
USC00043491,2007,3,23,,,0.0,,,,,,,,,,,,,
USC00043491,2007,3,24,,,0.0,,,,,,,,,,,,,
USC00043491,2007,3,25,,,0.0,,,,,,,,,,,,,
USC00043491,2007,3,26,,,320.0,,,,,,,,,,,,,
USC00043491,2007,3,27,,,0.0,,,,,,,,,,,,,
USC00043491,2007,3,28,,,36.0,,,,,,,,,,,,,
USC00043491,2007,3,29,,,0.0,,,,,,,,,,,,,
USC00043491,2007,3,3,,,0.0,,,,,,,,,,,,,
USC00043491,2007,3,30,,,0.0,,,,,,,,,,,,,
USC00043491,2007,3,31,,,0.0,,,,,,,,,,,,,
USC00043491,2007,3,4,,,0.0,,,,,,,,,,,,,
USC00043491,2007,3,5,,,0.0,,,,,,,,,,,,,
USC00043491,2007,3,6,,,0.0,,,,,,,,,,,,,
USC00043491,2007,3,7,,,0.0,,,,,,,,,,,,,
USC00043491,2007,3,8,,,0.0,,,,,,,,,,,,,
USC00043491,2007,3,9,,,23.0,,,,,,,,,,,,,
USC00043491,2007,4,1,,,0.0,,,,,,,,,,,,,
USC00043491,2007,4,10,,,0.0,,,,,,,,,,,,,
USC00043491,2007,4,11,,,0.0,,,,,,,,,,,,,
USC00043491,2007,4,12,,,124.0,,,,,,,,,,,,,
USC00043491,2007,4,13,,,0.0,,,,,,,,,,,,,
USC00043491,2007,4,14,,,0.0,,,,,,,,,,,,,
USC00043491,2007,4,15,,,170.0,,,,,,,,,,,,,
USC00043491,2007,4,16,,,0.0,,,,,,,,,,,,,
USC00043491,2007,4,17,,,0.0,,,,,,,,,,,,,
USC00043491,2007,4,18,,,43.0,,,,,,,,,,,,,
USC00043491,2007,4,19,,,0.0,,,,,,,,,,,,,
USC00043491,2007,4,2,,,0.0,,,,,,,,,,,,,
USC00043491,2007,4,20,,,0.0,,,,,,,,,,,,,
USC00043491,2007,4,21,,,0.0,,,,,,,,,,,,,
USC00043491,2007,4,22,,,455.0,,,,,,,,,,,,,
USC00043491,2007,4,23,,,163.0,,,,,,,,,,,,,
USC00043491,2007,4,24,,,0.0,,,,,,,,,,,,,
USC00043491,2007,4,25,,,0.0,,,,,,,,,,,,,
USC00043491,2007,4,26,,,0.0,,,,,,,,,,,,,
USC00043491,2007,4,27,,,0.0,,,,,,,,,,,,,
USC00043491,2007,4,28,,,0.0,,,,,,,,,,,,,
USC00043491,2007,4,29,,,0.0,,,,,,,,,,,,,
USC00043491,2007,4,3,,,0.0,,,,,,,,,,,,,
USC00043491,2007,4,30,,,0.0,,,,,,,,,,,,,
USC00043491,2007,4,31,,,-9999.0,,,,,,,,,,,,,
USC00043491,2007,4,4,,,0.0,,,,,,,,,,,,,
USC00043491,2007,4,5,,,0.0,,,,,,,,,,,,,
USC00043491,2007,4,6,,,0.0,,,,,,,,,,,,,
USC00043491,2007,4,7,,,0.0,,,,,,,,,,,,,
USC00043491,2007,4,8,,,41.0,,,,,,,,,,,,,
USC00043491,2007,4,9,,,3.0,,,,,,,,,,,,,
USC00043491,2007,5,1,,,0.0,,,,,,,,,,,,,
USC00043491,2007,5,10,,,0.0,,,,,,,,,,,,,
USC00043491,2007,5,11,,,0.0,,,,,,,,,,,,,
USC00043491,2007,5,12,,,0.0,,,,,,,,,,,,,
USC00043491,2007,5,13,,,0.0,,,,,,,,,,,,,
USC00043491,2007,5,14,,,0.0,,,,,,,,,,,,,
USC00043491,2007,5,15,,,0.0,,,,,,,,,,,,,
USC00043491,2007,5,16,,,0.0,,,,,,,,,,,,,
USC00043491,2007,5,17,,,0.0,,,,,,,,,,,,,
USC00043491,2007,5,18,,,0.0,,,,,,,,,,,,,
USC00043491,2007,5,19,,,0.0,,,,,,,,,,,,,
USC00043491,2007,5,2,,,208.0,,,,,,,,,,,,,
USC00043491,2007,5,20,,,0.0,,,,,,,,,,,,,
USC00043491,2007,5,21,,,0.0,,,,,,,,,,,,,
USC00043491,2007,5,22,,,0.0,,,,,,,,,,,,,
USC00043491,2007,5,23,,,0.0,,,,,,,,,,,,,
USC00043491,2007,5,24,,,0.0,,,,,,,,,,,,,
USC00043491,2007,5,25,,,0.0,,,,,,,,,,,,,
USC00043491,2007,5,26,,,0.0,,,,,,,,,,,,,
USC00043491,2007,5,27,,,0.0,,,,,,,,,,,,,
USC00043491,2007,5,28,,,0.0,,,,,,,,,,,,,
USC00043491,2007,5,29,,,0.0,,,,,,,,,,,,,
USC00043491,2007,5,3,,,66.0,,,,,,,,,,,,,
USC00043491,2007,5,30,,,0.0,,,,,,,,,,,,,
USC00043491,2007,5,31,,,0.0,,,,,,,,,,,,,
USC00043491,2007,5,4,,,122.0,,,,,,,,,,,,,
USC00043491,2007,5,5,,,15.0,,,,,,,,,,,,,
USC00043491,2007,5,6,,,0.0,,,,,,,,,,,,,
USC00043491,2007,5,7,,,0.0,,,,,,,,,,,,,
USC00043491,2007,5,8,,,0.0,,,,,,,,,,,,,
USC00043491,2007,5,9,,,0.0,,,,,,,,,,,,,
USC00043491,2007,6,1,,,0.0,,,,,,,,,-9999.0,,,,
USC00043491,2007,6,10,,,0.0,,,,,,,,,-9999.0,,,,
USC00043491,2007,6,11,,,0.0,,,,,,,,,-9999.0,,,,
USC00043491,2007,6,12,,,0.0,,,,,,,,,-9999.0,,,,
USC00043491,2007,6,13,,,0.0,,,,,,,,,-9999.0,,,,
USC00043491,2007,6,14,,,0.0,,,,,,,,,-9999.0,,,,
USC00043491,2007,6,15,,,0.0,,,,,,,,,-9999.0,,,,
USC00043491,2007,6,16,,,0.0,,,,,,,,,-9999.0,,,,
USC00043491,2007,6,17,,,0.0,,,,,,,,,-9999.0,,,,
USC00043491,2007,6,18,,,0.0,,,,,,,,,-9999.0,,,,
USC00043491,2007,6,19,,,0.0,,,,,,,,,-9999.0,,,,
USC00043491,2007,6,2,,,0.0,,,,,,,,,-9999.0,,,,
USC00043491,2007,6,20,,,0.0,,,,,,,,,-9999.0,,,,
USC00043491,2007,6,21,,,0.0,,,,,,,,,-9999.0,,,,
USC00043491,2007,6,22,,,0.0,,,,,,,,,-9999.0,,,,
USC00043491,2007,6,23,,,0.0,,,,,,,,,-9999.0,,,,
USC00043491,2007,6,24,,,0.0,,,,,,,,,-9999.0,,,,
USC00043491,2007,6,25,,,0.0,,,,,,,,,-9999.0,,,,
USC00043491,2007,6,26,,,0.0,,,,,,,,,-9999.0,,,,
USC00043491,2007,6,27,,,0.0,,,,,,,,,-9999.0,,,,
USC00043491,2007,6,28,,,0.0,,,,,,,,,-9999.0,,,,
USC00043491,2007,6,29,,,0.0,,,,,,,,,-9999.0,,,,
USC00043491,2007,6,3,,,0.0,,,,,,,,,-9999.0,,,,
USC00043491,2007,6,30,,,0.0,,,,,,,,,-9999.0,,,,
USC00043491,2007,6,31,,,-9999.0,,,,,,,,,-9999.0,,,,
USC00043491,2007,6,4,,,0.0,,,,,,,,,-9999.0,,,,
USC00043491,2007,6,5,,,69.0,,,,,,,,,-9999.0,,,,
USC00043491,2007,6,6,,,79.0,,,,,,,,,1.0,,,,
USC00043491,2007,6,7,,,18.0,,,,,,,,,-9999.0,,,,
USC00043491,2007,6,8,,,0.0,,,,,,,,,-9999.0,,,,
USC00043491,2007,6,9,,,0.0,,,,,,,,,-9999.0,,,,
USC00043491,2007,7,1,,,0.0,,,,,,,,,,,,,
USC00043491,2007,7,10,,,0.0,,,,,,,,,,,,,
USC00043491,2007,7,11,,,0.0,,,,,,,,,,,,,
USC00043491,2007,7,12,,,0.0,,,,,,,,,,,,,
USC00043491,2007,7,13,,,0.0,,,,,,,,,,,,,
USC00043491,2007,7,14,,,0.0,,,,,,,,,,,,,
USC00043491,2007,7,15,,,0.0,,,,,,,,,,,,,
USC00043491,2007,7,16,,,0.0,,,,,,,,,,,,,
USC00043491,2007,7,17,,,0.0,,,,,,,,,,,,,
USC00043491,2007,7,18,,,0.0,,,,,,,,,,,,,
USC00043491,2007,7,19,,,0.0,,,,,,,,,,,,,
USC00043491,2007,7,2,,,0.0,,,,,,,,,,,,,
USC00043491,2007,7,20,,,0.0,,,,,,,,,,,,,
USC00043491,2007,7,21,,,0.0,,,,,,,,,,,,,
USC00043491,2007,7,22,,,0.0,,,,,,,,,,,,,
USC00043491,2007,7,23,,,0.0,,,,,,,,,,,,,
USC00043491,2007,7,24,,,0.0,,,,,,,,,,,,,
USC00043491,2007,7,25,,,0.0,,,,,,,,,,,,,
USC00043491,2007,7,26,,,0.0,,,,,,,,,,,,,
USC00043491,2007,7,27,,,0.0,,,,,,,,,,,,,
USC00043491,2007,7,28,,,0.0,,,,,,,,,,,,,
USC00043491,2007,7,29,,,0.0,,,,,,,,,,,,,
USC00043491,2007,7,3,,,0.0,,,,,,,,,,,,,
USC00043491,2007,7,30,,,0.0,,,,,,,,,,,,,
USC00043491,2007,7,31,,,0.0,,,,,,,,,,,,,
USC00043491,2007,7,4,,,0.0,,,,,,,,,,,,,
USC00043491,2007,7,5,,,0.0,,,,,,,,,,,,,
USC00043491,2007,7,6,,,0.0,,,,,,,,,,,,,
USC00043491,2007,7,7,,,0.0,,,,,,,,,,,,,
USC00043491,2007,7,8,,,0.0,,,,,,,,,,,,,
USC00043491,2007,7,9,,,0.0,,,,,,,,,,,,,
USC00043491,2007,8,1,,,0.0,,,,,,,,,,,,,
USC00043491,2007,8,10,,,0.0,,,,,,,,,,,,,
USC00043491,2007,8,11,,,0.0,,,,,,,,,,,,,
USC00043491,2007,8,12,,,0.0,,,,,,,,,,,,,
USC00043491,2007,8,13,,,0.0,,,,,,,,,,,,,
USC00043491,2007,8,14,,,0.0,,,,,,,,,,,,,
USC00043491,2007,8,15,,,0.0,,,,,,,,,,,,,
USC00043491,2007,8,16,,,0.0,,,,,,,,,,,,,
USC00043491,2007,8,17,,,0.0,,,,,,,,,,,,,
USC00043491,2007,8,18,,,0.0,,,,,,,,,,,,,
USC00043491,2007,8,19,,,0.0,,,,,,,,,,,,,
USC00043491,2007,8,2,,,0.0,,,,,,,,,,,,,
USC00043491,2007,8,20,,,0.0,,,,,,,,,,,,,
USC00043491,2007,8,21,,,0.0,,,,,,,,,,,,,
USC00043491,2007,8,22,,,0.0,,,,,,,,,,,,,
USC00043491,2007,8,23,,,0.0,,,,,,,,,,,,,
USC00043491,2007,8,24,,,0.0,,,,,,,,,,,,,
USC00043491,2007,8,25,,,0.0,,,,,,,,,,,,,
USC00043491,2007,8,26,,,0.0,,,,,,,,,,,,,
USC00043491,2007,8,27,,,0.0,,,,,,,,,,,,,
USC00043491,2007,8,28,,,0.0,,,,,,,,,,,,,
USC00043491,2007,8,29,,,0.0,,,,,,,,,,,,,
USC00043491,2007,8,3,,,0.0,,,,,,,,,,,,,
USC00043491,2007,8,30,,,0.0,,,,,,,,,,,,,
USC00043491,2007,8,31,,,0.0,,,,,,,,,,,,,
USC00043491,2007,8,4,,,0.0,,,,,,,,,,,,,
USC00043491,2007,8,5,,,0.0,,,,,,,,,,,,,
USC00043491,2007,8,6,,,0.0,,,,,,,,,,,,,
USC00043491,2007,8,7,,,0.0,,,,,,,,,,,,,
USC00043491,2007,8,8,,,0.0,,,,,,,,,,,,,
USC00043491,2007,8,9,,,0.0,,,,,,,,,,,,,
USC00043491,2007,9,1,,,0.0,,,,,,,,,,,,,
USC00043491,2007,9,10,,,0.0,,,,,,,,,,,,,
USC00043491,2007,9,11,,,0.0,,,,,,,,,,,,,
USC00043491,2007,9,12,,,0.0,,,,,,,,,,,,,
USC00043491,2007,9,13,,,0.0,,,,,,,,,,,,,
USC00043491,2007,9,14,,,0.0,,,,,,,,,,,,,
USC00043491,2007,9,15,,,0.0,,,,,,,,,,,,,
USC00043491,2007,9,16,,,0.0,,,,,,,,,,,,,
USC00043491,2007,9,17,,,0.0,,,,,,,,,,,,,
USC00043491,2007,9,18,,,0.0,,,,,,,,,,,,,
USC00043491,2007,9,19,,,0.0,,,,,,,,,,,,,
USC00043491,2007,9,2,,,0.0,,,,,,,,,,,,,
USC00043491,2007,9,20,,,28.0,,,,,,,,,,,,,
USC00043491,2007,9,21,,,0.0,,,,,,,,,,,,,
USC00043491,2007,9,22,,,0.0,,,,,,,,,,,,,
USC00043491,2007,9,23,,,211.0,,,,,,,,,,,,,
USC00043491,2007,9,24,,,0.0,,,,,,,,,,,,,
USC00043491,2007,9,25,,,0.0,,,,,,,,,,,,,
USC00043491,2007,9,26,,,0.0,,,,,,,,,,,,,
USC00043491,2007,9,27,,,0.0,,,,,,,,,,,,,
USC00043491,2007,9,28,,,0.0,,,,,,,,,,,,,
USC00043491,2007,9,29,,,107.0,,,,,,,,,,,,,
USC00043491,2007,9,3,,,0.0,,,,,,,,,,,,,
USC00043491,2007,9,30,,,18.0,,,,,,,,,,,,,
USC00043491,2007,9,31,,,-9999.0,,,,,,,,,,,,,
USC00043491,2007,9,4,,,0.0,,,,,,,,,,,,,
USC00043491,2007,9,5,,,0.0,,,,,,,,,,,,,
USC00043491,2007,9,6,,,0.0,,,,,,,,,,,,,
USC00043491,2007,9,7,,,0.0,,,,,,,,,,,,,
USC00043491,2007,9,8,,,0.0,,,,,,,,,,,,,
USC00043491,2007,9,9,,,0.0,,,,,,,,,,,,,
USC00043491,2007,10,1,,,0.0,,,,,,,,,,,,,
USC00043491,2007,10,10,,,0.0,,,,,,,,,,,,,
USC00043491,2007,10,11,,,193.0,,,,,,,,,,,,,
USC00043491,2007,10,12,,,28.0,,,,,,,,,,,,,
USC00043491,2007,10,13,,,89.0,,,,,,,,,,,,,
USC00043491,2007,10,14,,,0.0,,,,,,,,,,,,,
USC00043491,2007,10,15,,,0.0,,,,,,,,,,,,,
USC00043491,2007,10,16,,,0.0,,,,,,,,,,,,,
USC00043491,2007,10,17,,,127.0,,,,,,,,,,,,,
USC00043491,2007,10,18,,,23.0,,,,,,,,,,,,,
USC00043491,2007,10,19,,,0.0,,,,,,,,,,,,,
USC00043491,2007,10,2,,,23.0,,,,,,,,,,,,,
USC00043491,2007,10,20,,,411.0,,,,,,,,,,,,,
USC00043491,2007,10,21,,,0.0,,,,,,,,,,,,,
USC00043491,2007,10,22,,,0.0,,,,,,,,,,,,,
USC00043491,2007,10,23,,,0.0,,,,,,,,,,,,,
USC00043491,2007,10,24,,,0.0,,,,,,,,,,,,,
USC00043491,2007,10,25,,,0.0,,,,,,,,,,,,,
USC00043491,2007,10,26,,,0.0,,,,,,,,,,,,,
USC00043491,2007,10,27,,,0.0,,,,,,,,,,,,,
USC00043491,2007,10,28,,,0.0,,,,,,,,,,,,,
USC00043491,2007,10,29,,,0.0,,,,,,,,,,,,,
USC00043491,2007,10,3,,,0.0,,,,,,,,,,,,,
USC00043491,2007,10,30,,,0.0,,,,,,,,,,,,,
USC00043491,2007,10,31,,,0.0,,,,,,,,,,,,,
USC00043491,2007,10,4,,,0.0,,,,,,,,,,,,,
USC00043491,2007,10,5,,,119.0,,,,,,,,,,,,,
USC00043491,2007,10,6,,,112.0,,,,,,,,,,,,,
USC00043491,2007,10,7,,,0.0,,,,,,,,,,,,,
USC00043491,2007,10,8,,,0.0,,,,,,,,,,,,,
USC00043491,2007,10,9,,,0.0,,,,,,,,,,,,,
USC00043491,2007,11,1,,,0.0,,,,,,,,,,,,,
USC00043491,2007,11,10,,,0.0,,,,,,,,,,,,,
USC00043491,2007,11,11,,,404.0,,,,,,,,,,,,,
USC00043491,2007,11,12,,,0.0,,,,,,,,,,,,,
USC00043491,2007,11,13,,,0.0,,,,,,,,,,,,,
USC00043491,2007,11,14,,,0.0,,,,,,,,,,,,,
USC00043491,2007,11,15,,,0.0,,,,,,,,,,,,,
USC00043491,2007,11,16,,,0.0,,,,,,,,,,,,,
USC00043491,2007,11,17,,,0.0,,,,,,,,,,,,,
USC00043491,2007,11,18,,,0.0,,,,,,,,,,,,,
USC00043491,2007,11,19,,,0.0,,,,,,,,,,,,,
USC00043491,2007,11,2,,,0.0,,,,,,,,,,,,,
USC00043491,2007,11,20,,,0.0,,,,,,,,,,,,,
USC00043491,2007,11,21,,,0.0,,,,,,,,,,,,,
USC00043491,2007,11,22,,,0.0,,,,,,,,,,,,,
USC00043491,2007,11,23,,,0.0,,,,,,,,,,,,,
USC00043491,2007,11,24,,,0.0,,,,,,,,,,,,,
USC00043491,2007,11,25,,,0.0,,,,,,,,,,,,,
USC00043491,2007,11,26,,,0.0,,,,,,,,,,,,,
USC00043491,2007,11,27,,,0.0,,,,,,,,,,,,,
USC00043491,2007,11,28,,,0.0,,,,,,,,,,,,,
USC00043491,2007,11,29,,,0.0,,,,,,,,,,,,,
USC00043491,2007,11,3,,,0.0,,,,,,,,,,,,,
USC00043491,2007,11,30,,,0.0,,,,,,,,,,,,,
USC00043491,2007,11,31,,,-9999.0,,,,,,,,,,,,,
USC00043491,2007,11,4,,,0.0,,,,,,,,,,,,,
USC00043491,2007,11,5,,,0.0,,,,,,,,,,,,,
USC00043491,2007,11,6,,,0.0,,,,,,,,,,,,,
USC00043491,2007,11,7,,,0.0,,,,,,,,,,,,,
USC00043491,2007,11,8,,,0.0,,,,,,,,,,,,,
USC00043491,2007,11,9,,,0.0,,,,,,,,,,,,,
USC00043491,2007,12,1,-9999.0,-9999.0,0.0,,,,,,,,,,,,,
USC00043491,2007,12,10,-9999.0,-9999.0,0.0,,,,,,,,,,,,,
USC00043491,2007,12,11,-9999.0,-9999.0,0.0,,,,,,,,,,,,,
USC00043491,2007,12,12,-9999.0,-9999.0,0.0,,,,,,,,,,,,,
USC00043491,2007,12,13,-9999.0,-9999.0,0.0,,,,,,,,,,,,,
USC00043491,2007,12,14,-9999.0,-9999.0,0.0,,,,,,,,,,,,,
USC00043491,2007,12,15,-9999.0,-9999.0,0.0,,,,,,,,,,,,,
USC00043491,2007,12,16,-9999.0,-9999.0,0.0,,,,,,,,,,,,,
USC00043491,2007,12,17,-9999.0,-9999.0,165.0,,,,,,,,,,,,,
USC00043491,2007,12,18,-9999.0,-9999.0,-9999.0,,,,,,,,,,,,,
USC00043491,2007,12,19,2.0,546.0,-9999.0,,,,,,,,,,,,,
USC00043491,2007,12,2,-9999.0,-9999.0,0.0,,,,,,,,,,,,,
USC00043491,2007,12,20,-9999.0,-9999.0,419.0,,,,,,,,,,,,,
USC00043491,2007,12,21,-9999.0,-9999.0,0.0,,,,,,,,,,,,,
USC00043491,2007,12,22,-9999.0,-9999.0,0.0,,,,,,,,,,,,,
USC00043491,2007,12,23,-9999.0,-9999.0,0.0,,,,,,,,,,,,,
USC00043491,2007,12,24,-9999.0,-9999.0,0.0,,,,,,,,,,,,,
USC00043491,2007,12,25,-9999.0,-9999.0,20.0,,,,,,,,,,,,,
USC00043491,2007,12,26,-9999.0,-9999.0,15.0,,,,,,,,,,,,,
USC00043491,2007,12,27,-9999.0,-9999.0,28.0,,,,,,,,,,,,,
USC00043491,2007,12,28,-9999.0,-9999.0,8.0,,,,,,,,,,,,,
USC00043491,2007,12,29,-9999.0,-9999.0,74.0,,,,,,,,,,,,,
USC00043491,2007,12,3,-9999.0,-9999.0,0.0,,,,,,,,,,,,,
USC00043491,2007,12,30,-9999.0,-9999.0,165.0,,,,,,,,,,,,,
USC00043491,2007,12,31,-9999.0,-9999.0,0.0,,,,,,,,,,,,,
USC00043491,2007,12,4,-9999.0,-9999.0,173.0,,,,,,,,,,,,,
USC00043491,2007,12,5,-9999.0,-9999.0,13.0,,,,,,,,,,,,,
USC00043491,2007,12,6,-9999.0,-9999.0,0.0,,,,,,,,,,,,,
USC00043491,2007,12,7,-9999.0,-9999.0,798.0,,,,,,,,,,,,,
USC00043491,2007,12,8,-9999.0,-9999.0,41.0,,,,,,,,,,,,,
USC00043491,2007,12,9,-9999.0,-9999.0,0.0,,,,,,,,,,,,,
USC00043491,2008,1,1,,,0.0,,,,,,,,,,,,,
USC00043491,2008,1,10,,,180.0,,,,,,,,,,,,,
USC00043491,2008,1,11,,,30.0,,,,,,,,,,,,,
USC00043491,2008,1,12,,,0.0,,,,,,,,,,,,,
USC00043491,2008,1,13,,,0.0,,,,,,,,,,,,,
USC00043491,2008,1,14,,,0.0,,,,,,,,,,,,,
USC00043491,2008,1,15,,,0.0,,,,,,,,,,,,,
USC00043491,2008,1,16,,,0.0,,,,,,,,,,,,,
USC00043491,2008,1,17,,,0.0,,,,,,,,,,,,,
USC00043491,2008,1,18,,,0.0,,,,,,,,,,,,,
USC00043491,2008,1,19,,,0.0,,,,,,,,,,,,,
USC00043491,2008,1,2,,,0.0,,,,,,,,,,,,,
USC00043491,2008,1,20,,,0.0,,,,,,,,,,,,,
USC00043491,2008,1,21,,,0.0,,,,,,,,,,,,,
USC00043491,2008,1,22,,,18.0,,,,,,,,,,,,,
USC00043491,2008,1,23,,,48.0,,,,,,,,,,,,,
USC00043491,2008,1,24,,,53.0,,,,,,,,,,,,,
USC00043491,2008,1,25,,,97.0,,,,,,,,,,,,,
USC00043491,2008,1,26,,,56.0,,,,,,,,,,,,,
USC00043491,2008,1,27,,,84.0,,,,,,,,,,,,,
USC00043491,2008,1,28,,,378.0,,,,,,,,,,,,,
USC00043491,2008,1,29,,,0.0,,,,,,,,,,,,,
USC00043491,2008,1,3,,,0.0,,,,,,,,,,,,,
USC00043491,2008,1,30,,,0.0,,,,,,,,,,,,,
USC00043491,2008,1,31,,,206.0,,,,,,,,,,,,,
USC00043491,2008,1,4,,,175.0,,,,,,,,,,,,,
USC00043491,2008,1,5,,,511.0,,,,,,,,,,,,,
USC00043491,2008,1,6,,,442.0,,,,,,,,,,,,,
USC00043491,2008,1,7,,,226.0,,,,,,,,,,,,,
USC00043491,2008,1,8,,,0.0,,,,,,,,,,,,,
USC00043491,2008,1,9,,,447.0,,,,,,,,,,,,,
USC00043491,2008,2,1,,,312.0,,,,,,,,,,,,,
USC00043491,2008,2,10,,,0.0,,,,,,,,,,,,,
USC00043491,2008,2,11,,,0.0,,,,,,,,,,,,,
USC00043491,2008,2,12,,,0.0,,,,,,,,,,,,,
USC00043491,2008,2,13,,,0.0,,,,,,,,,,,,,
USC00043491,2008,2,14,,,0.0,,,,,,,,,,,,,
USC00043491,2008,2,15,,,0.0,,,,,,,,,,,,,
USC00043491,2008,2,16,,,0.0,,,,,,,,,,,,,
USC00043491,2008,2,17,,,0.0,,,,,,,,,,,,,
USC00043491,2008,2,18,,,0.0,,,,,,,,,,,,,
USC00043491,2008,2,19,,,0.0,,,,,,,,,,,,,
USC00043491,2008,2,2,,,0.0,,,,,,,,,,,,,
USC00043491,2008,2,20,,,71.0,,,,,,,,,,,,,
USC00043491,2008,2,21,,,0.0,,,,,,,,,,,,,
USC00043491,2008,2,22,,,257.0,,,,,,,,,,,,,
USC00043491,2008,2,23,,,117.0,,,,,,,,,,,,,
USC00043491,2008,2,24,,,198.0,,,,,,,,,,,,,
USC00043491,2008,2,25,,,290.0,,,,,,,,,,,,,
USC00043491,2008,2,26,,,0.0,,,,,,,,,,,,,
USC00043491,2008,2,27,,,0.0,,,,,,,,,,,,,
USC00043491,2008,2,28,,,0.0,,,,,,,,,,,,,
USC00043491,2008,2,29,,,0.0,,,,,,,,,,,,,
USC00043491,2008,2,3,,,371.0,,,,,,,,,,,,,
USC00043491,2008,2,30,,,-9999.0,,,,,,,,,,,,,
USC00043491,2008,2,31,,,-9999.0,,,,,,,,,,,,,
USC00043491,2008,2,4,,,99.0,,,,,,,,,,,,,
USC00043491,2008,2,5,,,0.0,,,,,,,,,,,,,
USC00043491,2008,2,6,,,0.0,,,,,,,,,,,,,
USC00043491,2008,2,7,,,0.0,,,,,,,,,,,,,
USC00043491,2008,2,8,,,0.0,,,,,,,,,,,,,
USC00043491,2008,2,9,,,0.0,,,,,,,,,,,,,
USC00043491,2008,3,1,,,13.0,,,,,,,,,,,,,
USC00043491,2008,3,10,,,0.0,,,,,,,,,,,,,
USC00043491,2008,3,11,,,0.0,,,,,,,,,,,,,
USC00043491,2008,3,12,,,226.0,,,,,,,,,,,,,
USC00043491,2008,3,13,,,18.0,,,,,,,,,,,,,
USC00043491,2008,3,14,,,0.0,,,,,,,,,,,,,
USC00043491,2008,3,15,,,142.0,,,,,,,,,,,,,
USC00043491,2008,3,16,,,0.0,,,,,,,,,,,,,
USC00043491,2008,3,17,,,0.0,,,,,,,,,,,,,
USC00043491,2008,3,18,,,0.0,,,,,,,,,,,,,
USC00043491,2008,3,19,,,0.0,,,,,,,,,,,,,
USC00043491,2008,3,2,,,0.0,,,,,,,,,,,,,
USC00043491,2008,3,20,,,46.0,,,,,,,,,,,,,
USC00043491,2008,3,21,,,0.0,,,,,,,,,,,,,
USC00043491,2008,3,22,,,0.0,,,,,,,,,,,,,
USC00043491,2008,3,23,,,0.0,,,,,,,,,,,,,
USC00043491,2008,3,24,,,0.0,,,,,,,,,,,,,
USC00043491,2008,3,25,,,0.0,,,,,,,,,,,,,
USC00043491,2008,3,26,,,0.0,,,,,,,,,,,,,
USC00043491,2008,3,27,,,0.0,,,,,,,,,,,,,
USC00043491,2008,3,28,,,0.0,,,,,,,,,,,,,
USC00043491,2008,3,29,,,79.0,,,,,,,,,,,,,
USC00043491,2008,3,3,,,0.0,,,,,,,,,,,,,
USC00043491,2008,3,30,,,13.0,,,,,,,,,,,,,
USC00043491,2008,3,31,,,0.0,,,,,,,,,,,,,
USC00043491,2008,3,4,,,0.0,,,,,,,,,,,,,
USC00043491,2008,3,5,,,0.0,,,,,,,,,,,,,
USC00043491,2008,3,6,,,0.0,,,,,,,,,,,,,
USC00043491,2008,3,7,,,0.0,,,,,,,,,,,,,
USC00043491,2008,3,8,,,0.0,,,,,,,,,,,,,
USC00043491,2008,3,9,,,0.0,,,,,,,,,,,,,
USC00043491,2008,4,1,,,0.0,,,,,,,,,,,,,
USC00043491,2008,4,10,,,0.0,,,,,,,,,,,,,
USC00043491,2008,4,11,,,0.0,,,,,,,,,,,,,
USC00043491,2008,4,12,,,0.0,,,,,,,,,,,,,
USC00043491,2008,4,13,,,0.0,,,,,,,,,,,,,
USC00043491,2008,4,14,,,0.0,,,,,,,,,,,,,
USC00043491,2008,4,15,,,0.0,,,,,,,,,,,,,
USC00043491,2008,4,16,,,0.0,,,,,,,,,,,,,
USC00043491,2008,4,17,,,0.0,,,,,,,,,,,,,
USC00043491,2008,4,18,,,0.0,,,,,,,,,,,,,
USC00043491,2008,4,19,,,0.0,,,,,,,,,,,,,
USC00043491,2008,4,2,,,0.0,,,,,,,,,,,,,
USC00043491,2008,4,20,,,0.0,,,,,,,,,,,,,
USC00043491,2008,4,21,,,0.0,,,,,,,,,,,,,
USC00043491,2008,4,22,,,0.0,,,,,,,,,,,,,
USC00043491,2008,4,23,,,119.0,,,,,,,,,,,,,
USC00043491,2008,4,24,,,10.0,,,,,,,,,,,,,
USC00043491,2008,4,25,,,0.0,,,,,,,,,,,,,
USC00043491,2008,4,26,,,0.0,,,,,,,,,,,,,
USC00043491,2008,4,27,,,0.0,,,,,,,,,,,,,
USC00043491,2008,4,28,,,0.0,,,,,,,,,,,,,
USC00043491,2008,4,29,,,0.0,,,,,,,,,,,,,
USC00043491,2008,4,3,,,0.0,,,,,,,,,,,,,
USC00043491,2008,4,30,,,0.0,,,,,,,,,,,,,
USC00043491,2008,4,31,,,-9999.0,,,,,,,,,,,,,
USC00043491,2008,4,4,,,0.0,,,,,,,,,,,,,
USC00043491,2008,4,5,,,0.0,,,,,,,,,,,,,
USC00043491,2008,4,6,,,0.0,,,,,,,,,,,,,
USC00043491,2008,4,7,,,0.0,,,,,,,,,,,,,
USC00043491,2008,4,8,,,0.0,,,,,,,,,,,,,
USC00043491,2008,4,9,,,0.0,,,,,,,,,,,,,
USC00043491,2008,5,1,,,0.0,,,,,,,,,,,,,
USC00043491,2008,5,10,,,0.0,,,,,,,,,,,,,
USC00043491,2008,5,11,,,0.0,,,,,,,,,,,,,
USC00043491,2008,5,12,,,0.0,,,,,,,,,,,,,
USC00043491,2008,5,13,,,0.0,,,,,,,,,,,,,
USC00043491,2008,5,14,,,0.0,,,,,,,,,,,,,
USC00043491,2008,5,15,,,0.0,,,,,,,,,,,,,
USC00043491,2008,5,16,,,0.0,,,,,,,,,,,,,
USC00043491,2008,5,17,,,0.0,,,,,,,,,,,,,
USC00043491,2008,5,18,,,0.0,,,,,,,,,,,,,
USC00043491,2008,5,19,,,0.0,,,,,,,,,,,,,
USC00043491,2008,5,2,,,0.0,,,,,,,,,,,,,
USC00043491,2008,5,20,,,0.0,,,,,,,,,,,,,
USC00043491,2008,5,21,,,0.0,,,,,,,,,,,,,
USC00043491,2008,5,22,,,0.0,,,,,,,,,,,,,
USC00043491,2008,5,23,,,0.0,,,,,,,,,,,,,
USC00043491,2008,5,24,,,0.0,,,,,,,,,,,,,
USC00043491,2008,5,25,,,0.0,,,,,,,,,,,,,
USC00043491,2008,5,26,,,0.0,,,,,,,,,,,,,
USC00043491,2008,5,27,,,0.0,,,,,,,,,,,,,
USC00043491,2008,5,28,,,0.0,,,,,,,,,,,,,
USC00043491,2008,5,29,,,0.0,,,,,,,,,,,,,
USC00043491,2008,5,3,,,0.0,,,,,,,,,,,,,
USC00043491,2008,5,30,,,0.0,,,,,,,,,,,,,
USC00043491,2008,5,31,,,0.0,,,,,,,,,,,,,
USC00043491,2008,5,4,,,0.0,,,,,,,,,,,,,
USC00043491,2008,5,5,,,0.0,,,,,,,,,,,,,
USC00043491,2008,5,6,,,0.0,,,,,,,,,,,,,
USC00043491,2008,5,7,,,0.0,,,,,,,,,,,,,
USC00043491,2008,5,8,,,0.0,,,,,,,,,,,,,
USC00043491,2008,5,9,,,0.0,,,,,,,,,,,,,
USC00043491,2008,6,1,,,0.0,,,,,,,,,,,,,
USC00043491,2008,6,10,,,0.0,,,,,,,,,,,,,
USC00043491,2008,6,11,,,0.0,,,,,,,,,,,,,
USC00043491,2008,6,12,,,0.0,,,,,,,,,,,,,
USC00043491,2008,6,13,,,0.0,,,,,,,,,,,,,
USC00043491,2008,6,14,,,0.0,,,,,,,,,,,,,
USC00043491,2008,6,15,,,0.0,,,,,,,,,,,,,
USC00043491,2008,6,16,,,0.0,,,,,,,,,,,,,
USC00043491,2008,6,17,,,0.0,,,,,,,,,,,,,
USC00043491,2008,6,18,,,0.0,,,,,,,,,,,,,
USC00043491,2008,6,19,,,0.0,,,,,,,,,,,,,
USC00043491,2008,6,2,,,0.0,,,,,,,,,,,,,
USC00043491,2008,6,20,,,0.0,,,,,,,,,,,,,
USC00043491,2008,6,21,,,0.0,,,,,,,,,,,,,
USC00043491,2008,6,22,,,0.0,,,,,,,,,,,,,
USC00043491,2008,6,23,,,0.0,,,,,,,,,,,,,
USC00043491,2008,6,24,,,0.0,,,,,,,,,,,,,
USC00043491,2008,6,25,,,0.0,,,,,,,,,,,,,
USC00043491,2008,6,26,,,0.0,,,,,,,,,,,,,
USC00043491,2008,6,27,,,0.0,,,,,,,,,,,,,
USC00043491,2008,6,28,,,0.0,,,,,,,,,,,,,
USC00043491,2008,6,29,,,0.0,,,,,,,,,,,,,
USC00043491,2008,6,3,,,0.0,,,,,,,,,,,,,
USC00043491,2008,6,30,,,0.0,,,,,,,,,,,,,
USC00043491,2008,6,31,,,-9999.0,,,,,,,,,,,,,
USC00043491,2008,6,4,,,0.0,,,,,,,,,,,,,
USC00043491,2008,6,5,,,0.0,,,,,,,,,,,,,
USC00043491,2008,6,6,,,0.0,,,,,,,,,,,,,
USC00043491,2008,6,7,,,0.0,,,,,,,,,,,,,
USC00043491,2008,6,8,,,0.0,,,,,,,,,,,,,
USC00043491,2008,6,9,,,0.0,,,,,,,,,,,,,
USC00043491,2008,7,1,,,0.0,,,,,,,,,,,,,
USC00043491,2008,7,10,,,0.0,,,,,,,,,,,,,
USC00043491,2008,7,11,,,0.0,,,,,,,,,,,,,
USC00043491,2008,7,12,,,0.0,,,,,,,,,,,,,
USC00043491,2008,7,13,,,0.0,,,,,,,,,,,,,
USC00043491,2008,7,14,,,0.0,,,,,,,,,,,,,
USC00043491,2008,7,15,,,0.0,,,,,,,,,,,,,
USC00043491,2008,7,16,,,0.0,,,,,,,,,,,,,
USC00043491,2008,7,17,,,0.0,,,,,,,,,,,,,
USC00043491,2008,7,18,,,0.0,,,,,,,,,,,,,
USC00043491,2008,7,19,,,0.0,,,,,,,,,,,,,
USC00043491,2008,7,2,,,0.0,,,,,,,,,,,,,
USC00043491,2008,7,20,,,0.0,,,,,,,,,,,,,
USC00043491,2008,7,21,,,0.0,,,,,,,,,,,,,
USC00043491,2008,7,22,,,0.0,,,,,,,,,,,,,
USC00043491,2008,7,23,,,0.0,,,,,,,,,,,,,
USC00043491,2008,7,24,,,0.0,,,,,,,,,,,,,
USC00043491,2008,7,25,,,0.0,,,,,,,,,,,,,
USC00043491,2008,7,26,,,0.0,,,,,,,,,,,,,
USC00043491,2008,7,27,,,0.0,,,,,,,,,,,,,
USC00043491,2008,7,28,,,0.0,,,,,,,,,,,,,
USC00043491,2008,7,29,,,0.0,,,,,,,,,,,,,
USC00043491,2008,7,3,,,0.0,,,,,,,,,,,,,
USC00043491,2008,7,30,,,0.0,,,,,,,,,,,,,
USC00043491,2008,7,31,,,0.0,,,,,,,,,,,,,
USC00043491,2008,7,4,,,0.0,,,,,,,,,,,,,
USC00043491,2008,7,5,,,0.0,,,,,,,,,,,,,
USC00043491,2008,7,6,,,0.0,,,,,,,,,,,,,
USC00043491,2008,7,7,,,0.0,,,,,,,,,,,,,
USC00043491,2008,7,8,,,0.0,,,,,,,,,,,,,
USC00043491,2008,7,9,,,0.0,,,,,,,,,,,,,
USC00043491,2008,8,1,,,0.0,,,,,,,,,,,,,
USC00043491,2008,8,10,,,0.0,,,,,,,,,,,,,
USC00043491,2008,8,11,,,0.0,,,,,,,,,,,,,
USC00043491,2008,8,12,,,0.0,,,,,,,,,,,,,
USC00043491,2008,8,13,,,0.0,,,,,,,,,,,,,
USC00043491,2008,8,14,,,0.0,,,,,,,,,,,,,
USC00043491,2008,8,15,,,0.0,,,,,,,,,,,,,
USC00043491,2008,8,16,,,0.0,,,,,,,,,,,,,
USC00043491,2008,8,17,,,0.0,,,,,,,,,,,,,
USC00043491,2008,8,18,,,0.0,,,,,,,,,,,,,
USC00043491,2008,8,19,,,0.0,,,,,,,,,,,,,
USC00043491,2008,8,2,,,0.0,,,,,,,,,,,,,
USC00043491,2008,8,20,,,0.0,,,,,,,,,,,,,
USC00043491,2008,8,21,,,0.0,,,,,,,,,,,,,
USC00043491,2008,8,22,,,0.0,,,,,,,,,,,,,
USC00043491,2008,8,23,,,0.0,,,,,,,,,,,,,
USC00043491,2008,8,24,,,0.0,,,,,,,,,,,,,
USC00043491,2008,8,25,,,0.0,,,,,,,,,,,,,
USC00043491,2008,8,26,,,0.0,,,,,,,,,,,,,
USC00043491,2008,8,27,,,0.0,,,,,,,,,,,,,
USC00043491,2008,8,28,,,0.0,,,,,,,,,,,,,
USC00043491,2008,8,29,,,0.0,,,,,,,,,,,,,
USC00043491,2008,8,3,,,0.0,,,,,,,,,,,,,
USC00043491,2008,8,30,,,0.0,,,,,,,,,,,,,
USC00043491,2008,8,31,,,0.0,,,,,,,,,,,,,
USC00043491,2008,8,4,,,0.0,,,,,,,,,,,,,
USC00043491,2008,8,5,,,0.0,,,,,,,,,,,,,
USC00043491,2008,8,6,,,0.0,,,,,,,,,,,,,
USC00043491,2008,8,7,,,0.0,,,,,,,,,,,,,
USC00043491,2008,8,8,,,0.0,,,,,,,,,,,,,
USC00043491,2008,8,9,,,0.0,,,,,,,,,,,,,
USC00043491,2008,9,1,,,0.0,,,,,,,,,,,,,
USC00043491,2008,9,10,,,0.0,,,,,,,,,,,,,
USC00043491,2008,9,11,,,0.0,,,,,,,,,,,,,
USC00043491,2008,9,12,,,0.0,,,,,,,,,,,,,
USC00043491,2008,9,13,,,0.0,,,,,,,,,,,,,
USC00043491,2008,9,14,,,0.0,,,,,,,,,,,,,
USC00043491,2008,9,15,,,0.0,,,,,,,,,,,,,
USC00043491,2008,9,16,,,0.0,,,,,,,,,,,,,
USC00043491,2008,9,17,,,0.0,,,,,,,,,,,,,
USC00043491,2008,9,18,,,0.0,,,,,,,,,,,,,
USC00043491,2008,9,19,,,0.0,,,,,,,,,,,,,
USC00043491,2008,9,2,,,0.0,,,,,,,,,,,,,
USC00043491,2008,9,20,,,0.0,,,,,,,,,,,,,
USC00043491,2008,9,21,,,0.0,,,,,,,,,,,,,
USC00043491,2008,9,22,,,0.0,,,,,,,,,,,,,
USC00043491,2008,9,23,,,0.0,,,,,,,,,,,,,
USC00043491,2008,9,24,,,0.0,,,,,,,,,,,,,
USC00043491,2008,9,25,,,0.0,,,,,,,,,,,,,
USC00043491,2008,9,26,,,0.0,,,,,,,,,,,,,
USC00043491,2008,9,27,,,0.0,,,,,,,,,,,,,
USC00043491,2008,9,28,,,0.0,,,,,,,,,,,,,
USC00043491,2008,9,29,,,0.0,,,,,,,,,,,,,
USC00043491,2008,9,3,,,0.0,,,,,,,,,,,,,
USC00043491,2008,9,30,,,0.0,,,,,,,,,,,,,
USC00043491,2008,9,31,,,-9999.0,,,,,,,,,,,,,
USC00043491,2008,9,4,,,0.0,,,,,,,,,,,,,
USC00043491,2008,9,5,,,0.0,,,,,,,,,,,,,
USC00043491,2008,9,6,,,0.0,,,,,,,,,,,,,
USC00043491,2008,9,7,,,0.0,,,,,,,,,,,,,
USC00043491,2008,9,8,,,0.0,,,,,,,,,,,,,
USC00043491,2008,9,9,,,0.0,,,,,,,,,,,,,
USC00043491,2008,10,1,,,0.0,,,,,,,,,,,,,
USC00043491,2008,10,10,,,0.0,,,,,,,,,,,,,
USC00043491,2008,10,11,,,0.0,,,,,,,,,,,,,
USC00043491,2008,10,12,,,0.0,,,,,,,,,,,,,
USC00043491,2008,10,13,,,0.0,,,,,,,,,,,,,
USC00043491,2008,10,14,,,0.0,,,,,,,,,,,,,
USC00043491,2008,10,15,,,0.0,,,,,,,,,,,,,
USC00043491,2008,10,16,,,0.0,,,,,,,,,,,,,
USC00043491,2008,10,17,,,0.0,,,,,,,,,,,,,
USC00043491,2008,10,18,,,0.0,,,,,,,,,,,,,
USC00043491,2008,10,19,,,0.0,,,,,,,,,,,,,
USC00043491,2008,10,2,,,0.0,,,,,,,,,,,,,
USC00043491,2008,10,20,,,0.0,,,,,,,,,,,,,
USC00043491,2008,10,21,,,0.0,,,,,,,,,,,,,
USC00043491,2008,10,22,,,0.0,,,,,,,,,,,,,
USC00043491,2008,10,23,,,0.0,,,,,,,,,,,,,
USC00043491,2008,10,24,,,0.0,,,,,,,,,,,,,
USC00043491,2008,10,25,,,0.0,,,,,,,,,,,,,
USC00043491,2008,10,26,,,0.0,,,,,,,,,,,,,
USC00043491,2008,10,27,,,0.0,,,,,,,,,,,,,
USC00043491,2008,10,28,,,0.0,,,,,,,,,,,,,
USC00043491,2008,10,29,,,0.0,,,,,,,,,,,,,
USC00043491,2008,10,3,,,0.0,,,,,,,,,,,,,
USC00043491,2008,10,30,,,0.0,,,,,,,,,,,,,
USC00043491,2008,10,31,,,122.0,,,,,,,,,,,,,
USC00043491,2008,10,4,,,198.0,,,,,,,,,,,,,
USC00043491,2008,10,5,,,56.0,,,,,,,,,,,,,
USC00043491,2008,10,6,,,0.0,,,,,,,,,,,,,
USC00043491,2008,10,7,,,0.0,,,,,,,,,,,,,
USC00043491,2008,10,8,,,0.0,,,,,,,,,,,,,
USC00043491,2008,10,9,,,0.0,,,,,,,,,,,,,
USC00043491,2008,11,1,,,117.0,,,,,,,,,,,,,
USC00043491,2008,11,10,,,5.0,,,,,,,,,,,,,
USC00043491,2008,11,11,,,0.0,,,,,,,,,,,,,
USC00043491,2008,11,12,,,0.0,,,,,,,,,,,,,
USC00043491,2008,11,13,,,0.0,,,,,,,,,,,,,
USC00043491,2008,11,14,,,0.0,,,,,,,,,,,,,
USC00043491,2008,11,15,,,0.0,,,,,,,,,,,,,
USC00043491,2008,11,16,,,0.0,,,,,,,,,,,,,
USC00043491,2008,11,17,,,0.0,,,,,,,,,,,,,
USC00043491,2008,11,18,,,0.0,,,,,,,,,,,,,
USC00043491,2008,11,19,,,0.0,,,,,,,,,,,,,
USC00043491,2008,11,2,,,803.0,,,,,,,,,,,,,
USC00043491,2008,11,20,,,0.0,,,,,,,,,,,,,
USC00043491,2008,11,21,,,0.0,,,,,,,,,,,,,
USC00043491,2008,11,22,,,0.0,,,,,,,,,,,,,
USC00043491,2008,11,23,,,0.0,,,,,,,,,,,,,
USC00043491,2008,11,24,,,0.0,,,,,,,,,,,,,
USC00043491,2008,11,25,,,0.0,,,,,,,,,,,,,
USC00043491,2008,11,26,,,0.0,,,,,,,,,,,,,
USC00043491,2008,11,27,,,71.0,,,,,,,,,,,,,
USC00043491,2008,11,28,,,0.0,,,,,,,,,,,,,
USC00043491,2008,11,29,,,0.0,,,,,,,,,,,,,
USC00043491,2008,11,3,,,41.0,,,,,,,,,,,,,
USC00043491,2008,11,30,,,0.0,,,,,,,,,,,,,
USC00043491,2008,11,31,,,-9999.0,,,,,,,,,,,,,
USC00043491,2008,11,4,,,193.0,,,,,,,,,,,,,
USC00043491,2008,11,5,,,5.0,,,,,,,,,,,,,
USC00043491,2008,11,6,,,0.0,,,,,,,,,,,,,
USC00043491,2008,11,7,,,0.0,,,,,,,,,,,,,
USC00043491,2008,11,8,,,0.0,,,,,,,,,,,,,
USC00043491,2008,11,9,,,193.0,,,,,,,,,,,,,
USC00043491,2008,12,1,,,0.0,,,,,,,,,,,,,
USC00043491,2008,12,10,,,0.0,,,,,,,,,,,,,
USC00043491,2008,12,11,,,0.0,,,,,,,,,,,,,
USC00043491,2008,12,12,,,0.0,,,,,,,,,,,,,
USC00043491,2008,12,13,,,127.0,,,,,,,,,,,,,
USC00043491,2008,12,14,,,3.0,,,,,,,,,,,,,
USC00043491,2008,12,15,,,193.0,,,,,,,,,,,,,
USC00043491,2008,12,16,,,130.0,,,,,,,,,,,,,
USC00043491,2008,12,17,,,198.0,,,,,,,,,,,,,
USC00043491,2008,12,18,,,0.0,,,,,,,,,,,,,
USC00043491,2008,12,19,,,417.0,,,,,,,,,,,,,
USC00043491,2008,12,2,,,0.0,,,,,,,,,,,,,
USC00043491,2008,12,20,,,36.0,,,,,,,,,,,,,
USC00043491,2008,12,21,,,0.0,,,,,,,,,,,,,
USC00043491,2008,12,22,,,0.0,,,,,,,,,,,,,
USC00043491,2008,12,23,,,0.0,,,,,,,,,,,,,
USC00043491,2008,12,24,,,188.0,,,,,,,,,,,,,
USC00043491,2008,12,25,,,366.0,,,,,,,,,,,,,
USC00043491,2008,12,26,,,48.0,,,,,,,,,,,,,
USC00043491,2008,12,27,,,0.0,,,,,,,,,,,,,
USC00043491,2008,12,28,,,0.0,,,,,,,,,,,,,
USC00043491,2008,12,29,,,0.0,,,,,,,,,,,,,
USC00043491,2008,12,3,,,0.0,,,,,,,,,,,,,
USC00043491,2008,12,30,,,0.0,,,,,,,,,,,,,
USC00043491,2008,12,31,,,0.0,,,,,,,,,,,,,
USC00043491,2008,12,4,,,0.0,,,,,,,,,,,,,
USC00043491,2008,12,5,,,0.0,,,,,,,,,,,,,
USC00043491,2008,12,6,,,0.0,,,,,,,,,,,,,
USC00043491,2008,12,7,,,0.0,,,,,,,,,,,,,
USC00043491,2008,12,8,,,0.0,,,,,,,,,,,,,
USC00043491,2008,12,9,,,0.0,,,,,,,,,,,,,
USC00043491,2009,1,1,,,0.0,,,,,,,,,,,,,
USC00043491,2009,1,10,,,0.0,,,,,,,,,,,,,
USC00043491,2009,1,11,,,0.0,,,,,,,,,,,,,
USC00043491,2009,1,12,,,0.0,,,,,,,,,,,,,
USC00043491,2009,1,13,,,0.0,,,,,,,,,,,,,
USC00043491,2009,1,14,,,0.0,,,,,,,,,,,,,
USC00043491,2009,1,15,,,0.0,,,,,,,,,,,,,
USC00043491,2009,1,16,,,0.0,,,,,,,,,,,,,
USC00043491,2009,1,17,,,0.0,,,,,,,,,,,,,
USC00043491,2009,1,18,,,0.0,,,,,,,,,,,,,
USC00043491,2009,1,19,,,0.0,,,,,,,,,,,,,
USC00043491,2009,1,2,,,41.0,,,,,,,,,,,,,
USC00043491,2009,1,20,,,0.0,,,,,,,,,,,,,
USC00043491,2009,1,21,,,0.0,,,,,,,,,,,,,
USC00043491,2009,1,22,,,231.0,,,,,,,,,,,,,
USC00043491,2009,1,23,,,224.0,,,,,,,,,,,,,
USC00043491,2009,1,24,,,216.0,,,,,,,,,,,,,
USC00043491,2009,1,25,,,86.0,,,,,,,,,,,,,
USC00043491,2009,1,26,,,91.0,,,,,,,,,,,,,
USC00043491,2009,1,27,,,0.0,,,,,,,,,,,,,
USC00043491,2009,1,28,,,0.0,,,,,,,,,,,,,
USC00043491,2009,1,29,,,0.0,,,,,,,,,,,,,
USC00043491,2009,1,3,,,0.0,,,,,,,,,,,,,
USC00043491,2009,1,30,,,0.0,,,,,,,,,,,,,
USC00043491,2009,1,31,,,0.0,,,,,,,,,,,,,
USC00043491,2009,1,4,,,257.0,,,,,,,,,,,,,
USC00043491,2009,1,5,,,0.0,,,,,,,,,,,,,
USC00043491,2009,1,6,,,28.0,,,,,,,,,,,,,
USC00043491,2009,1,7,,,0.0,,,,,,,,,,,,,
USC00043491,2009,1,8,,,0.0,,,,,,,,,,,,,
USC00043491,2009,1,9,,,0.0,,,,,,,,,,,,,
USC00043491,2009,2,1,,,0.0,,,,,,,,,,,,,
USC00043491,2009,2,10,,,0.0,,,,,,,,,,,,,
USC00043491,2009,2,11,,,97.0,,,,,,,,,,,,,
USC00043491,2009,2,12,,,155.0,,,,,,,,,,,,,
USC00043491,2009,2,13,,,218.0,,,,,,,,,,,,,
USC00043491,2009,2,14,,,226.0,,,,,,,,,,,,,
USC00043491,2009,2,15,,,28.0,,,,,,,,,,,,,
USC00043491,2009,2,16,,,135.0,,,,,,,,,,,,,
USC00043491,2009,2,17,,,193.0,,,,,,,,,,,,,
USC00043491,2009,2,18,,,234.0,,,,,,,,,,,,,
USC00043491,2009,2,19,,,0.0,,,,,,,,,,,,,
USC00043491,2009,2,2,,,0.0,,,,,,,,,,,,,
USC00043491,2009,2,20,,,0.0,,,,,,,,,,,,,
USC00043491,2009,2,21,,,0.0,,,,,,,,,,,,,
USC00043491,2009,2,22,,,97.0,,,,,,,,,,,,,
USC00043491,2009,2,23,,,455.0,,,,,,,,,,,,,
USC00043491,2009,2,24,,,503.0,,,,,,,,,,,,,
USC00043491,2009,2,25,,,13.0,,,,,,,,,,,,,
USC00043491,2009,2,26,,,132.0,,,,,,,,,,,,,
USC00043491,2009,2,27,,,13.0,,,,,,,,,,,,,
USC00043491,2009,2,28,,,0.0,,,,,,,,,,,,,
USC00043491,2009,2,29,,,-9999.0,,,,,,,,,,,,,
USC00043491,2009,2,3,,,0.0,,,,,,,,,,,,,
USC00043491,2009,2,30,,,-9999.0,,,,,,,,,,,,,
USC00043491,2009,2,31,,,-9999.0,,,,,,,,,,,,,
USC00043491,2009,2,4,,,0.0,,,,,,,,,,,,,
USC00043491,2009,2,5,,,0.0,,,,,,,,,,,,,
USC00043491,2009,2,6,,,66.0,,,,,,,,,,,,,
USC00043491,2009,2,7,,,20.0,,,,,,,,,,,,,
USC00043491,2009,2,8,,,0.0,,,,,,,,,,,,,
USC00043491,2009,2,9,,,297.0,,,,,,,,,,,,,
USC00043491,2009,3,1,,,0.0,,,,,,,,,,,,,
USC00043491,2009,3,10,,,0.0,,,,,,,,,,,,,
USC00043491,2009,3,11,,,0.0,,,,,,,,,,,,,
USC00043491,2009,3,12,,,0.0,,,,,,,,,,,,,
USC00043491,2009,3,13,,,0.0,,,,,,,,,,,,,
USC00043491,2009,3,14,,,0.0,,,,,,,,,,,,,
USC00043491,2009,3,15,,,20.0,,,,,,,,,,,,,
USC00043491,2009,3,16,,,180.0,,,,,,,,,,,,,
USC00043491,2009,3,17,,,0.0,,,,,,,,,,,,,
USC00043491,2009,3,18,,,0.0,,,,,,,,,,,,,
USC00043491,2009,3,19,,,0.0,,,,,,,,,,,,,
USC00043491,2009,3,2,,,292.0,,,,,,,,,,,,,
USC00043491,2009,3,20,,,0.0,,,,,,,,,,,,,
USC00043491,2009,3,21,,,132.0,,,,,,,,,,,,,
USC00043491,2009,3,22,,,208.0,,,,,,,,,,,,,
USC00043491,2009,3,23,,,0.0,,,,,,,,,,,,,
USC00043491,2009,3,24,,,0.0,,,,,,,,,,,,,
USC00043491,2009,3,25,,,0.0,,,,,,,,,,,,,
USC00043491,2009,3,26,,,0.0,,,,,,,,,,,,,
USC00043491,2009,3,27,,,0.0,,,,,,,,,,,,,
USC00043491,2009,3,28,,,0.0,,,,,,,,,,,,,
USC00043491,2009,3,29,,,0.0,,,,,,,,,,,,,
USC00043491,2009,3,3,,,366.0,,,,,,,,,,,,,
USC00043491,2009,3,30,,,0.0,,,,,,,,,,,,,
USC00043491,2009,3,31,,,0.0,,,,,,,,,,,,,
USC00043491,2009,3,4,,,10.0,,,,,,,,,,,,,
USC00043491,2009,3,5,,,5.0,,,,,,,,,,,,,
USC00043491,2009,3,6,,,0.0,,,,,,,,,,,,,
USC00043491,2009,3,7,,,0.0,,,,,,,,,,,,,
USC00043491,2009,3,8,,,0.0,,,,,,,,,,,,,
USC00043491,2009,3,9,,,3.0,,,,,,,,,,,,,
USC00043491,2009,4,1,,,0.0,,,,,,,,,,,,,
USC00043491,2009,4,10,,,206.0,,,,,,,,,,,,,
USC00043491,2009,4,11,,,53.0,,,,,,,,,,,,,
USC00043491,2009,4,12,,,0.0,,,,,,,,,,,,,
USC00043491,2009,4,13,,,0.0,,,,,,,,,,,,,
USC00043491,2009,4,14,,,0.0,,,,,,,,,,,,,
USC00043491,2009,4,15,,,0.0,,,,,,,,,,,,,
USC00043491,2009,4,16,,,0.0,,,,,,,,,,,,,
USC00043491,2009,4,17,,,0.0,,,,,,,,,,,,,
USC00043491,2009,4,18,,,0.0,,,,,,,,,,,,,
USC00043491,2009,4,19,,,0.0,,,,,,,,,,,,,
USC00043491,2009,4,2,,,0.0,,,,,,,,,,,,,
USC00043491,2009,4,20,,,0.0,,,,,,,,,,,,,
USC00043491,2009,4,21,,,0.0,,,,,,,,,,,,,
USC00043491,2009,4,22,,,0.0,,,,,,,,,,,,,
USC00043491,2009,4,23,,,0.0,,,,,,,,,,,,,
USC00043491,2009,4,24,,,8.0,,,,,,,,,,,,,
USC00043491,2009,4,25,,,0.0,,,,,,,,,,,,,
USC00043491,2009,4,26,,,0.0,,,,,,,,,,,,,
USC00043491,2009,4,27,,,0.0,,,,,,,,,,,,,
USC00043491,2009,4,28,,,0.0,,,,,,,,,,,,,
USC00043491,2009,4,29,,,0.0,,,,,,,,,,,,,
USC00043491,2009,4,3,,,0.0,,,,,,,,,,,,,
USC00043491,2009,4,30,,,0.0,,,,,,,,,,,,,
USC00043491,2009,4,31,,,-9999.0,,,,,,,,,,,,,
USC00043491,2009,4,4,,,0.0,,,,,,,,,,,,,
USC00043491,2009,4,5,,,0.0,,,,,,,,,,,,,
USC00043491,2009,4,6,,,0.0,,,,,,,,,,,,,
USC00043491,2009,4,7,,,0.0,,,,,,,,,,,,,
USC00043491,2009,4,8,,,213.0,,,,,,,,,,,,,
USC00043491,2009,4,9,,,157.0,,,,,,,,,,,,,
USC00043491,2009,5,1,,,13.0,,,,,,,,,,,,,
USC00043491,2009,5,10,,,0.0,,,,,,,,,,,,,
USC00043491,2009,5,11,,,0.0,,,,,,,,,,,,,
USC00043491,2009,5,12,,,0.0,,,,,,,,,,,,,
USC00043491,2009,5,13,,,0.0,,,,,,,,,,,,,
USC00043491,2009,5,14,,,0.0,,,,,,,,,,,,,
USC00043491,2009,5,15,,,0.0,,,,,,,,,,,,,
USC00043491,2009,5,16,,,0.0,,,,,,,,,,,,,
USC00043491,2009,5,17,,,0.0,,,,,,,,,,,,,
USC00043491,2009,5,18,,,0.0,,,,,,,,,,,,,
USC00043491,2009,5,19,,,0.0,,,,,,,,,,,,,
USC00043491,2009,5,2,,,612.0,,,,,,,,,,,,,
USC00043491,2009,5,20,,,0.0,,,,,,,,,,,,,
USC00043491,2009,5,21,,,0.0,,,,,,,,,,,,,
USC00043491,2009,5,22,,,0.0,,,,,,,,,,,,,
USC00043491,2009,5,23,,,0.0,,,,,,,,,,,,,
USC00043491,2009,5,24,,,0.0,,,,,,,,,,,,,
USC00043491,2009,5,25,,,0.0,,,,,,,,,,,,,
USC00043491,2009,5,26,,,0.0,,,,,,,,,,,,,
USC00043491,2009,5,27,,,0.0,,,,,,,,,,,,,
USC00043491,2009,5,28,,,0.0,,,,,,,,,,,,,
USC00043491,2009,5,29,,,0.0,,,,,,,,,,,,,
USC00043491,2009,5,3,,,257.0,,,,,,,,,,,,,
USC00043491,2009,5,30,,,0.0,,,,,,,,,,,,,
USC00043491,2009,5,31,,,0.0,,,,,,,,,,,,,
USC00043491,2009,5,4,,,203.0,,,,,,,,,,,,,
USC00043491,2009,5,5,,,457.0,,,,,,,,,,,,,
USC00043491,2009,5,6,,,51.0,,,,,,,,,,,,,
USC00043491,2009,5,7,,,0.0,,,,,,,,,,,,,
USC00043491,2009,5,8,,,0.0,,,,,,,,,,,,,
USC00043491,2009,5,9,,,0.0,,,,,,,,,,,,,
USC00043491,2009,6,1,,,0.0,,,,,,,,,,,,,
USC00043491,2009,6,10,,,0.0,,,,,,,,,,,,,
USC00043491,2009,6,11,,,0.0,,,,,,,,,,,,,
USC00043491,2009,6,12,,,0.0,,,,,,,,,,,,,
USC00043491,2009,6,13,,,0.0,,,,,,,,,,,,,
USC00043491,2009,6,14,,,0.0,,,,,,,,,,,,,
USC00043491,2009,6,15,,,0.0,,,,,,,,,,,,,
USC00043491,2009,6,16,,,0.0,,,,,,,,,,,,,
USC00043491,2009,6,17,,,0.0,,,,,,,,,,,,,
USC00043491,2009,6,18,,,0.0,,,,,,,,,,,,,
USC00043491,2009,6,19,,,0.0,,,,,,,,,,,,,
USC00043491,2009,6,2,,,0.0,,,,,,,,,,,,,
USC00043491,2009,6,20,,,0.0,,,,,,,,,,,,,
USC00043491,2009,6,21,,,0.0,,,,,,,,,,,,,
USC00043491,2009,6,22,,,0.0,,,,,,,,,,,,,
USC00043491,2009,6,23,,,0.0,,,,,,,,,,,,,
USC00043491,2009,6,24,,,0.0,,,,,,,,,,,,,
USC00043491,2009,6,25,,,0.0,,,,,,,,,,,,,
USC00043491,2009,6,26,,,0.0,,,,,,,,,,,,,
USC00043491,2009,6,27,,,0.0,,,,,,,,,,,,,
USC00043491,2009,6,28,,,0.0,,,,,,,,,,,,,
USC00043491,2009,6,29,,,0.0,,,,,,,,,,,,,
USC00043491,2009,6,3,,,0.0,,,,,,,,,,,,,
USC00043491,2009,6,30,,,0.0,,,,,,,,,,,,,
USC00043491,2009,6,31,,,-9999.0,,,,,,,,,,,,,
USC00043491,2009,6,4,,,107.0,,,,,,,,,,,,,
USC00043491,2009,6,5,,,0.0,,,,,,,,,,,,,
USC00043491,2009,6,6,,,0.0,,,,,,,,,,,,,
USC00043491,2009,6,7,,,0.0,,,,,,,,,,,,,
USC00043491,2009,6,8,,,0.0,,,,,,,,,,,,,
USC00043491,2009,6,9,,,0.0,,,,,,,,,,,,,
USC00043491,2009,7,1,,,0.0,,,,,,,,,,,,,
USC00043491,2009,7,10,,,0.0,,,,,,,,,,,,,
USC00043491,2009,7,11,,,0.0,,,,,,,,,,,,,
USC00043491,2009,7,12,,,0.0,,,,,,,,,,,,,
USC00043491,2009,7,13,,,0.0,,,,,,,,,,,,,
USC00043491,2009,7,14,,,0.0,,,,,,,,,,,,,
USC00043491,2009,7,15,,,0.0,,,,,,,,,,,,,
USC00043491,2009,7,16,,,0.0,,,,,,,,,,,,,
USC00043491,2009,7,17,,,0.0,,,,,,,,,,,,,
USC00043491,2009,7,18,,,0.0,,,,,,,,,,,,,
USC00043491,2009,7,19,,,0.0,,,,,,,,,,,,,
USC00043491,2009,7,2,,,0.0,,,,,,,,,,,,,
USC00043491,2009,7,20,,,0.0,,,,,,,,,,,,,
USC00043491,2009,7,21,,,0.0,,,,,,,,,,,,,
USC00043491,2009,7,22,,,0.0,,,,,,,,,,,,,
USC00043491,2009,7,23,,,0.0,,,,,,,,,,,,,
USC00043491,2009,7,24,,,0.0,,,,,,,,,,,,,
USC00043491,2009,7,25,,,0.0,,,,,,,,,,,,,
USC00043491,2009,7,26,,,0.0,,,,,,,,,,,,,
USC00043491,2009,7,27,,,0.0,,,,,,,,,,,,,
USC00043491,2009,7,28,,,0.0,,,,,,,,,,,,,
USC00043491,2009,7,29,,,0.0,,,,,,,,,,,,,
USC00043491,2009,7,3,,,0.0,,,,,,,,,,,,,
USC00043491,2009,7,30,,,0.0,,,,,,,,,,,,,
USC00043491,2009,7,31,,,0.0,,,,,,,,,,,,,
USC00043491,2009,7,4,,,0.0,,,,,,,,,,,,,
USC00043491,2009,7,5,,,0.0,,,,,,,,,,,,,
USC00043491,2009,7,6,,,0.0,,,,,,,,,,,,,
USC00043491,2009,7,7,,,0.0,,,,,,,,,,,,,
USC00043491,2009,7,8,,,0.0,,,,,,,,,,,,,
USC00043491,2009,7,9,,,0.0,,,,,,,,,,,,,
USC00043491,2009,8,1,,,0.0,,,,,,,,,,,,,
USC00043491,2009,8,10,,,0.0,,,,,,,,,,,,,
USC00043491,2009,8,11,,,0.0,,,,,,,,,,,,,
USC00043491,2009,8,12,,,0.0,,,,,,,,,,,,,
USC00043491,2009,8,13,,,0.0,,,,,,,,,,,,,
USC00043491,2009,8,14,,,0.0,,,,,,,,,,,,,
USC00043491,2009,8,15,,,0.0,,,,,,,,,,,,,
USC00043491,2009,8,16,,,0.0,,,,,,,,,,,,,
USC00043491,2009,8,17,,,0.0,,,,,,,,,,,,,
USC00043491,2009,8,18,,,0.0,,,,,,,,,,,,,
USC00043491,2009,8,19,,,0.0,,,,,,,,,,,,,
USC00043491,2009,8,2,,,0.0,,,,,,,,,,,,,
USC00043491,2009,8,20,,,0.0,,,,,,,,,,,,,
USC00043491,2009,8,21,,,0.0,,,,,,,,,,,,,
USC00043491,2009,8,22,,,0.0,,,,,,,,,,,,,
USC00043491,2009,8,23,,,0.0,,,,,,,,,,,,,
USC00043491,2009,8,24,,,0.0,,,,,,,,,,,,,
USC00043491,2009,8,25,,,0.0,,,,,,,,,,,,,
USC00043491,2009,8,26,,,0.0,,,,,,,,,,,,,
USC00043491,2009,8,27,,,0.0,,,,,,,,,,,,,
USC00043491,2009,8,28,,,0.0,,,,,,,,,,,,,
USC00043491,2009,8,29,,,0.0,,,,,,,,,,,,,
USC00043491,2009,8,3,,,0.0,,,,,,,,,,,,,
USC00043491,2009,8,30,,,0.0,,,,,,,,,,,,,
USC00043491,2009,8,31,,,0.0,,,,,,,,,,,,,
USC00043491,2009,8,4,,,0.0,,,,,,,,,,,,,
USC00043491,2009,8,5,,,0.0,,,,,,,,,,,,,
USC00043491,2009,8,6,,,0.0,,,,,,,,,,,,,
USC00043491,2009,8,7,,,0.0,,,,,,,,,,,,,
USC00043491,2009,8,8,,,0.0,,,,,,,,,,,,,
USC00043491,2009,8,9,,,0.0,,,,,,,,,,,,,
USC00043491,2009,9,1,,,0.0,,,,,,,,,,,,,
USC00043491,2009,9,10,,,0.0,,,,,,,,,,,,,
USC00043491,2009,9,11,,,0.0,,,,,,,,,,,,,
USC00043491,2009,9,12,,,0.0,,,,,,,,,,,,,
USC00043491,2009,9,13,,,0.0,,,,,,,,,,,,,
USC00043491,2009,9,14,,,20.0,,,,,,,,,,,,,
USC00043491,2009,9,15,,,0.0,,,,,,,,,,,,,
USC00043491,2009,9,16,,,0.0,,,,,,,,,,,,,
USC00043491,2009,9,17,,,0.0,,,,,,,,,,,,,
USC00043491,2009,9,18,,,0.0,,,,,,,,,,,,,
USC00043491,2009,9,19,,,0.0,,,,,,,,,,,,,
USC00043491,2009,9,2,,,0.0,,,,,,,,,,,,,
USC00043491,2009,9,20,,,0.0,,,,,,,,,,,,,
USC00043491,2009,9,21,,,0.0,,,,,,,,,,,,,
USC00043491,2009,9,22,,,0.0,,,,,,,,,,,,,
USC00043491,2009,9,23,,,0.0,,,,,,,,,,,,,
USC00043491,2009,9,24,,,0.0,,,,,,,,,,,,,
USC00043491,2009,9,25,,,0.0,,,,,,,,,,,,,
USC00043491,2009,9,26,,,0.0,,,,,,,,,,,,,
USC00043491,2009,9,27,,,0.0,,,,,,,,,,,,,
USC00043491,2009,9,28,,,0.0,,,,,,,,,,,,,
USC00043491,2009,9,29,,,0.0,,,,,,,,,,,,,
USC00043491,2009,9,3,,,0.0,,,,,,,,,,,,,
USC00043491,2009,9,30,,,0.0,,,,,,,,,,,,,
USC00043491,2009,9,31,,,-9999.0,,,,,,,,,,,,,
USC00043491,2009,9,4,,,0.0,,,,,,,,,,,,,
USC00043491,2009,9,5,,,0.0,,,,,,,,,,,,,
USC00043491,2009,9,6,,,0.0,,,,,,,,,,,,,
USC00043491,2009,9,7,,,0.0,,,,,,,,,,,,,
USC00043491,2009,9,8,,,0.0,,,,,,,,,,,,,
USC00043491,2009,9,9,,,0.0,,,,,,,,,,,,,
USC00043491,2009,10,1,,,0.0,,,,,,,,,,,,,
USC00043491,2009,10,10,,,0.0,,,,,,,,,,,,,
USC00043491,2009,10,11,,,0.0,,,,,,,,,,,,,
USC00043491,2009,10,12,,,0.0,,,,,,,,,,,,,
USC00043491,2009,10,13,,,81.0,,,,,,,,,,,,,
USC00043491,2009,10,14,,,719.0,,,,,,,,,,,,,
USC00043491,2009,10,15,,,58.0,,,,,,,,,,,,,
USC00043491,2009,10,16,,,8.0,,,,,,,,,,,,,
USC00043491,2009,10,17,,,0.0,,,,,,,,,,,,,
USC00043491,2009,10,18,,,0.0,,,,,,,,,,,,,
USC00043491,2009,10,19,,,20.0,,,,,,,,,,,,,
USC00043491,2009,10,2,,,0.0,,,,,,,,,,,,,
USC00043491,2009,10,20,,,56.0,,,,,,,,,,,,,
USC00043491,2009,10,21,,,0.0,,,,,,,,,,,,,
USC00043491,2009,10,22,,,0.0,,,,,,,,,,,,,
USC00043491,2009,10,23,,,0.0,,,,,,,,,,,,,
USC00043491,2009,10,24,,,0.0,,,,,,,,,,,,,
USC00043491,2009,10,25,,,0.0,,,,,,,,,,,,,
USC00043491,2009,10,26,,,0.0,,,,,,,,,,,,,
USC00043491,2009,10,27,,,0.0,,,,,,,,,,,,,
USC00043491,2009,10,28,,,0.0,,,,,,,,,,,,,
USC00043491,2009,10,29,,,0.0,,,,,,,,,,,,,
USC00043491,2009,10,3,,,0.0,,,,,,,,,,,,,
USC00043491,2009,10,30,,,0.0,,,,,,,,,,,,,
USC00043491,2009,10,31,,,0.0,,,,,,,,,,,,,
USC00043491,2009,10,4,,,0.0,,,,,,,,,,,,,
USC00043491,2009,10,5,,,0.0,,,,,,,,,,,,,
USC00043491,2009,10,6,,,0.0,,,,,,,,,,,,,
USC00043491,2009,10,7,,,0.0,,,,,,,,,,,,,
USC00043491,2009,10,8,,,0.0,,,,,,,,,,,,,
USC00043491,2009,10,9,,,0.0,,,,,,,,,,,,,
USC00043491,2009,11,1,,,0.0,,,,,,,,,,,,,
USC00043491,2009,11,10,,,0.0,,,,,,,,,,,,,
USC00043491,2009,11,11,,,0.0,,,,,,,,,,,,,
USC00043491,2009,11,12,,,69.0,,,,,,,,,,,,,
USC00043491,2009,11,13,,,0.0,,,,,,,,,,,,,
USC00043491,2009,11,14,,,0.0,,,,,,,,,,,,,
USC00043491,2009,11,15,,,0.0,,,,,,,,,,,,,
USC00043491,2009,11,16,,,0.0,,,,,,,,,,,,,
USC00043491,2009,11,17,,,0.0,,,,,,,,,,,,,
USC00043491,2009,11,18,,,155.0,,,,,,,,,,,,,
USC00043491,2009,11,19,,,0.0,,,,,,,,,,,,,
USC00043491,2009,11,2,,,0.0,,,,,,,,,,,,,
USC00043491,2009,11,20,,,0.0,,,,,,,,,,,,,
USC00043491,2009,11,21,,,206.0,,,,,,,,,,,,,
USC00043491,2009,11,22,,,41.0,,,,,,,,,,,,,
USC00043491,2009,11,23,,,0.0,,,,,,,,,,,,,
USC00043491,2009,11,24,,,0.0,,,,,,,,,,,,,
USC00043491,2009,11,25,,,0.0,,,,,,,,,,,,,
USC00043491,2009,11,26,,,0.0,,,,,,,,,,,,,
USC00043491,2009,11,27,,,0.0,,,,,,,,,,,,,
USC00043491,2009,11,28,,,122.0,,,,,,,,,,,,,
USC00043491,2009,11,29,,,0.0,,,,,,,,,,,,,
USC00043491,2009,11,3,,,0.0,,,,,,,,,,,,,
USC00043491,2009,11,30,,,0.0,,,,,,,,,,,,,
USC00043491,2009,11,31,,,-9999.0,,,,,,,,,,,,,
USC00043491,2009,11,4,,,0.0,,,,,,,,,,,,,
USC00043491,2009,11,5,,,0.0,,,,,,,,,,,,,
USC00043491,2009,11,6,,,0.0,,,,,,,,,,,,,
USC00043491,2009,11,7,,,66.0,,,,,,,,,,,,,
USC00043491,2009,11,8,,,0.0,,,,,,,,,,,,,
USC00043491,2009,11,9,,,0.0,,,,,,,,,,,,,
USC00043491,2009,12,1,,,0.0,,,,,,,,,,,,,
USC00043491,2009,12,10,,,0.0,,,,,,,,,,,,,
USC00043491,2009,12,11,,,0.0,,,,,,,,,,,,,
USC00043491,2009,12,12,,,460.0,,,,,,,,,,,,,
USC00043491,2009,12,13,,,566.0,,,,,,,,,,,,,
USC00043491,2009,12,14,,,234.0,,,,,,,,,,,,,
USC00043491,2009,12,15,,,0.0,,,,,,,,,,,,,
USC00043491,2009,12,16,,,28.0,,,,,,,,,,,,,
USC00043491,2009,12,17,,,0.0,,,,,,,,,,,,,
USC00043491,2009,12,18,,,0.0,,,,,,,,,,,,,
USC00043491,2009,12,19,,,0.0,,,,,,,,,,,,,
USC00043491,2009,12,2,,,0.0,,,,,,,,,,,,,
USC00043491,2009,12,20,,,0.0,,,,,,,,,,,,,
USC00043491,2009,12,21,,,41.0,,,,,,,,,,,,,
USC00043491,2009,12,22,,,173.0,,,,,,,,,,,,,
USC00043491,2009,12,23,,,0.0,,,,,,,,,,,,,
USC00043491,2009,12,24,,,0.0,,,,,,,,,,,,,
USC00043491,2009,12,25,,,0.0,,,,,,,,,,,,,
USC00043491,2009,12,26,,,0.0,,,,,,,,,,,,,
USC00043491,2009,12,27,,,86.0,,,,,,,,,,,,,
USC00043491,2009,12,28,,,0.0,,,,,,,,,,,,,
USC00043491,2009,12,29,,,41.0,,,,,,,,,,,,,
USC00043491,2009,12,3,,,0.0,,,,,,,,,,,,,
USC00043491,2009,12,30,,,147.0,,,,,,,,,,,,,
USC00043491,2009,12,31,,,41.0,,,,,,,,,,,,,
USC00043491,2009,12,4,,,0.0,,,,,,,,,,,,,
USC00043491,2009,12,5,,,0.0,,,,,,,,,,,,,
USC00043491,2009,12,6,,,0.0,,,,,,,,,,,,,
USC00043491,2009,12,7,,,201.0,,,,,,,,,,,,,
USC00043491,2009,12,8,,,0.0,,,,,,,,,,,,,
USC00043491,2009,12,9,,,0.0,,,,,,,,,,,,,
USC00043491,2010,1,1,,,0.0,,,,,,,,,,,,,
USC00043491,2010,1,10,,,20.0,,,,,,,,,,,,,
USC00043491,2010,1,11,,,0.0,,,,,,,,,,,,,
USC00043491,2010,1,12,,,99.0,,,,,,,,,,,,,
USC00043491,2010,1,13,,,323.0,,,,,,,,,,,,,
USC00043491,2010,1,14,,,38.0,,,,,,,,,,,,,
USC00043491,2010,1,15,,,0.0,,,,,,,,,,,,,
USC00043491,2010,1,16,,,0.0,,,,,,,,,,,,,
USC00043491,2010,1,17,,,0.0,,,,,,,,,,,,,
USC00043491,2010,1,18,,,277.0,,,,,,,,,,,,,
USC00043491,2010,1,19,,,470.0,,,,,,,,,,,,,
USC00043491,2010,1,2,,,0.0,,,,,,,,,,,,,
USC00043491,2010,1,20,,,211.0,,,,,,,,,,,,,
USC00043491,2010,1,21,,,356.0,,,,,,,,,,,,,
USC00043491,2010,1,22,,,188.0,,,,,,,,,,,,,
USC00043491,2010,1,23,,,211.0,,,,,,,,,,,,,
USC00043491,2010,1,24,,,0.0,,,,,,,,,,,,,
USC00043491,2010,1,25,,,140.0,,,,,,,,,,,,,
USC00043491,2010,1,26,,,213.0,,,,,,,,,,,,,
USC00043491,2010,1,27,,,38.0,,,,,,,,,,,,,
USC00043491,2010,1,28,,,0.0,,,,,,,,,,,,,
USC00043491,2010,1,29,,,0.0,,,,,,,,,,,,,
USC00043491,2010,1,3,,,0.0,,,,,,,,,,,,,
USC00043491,2010,1,30,,,178.0,,,,,,,,,,,,,
USC00043491,2010,1,31,,,28.0,,,,,,,,,,,,,
USC00043491,2010,1,4,,,0.0,,,,,,,,,,,,,
USC00043491,2010,1,5,,,0.0,,,,,,,,,,,,,
USC00043491,2010,1,6,,,0.0,,,,,,,,,,,,,
USC00043491,2010,1,7,,,0.0,,,,,,,,,,,,,
USC00043491,2010,1,8,,,0.0,,,,,,,,,,,,,
USC00043491,2010,1,9,,,0.0,,,,,,,,,,,,,
USC00043491,2010,2,1,,,0.0,,,,,,,,,,,,,
USC00043491,2010,2,10,,,0.0,,,,,,,,,,,,,
USC00043491,2010,2,11,,,18.0,,,,,,,,,,,,,
USC00043491,2010,2,12,,,0.0,,,,,,,,,,,,,
USC00043491,2010,2,13,,,5.0,,,,,,,,,,,,,
USC00043491,2010,2,14,,,0.0,,,,,,,,,,,,,
USC00043491,2010,2,15,,,0.0,,,,,,,,,,,,,
USC00043491,2010,2,16,,,0.0,,,,,,,,,,,,,
USC00043491,2010,2,17,,,0.0,,,,,,,,,,,,,
USC00043491,2010,2,18,,,0.0,,,,,,,,,,,,,
USC00043491,2010,2,19,,,0.0,,,,,,,,,,,,,
USC00043491,2010,2,2,,,0.0,,,,,,,,,,,,,
USC00043491,2010,2,20,,,150.0,,,,,,,,,,,,,
USC00043491,2010,2,21,,,117.0,,,,,,,,,,,,,
USC00043491,2010,2,22,,,66.0,,,,,,,,,,,,,
USC00043491,2010,2,23,,,0.0,,,,,,,,,,,,,
USC00043491,2010,2,24,,,503.0,,,,,,,,,,,,,
USC00043491,2010,2,25,,,25.0,,,,,,,,,,,,,
USC00043491,2010,2,26,,,0.0,,,,,,,,,,,,,
USC00043491,2010,2,27,,,485.0,,,,,,,,,,,,,
USC00043491,2010,2,28,,,38.0,,,,,,,,,,,,,
USC00043491,2010,2,29,,,-9999.0,,,,,,,,,,,,,
USC00043491,2010,2,3,,,48.0,,,,,,,,,,,,,
USC00043491,2010,2,30,,,-9999.0,,,,,,,,,,,,,
USC00043491,2010,2,31,,,-9999.0,,,,,,,,,,,,,
USC00043491,2010,2,4,,,0.0,,,,,,,,,,,,,
USC00043491,2010,2,5,,,191.0,,,,,,,,,,,,,
USC00043491,2010,2,6,,,132.0,,,,,,,,,,,,,
USC00043491,2010,2,7,,,13.0,,,,,,,,,,,,,
USC00043491,2010,2,8,,,0.0,,,,,,,,,,,,,
USC00043491,2010,2,9,,,142.0,,,,,,,,,,,,,
USC00043491,2010,3,1,,,0.0,,,,,,,,,,,,,
USC00043491,2010,3,10,,,132.0,,,,,,,,,,,,,
USC00043491,2010,3,11,,,251.0,,,,,,,,,,,,,
USC00043491,2010,3,12,,,0.0,,,,,,,,,,,,,
USC00043491,2010,3,13,,,0.0,,,,,,,,,,,,,
USC00043491,2010,3,14,,,0.0,,,,,,,,,,,,,
USC00043491,2010,3,15,,,0.0,,,,,,,,,,,,,
USC00043491,2010,3,16,,,0.0,,,,,,,,,,,,,
USC00043491,2010,3,17,,,0.0,,,,,,,,,,,,,
USC00043491,2010,3,18,,,0.0,,,,,,,,,,,,,
USC00043491,2010,3,19,,,0.0,,,,,,,,,,,,,
USC00043491,2010,3,2,,,259.0,,,,,,,,,,,,,
USC00043491,2010,3,20,,,0.0,,,,,,,,,,,,,
USC00043491,2010,3,21,,,0.0,,,,,,,,,,,,,
USC00043491,2010,3,22,,,0.0,,,,,,,,,,,,,
USC00043491,2010,3,23,,,0.0,,,,,,,,,,,,,
USC00043491,2010,3,24,,,0.0,,,,,,,,,,,,,
USC00043491,2010,3,25,,,97.0,,,,,,,,,,,,,
USC00043491,2010,3,26,,,79.0,,,,,,,,,,,,,
USC00043491,2010,3,27,,,0.0,,,,,,,,,,,,,
USC00043491,2010,3,28,,,0.0,,,,,,,,,,,,,
USC00043491,2010,3,29,,,0.0,,,,,,,,,,,,,
USC00043491,2010,3,3,,,244.0,,,,,,,,,,,,,
USC00043491,2010,3,30,,,155.0,,,,,,,,,,,,,
USC00043491,2010,3,31,,,165.0,,,,,,,,,,,,,
USC00043491,2010,3,4,,,0.0,,,,,,,,,,,,,
USC00043491,2010,3,5,,,0.0,,,,,,,,,,,,,
USC00043491,2010,3,6,,,0.0,,,,,,,,,,,,,
USC00043491,2010,3,7,,,23.0,,,,,,,,,,,,,
USC00043491,2010,3,8,,,0.0,,,,,,,,,,,,,
USC00043491,2010,3,9,,,175.0,,,,,,,,,,,,,
USC00043491,2010,4,1,,,0.0,,,,,,,,,,,,,
USC00043491,2010,4,10,,,0.0,,,,,,,,,,,,,
USC00043491,2010,4,11,,,38.0,,,,,,,,,,,,,
USC00043491,2010,4,12,,,272.0,,,,,,,,,,,,,
USC00043491,2010,4,13,,,221.0,,,,,,,,,,,,,
USC00043491,2010,4,14,,,0.0,,,,,,,,,,,,,
USC00043491,2010,4,15,,,0.0,,,,,,,,,,,,,
USC00043491,2010,4,16,,,0.0,,,,,,,,,,,,,
USC00043491,2010,4,17,,,0.0,,,,,,,,,,,,,
USC00043491,2010,4,18,,,0.0,,,,,,,,,,,,,
USC00043491,2010,4,19,,,0.0,,,,,,,,,,,,,
USC00043491,2010,4,2,,,13.0,,,,,,,,,,,,,
USC00043491,2010,4,20,,,246.0,,,,,,,,,,,,,
USC00043491,2010,4,21,,,150.0,,,,,,,,,,,,,
USC00043491,2010,4,22,,,0.0,,,,,,,,,,,,,
USC00043491,2010,4,23,,,0.0,,,,,,,,,,,,,
USC00043491,2010,4,24,,,0.0,,,,,,,,,,,,,
USC00043491,2010,4,25,,,0.0,,,,,,,,,,,,,
USC00043491,2010,4,26,,,0.0,,,,,,,,,,,,,
USC00043491,2010,4,27,,,226.0,,,,,,,,,,,,,
USC00043491,2010,4,28,,,284.0,,,,,,,,,,,,,
USC00043491,2010,4,29,,,277.0,,,,,,,,,,,,,
USC00043491,2010,4,3,,,257.0,,,,,,,,,,,,,
USC00043491,2010,4,30,,,0.0,,,,,,,,,,,,,
USC00043491,2010,4,31,,,-9999.0,,,,,,,,,,,,,
USC00043491,2010,4,4,,,0.0,,,,,,,,,,,,,
USC00043491,2010,4,5,,,251.0,,,,,,,,,,,,,
USC00043491,2010,4,6,,,0.0,,,,,,,,,,,,,
USC00043491,2010,4,7,,,0.0,,,,,,,,,,,,,
USC00043491,2010,4,8,,,0.0,,,,,,,,,,,,,
USC00043491,2010,4,9,,,0.0,,,,,,,,,,,,,
USC00043491,2010,5,1,,,0.0,,,,,,,,,,,,,
USC00043491,2010,5,10,,,36.0,,,,,,,,,,,,,
USC00043491,2010,5,11,,,328.0,,,,,,,,,,,,,
USC00043491,2010,5,12,,,0.0,,,,,,,,,,,,,
USC00043491,2010,5,13,,,0.0,,,,,,,,,,,,,
USC00043491,2010,5,14,,,0.0,,,,,,,,,,,,,
USC00043491,2010,5,15,,,0.0,,,,,,,,,,,,,
USC00043491,2010,5,16,,,0.0,,,,,,,,,,,,,
USC00043491,2010,5,17,,,0.0,,,,,,,,,,,,,
USC00043491,2010,5,18,,,145.0,,,,,,,,,,,,,
USC00043491,2010,5,19,,,58.0,,,,,,,,,,,,,
USC00043491,2010,5,2,,,0.0,,,,,,,,,,,,,
USC00043491,2010,5,20,,,0.0,,,,,,,,,,,,,
USC00043491,2010,5,21,,,0.0,,,,,,,,,,,,,
USC00043491,2010,5,22,,,0.0,,,,,,,,,,,,,
USC00043491,2010,5,23,,,0.0,,,,,,,,,,,,,
USC00043491,2010,5,24,,,0.0,,,,,,,,,,,,,
USC00043491,2010,5,25,,,58.0,,,,,,,,,,,,,
USC00043491,2010,5,26,,,137.0,,,,,,,,,,,,,
USC00043491,2010,5,27,,,302.0,,,,,,,,,,,,,
USC00043491,2010,5,28,,,193.0,,,,,,,,,,,,,
USC00043491,2010,5,29,,,13.0,,,,,,,,,,,,,
USC00043491,2010,5,3,,,0.0,,,,,,,,,,,,,
USC00043491,2010,5,30,,,0.0,,,,,,,,,,,,,
USC00043491,2010,5,31,,,0.0,,,,,,,,,,,,,
USC00043491,2010,5,4,,,0.0,,,,,,,,,,,,,
USC00043491,2010,5,5,,,0.0,,,,,,,,,,,,,
USC00043491,2010,5,6,,,0.0,,,,,,,,,,,,,
USC00043491,2010,5,7,,,0.0,,,,,,,,,,,,,
USC00043491,2010,5,8,,,0.0,,,,,,,,,,,,,
USC00043491,2010,5,9,,,0.0,,,,,,,,,,,,,
USC00043491,2010,6,1,,,0.0,,,,,,,,,,,,,
USC00043491,2010,6,10,,,0.0,,,,,,,,,,,,,
USC00043491,2010,6,11,,,0.0,,,,,,,,,,,,,
USC00043491,2010,6,12,,,0.0,,,,,,,,,,,,,
USC00043491,2010,6,13,,,0.0,,,,,,,,,,,,,
USC00043491,2010,6,14,,,0.0,,,,,,,,,,,,,
USC00043491,2010,6,15,,,0.0,,,,,,,,,,,,,
USC00043491,2010,6,16,,,0.0,,,,,,,,,,,,,
USC00043491,2010,6,17,,,0.0,,,,,,,,,,,,,
USC00043491,2010,6,18,,,0.0,,,,,,,,,,,,,
USC00043491,2010,6,19,,,0.0,,,,,,,,,,,,,
USC00043491,2010,6,2,,,0.0,,,,,,,,,,,,,
USC00043491,2010,6,20,,,0.0,,,,,,,,,,,,,
USC00043491,2010,6,21,,,0.0,,,,,,,,,,,,,
USC00043491,2010,6,22,,,0.0,,,,,,,,,,,,,
USC00043491,2010,6,23,,,0.0,,,,,,,,,,,,,
USC00043491,2010,6,24,,,0.0,,,,,,,,,,,,,
USC00043491,2010,6,25,,,20.0,,,,,,,,,,,,,
USC00043491,2010,6,26,,,0.0,,,,,,,,,,,,,
USC00043491,2010,6,27,,,0.0,,,,,,,,,,,,,
USC00043491,2010,6,28,,,0.0,,,,,,,,,,,,,
USC00043491,2010,6,29,,,0.0,,,,,,,,,,,,,
USC00043491,2010,6,3,,,0.0,,,,,,,,,,,,,
USC00043491,2010,6,30,,,0.0,,,,,,,,,,,,,
USC00043491,2010,6,31,,,-9999.0,,,,,,,,,,,,,
USC00043491,2010,6,4,,,23.0,,,,,,,,,,,,,
USC00043491,2010,6,5,,,0.0,,,,,,,,,,,,,
USC00043491,2010,6,6,,,13.0,,,,,,,,,,,,,
USC00043491,2010,6,7,,,0.0,,,,,,,,,,,,,
USC00043491,2010,6,8,,,0.0,,,,,,,,,,,,,
USC00043491,2010,6,9,,,0.0,,,,,,,,,,,,,
USC00043491,2010,7,1,,,0.0,,,,,,,,,,,,,
USC00043491,2010,7,10,,,0.0,,,,,,,,,,,,,
USC00043491,2010,7,11,,,0.0,,,,,,,,,,,,,
USC00043491,2010,7,12,,,0.0,,,,,,,,,,,,,
USC00043491,2010,7,13,,,0.0,,,,,,,,,,,,,
USC00043491,2010,7,14,,,0.0,,,,,,,,,,,,,
USC00043491,2010,7,15,,,0.0,,,,,,,,,,,,,
USC00043491,2010,7,16,,,0.0,,,,,,,,,,,,,
USC00043491,2010,7,17,,,0.0,,,,,,,,,,,,,
USC00043491,2010,7,18,,,0.0,,,,,,,,,,,,,
USC00043491,2010,7,19,,,0.0,,,,,,,,,,,,,
USC00043491,2010,7,2,,,0.0,,,,,,,,,,,,,
USC00043491,2010,7,20,,,0.0,,,,,,,,,,,,,
USC00043491,2010,7,21,,,0.0,,,,,,,,,,,,,
USC00043491,2010,7,22,,,0.0,,,,,,,,,,,,,
USC00043491,2010,7,23,,,0.0,,,,,,,,,,,,,
USC00043491,2010,7,24,,,0.0,,,,,,,,,,,,,
USC00043491,2010,7,25,,,0.0,,,,,,,,,,,,,
USC00043491,2010,7,26,,,0.0,,,,,,,,,,,,,
USC00043491,2010,7,27,,,0.0,,,,,,,,,,,,,
USC00043491,2010,7,28,,,0.0,,,,,,,,,,,,,
USC00043491,2010,7,29,,,0.0,,,,,,,,,,,,,
USC00043491,2010,7,3,,,0.0,,,,,,,,,,,,,
USC00043491,2010,7,30,,,0.0,,,,,,,,,,,,,
USC00043491,2010,7,31,,,0.0,,,,,,,,,,,,,
USC00043491,2010,7,4,,,0.0,,,,,,,,,,,,,
USC00043491,2010,7,5,,,0.0,,,,,,,,,,,,,
USC00043491,2010,7,6,,,0.0,,,,,,,,,,,,,
USC00043491,2010,7,7,,,0.0,,,,,,,,,,,,,
USC00043491,2010,7,8,,,0.0,,,,,,,,,,,,,
USC00043491,2010,7,9,,,0.0,,,,,,,,,,,,,
USC00043491,2010,8,1,,,0.0,,,,,,,,,,,,,
USC00043491,2010,8,10,,,0.0,,,,,,,,,,,,,
USC00043491,2010,8,11,,,0.0,,,,,,,,,,,,,
USC00043491,2010,8,12,,,0.0,,,,,,,,,,,,,
USC00043491,2010,8,13,,,0.0,,,,,,,,,,,,,
USC00043491,2010,8,14,,,0.0,,,,,,,,,,,,,
USC00043491,2010,8,15,,,0.0,,,,,,,,,,,,,
USC00043491,2010,8,16,,,0.0,,,,,,,,,,,,,
USC00043491,2010,8,17,,,0.0,,,,,,,,,,,,,
USC00043491,2010,8,18,,,0.0,,,,,,,,,,,,,
USC00043491,2010,8,19,,,0.0,,,,,,,,,,,,,
USC00043491,2010,8,2,,,0.0,,,,,,,,,,,,,
USC00043491,2010,8,20,,,0.0,,,,,,,,,,,,,
USC00043491,2010,8,21,,,0.0,,,,,,,,,,,,,
USC00043491,2010,8,22,,,0.0,,,,,,,,,,,,,
USC00043491,2010,8,23,,,0.0,,,,,,,,,,,,,
USC00043491,2010,8,24,,,0.0,,,,,,,,,,,,,
USC00043491,2010,8,25,,,0.0,,,,,,,,,,,,,
USC00043491,2010,8,26,,,0.0,,,,,,,,,,,,,
USC00043491,2010,8,27,,,0.0,,,,,,,,,,,,,
USC00043491,2010,8,28,,,0.0,,,,,,,,,,,,,
USC00043491,2010,8,29,,,3.0,,,,,,,,,,,,,
USC00043491,2010,8,3,,,0.0,,,,,,,,,,,,,
USC00043491,2010,8,30,,,8.0,,,,,,,,,,,,,
USC00043491,2010,8,31,,,0.0,,,,,,,,,,,,,
USC00043491,2010,8,4,,,0.0,,,,,,,,,,,,,
USC00043491,2010,8,5,,,0.0,,,,,,,,,,,,,
USC00043491,2010,8,6,,,0.0,,,,,,,,,,,,,
USC00043491,2010,8,7,,,0.0,,,,,,,,,,,,,
USC00043491,2010,8,8,,,0.0,,,,,,,,,,,,,
USC00043491,2010,8,9,,,0.0,,,,,,,,,,,,,
USC00043491,2010,9,1,,,0.0,,,,,,,,,,,,,
USC00043491,2010,9,10,,,0.0,,,,,,,,,,,,,
USC00043491,2010,9,11,,,0.0,,,,,,,,,,,,,
USC00043491,2010,9,12,,,0.0,,,,,,,,,,,,,
USC00043491,2010,9,13,,,0.0,,,,,,,,,,,,,
USC00043491,2010,9,14,,,0.0,,,,,,,,,,,,,
USC00043491,2010,9,15,,,0.0,,,,,,,,,,,,,
USC00043491,2010,9,16,,,0.0,,,,,,,,,,,,,
USC00043491,2010,9,17,,,0.0,,,,,,,,,,,,,
USC00043491,2010,9,18,,,0.0,,,,,,,,,,,,,
USC00043491,2010,9,19,,,0.0,,,,,,,,,,,,,
USC00043491,2010,9,2,,,0.0,,,,,,,,,,,,,
USC00043491,2010,9,20,,,0.0,,,,,,,,,,,,,
USC00043491,2010,9,21,,,0.0,,,,,,,,,,,,,
USC00043491,2010,9,22,,,0.0,,,,,,,,,,,,,
USC00043491,2010,9,23,,,0.0,,,,,,,,,,,,,
USC00043491,2010,9,24,,,0.0,,,,,,,,,,,,,
USC00043491,2010,9,25,,,0.0,,,,,,,,,,,,,
USC00043491,2010,9,26,,,0.0,,,,,,,,,,,,,
USC00043491,2010,9,27,,,0.0,,,,,,,,,,,,,
USC00043491,2010,9,28,,,0.0,,,,,,,,,,,,,
USC00043491,2010,9,29,,,0.0,,,,,,,,,,,,,
USC00043491,2010,9,3,,,0.0,,,,,,,,,,,,,
USC00043491,2010,9,30,,,0.0,,,,,,,,,,,,,
USC00043491,2010,9,31,,,-9999.0,,,,,,,,,,,,,
USC00043491,2010,9,4,,,0.0,,,,,,,,,,,,,
USC00043491,2010,9,5,,,0.0,,,,,,,,,,,,,
USC00043491,2010,9,6,,,0.0,,,,,,,,,,,,,
USC00043491,2010,9,7,,,0.0,,,,,,,,,,,,,
USC00043491,2010,9,8,,,0.0,,,,,,,,,,,,,
USC00043491,2010,9,9,,,20.0,,,,,,,,,,,,,
USC00043491,2010,10,1,,,0.0,,,,,,,,,,,,,
USC00043491,2010,10,10,,,0.0,,,,,,,,,,,,,
USC00043491,2010,10,11,,,0.0,,,,,,,,,,,,,
USC00043491,2010,10,12,,,0.0,,,,,,,,,,,,,
USC00043491,2010,10,13,,,0.0,,,,,,,,,,,,,
USC00043491,2010,10,14,,,0.0,,,,,,,,,,,,,
USC00043491,2010,10,15,,,0.0,,,,,,,,,,,,,
USC00043491,2010,10,16,,,0.0,,,,,,,,,,,,,
USC00043491,2010,10,17,,,0.0,,,,,,,,,,,,,
USC00043491,2010,10,18,,,18.0,,,,,,,,,,,,,
USC00043491,2010,10,19,,,0.0,,,,,,,,,,,,,
USC00043491,2010,10,2,,,0.0,,,,,,,,,,,,,
USC00043491,2010,10,20,,,0.0,,,,,,,,,,,,,
USC00043491,2010,10,21,,,0.0,,,,,,,,,,,,,
USC00043491,2010,10,22,,,61.0,,,,,,,,,,,,,
USC00043491,2010,10,23,,,841.0,,,,,,,,,,,,,
USC00043491,2010,10,24,,,1377.0,,,,,,,,,,,,,
USC00043491,2010,10,25,,,0.0,,,,,,,,,,,,,
USC00043491,2010,10,26,,,0.0,,,,,,,,,,,,,
USC00043491,2010,10,27,,,0.0,,,,,,,,,,,,,
USC00043491,2010,10,28,,,0.0,,,,,,,,,,,,,
USC00043491,2010,10,29,,,0.0,,,,,,,,,,,,,
USC00043491,2010,10,3,,,8.0,,,,,,,,,,,,,
USC00043491,2010,10,30,,,30.0,,,,,,,,,,,,,
USC00043491,2010,10,31,,,64.0,,,,,,,,,,,,,
USC00043491,2010,10,4,,,0.0,,,,,,,,,,,,,
USC00043491,2010,10,5,,,0.0,,,,,,,,,,,,,
USC00043491,2010,10,6,,,53.0,,,,,,,,,,,,,
USC00043491,2010,10,7,,,15.0,,,,,,,,,,,,,
USC00043491,2010,10,8,,,0.0,,,,,,,,,,,,,
USC00043491,2010,10,9,,,0.0,,,,,,,,,,,,,
USC00043491,2010,11,1,-9999.0,-9999.0,0.0,,,,,,,,,,,,,
USC00043491,2010,11,10,-9999.0,-9999.0,0.0,,,,,,,,,,,,,
USC00043491,2010,11,11,-9999.0,-9999.0,0.0,,,,,,,,,,,,,
USC00043491,2010,11,12,-9999.0,-9999.0,0.0,,,,,,,,,,,,,
USC00043491,2010,11,13,-9999.0,-9999.0,0.0,,,,,,,,,,,,,
USC00043491,2010,11,14,-9999.0,-9999.0,0.0,,,,,,,,,,,,,
USC00043491,2010,11,15,-9999.0,-9999.0,0.0,,,,,,,,,,,,,
USC00043491,2010,11,16,-9999.0,-9999.0,0.0,,,,,,,,,,,,,
USC00043491,2010,11,17,-9999.0,-9999.0,0.0,,,,,,,,,,,,,
USC00043491,2010,11,18,-9999.0,-9999.0,0.0,,,,,,,,,,,,,
USC00043491,2010,11,19,-9999.0,-9999.0,0.0,,,,,,,,,,,,,
USC00043491,2010,11,2,-9999.0,-9999.0,0.0,,,,,,,,,,,,,
USC00043491,2010,11,20,-9999.0,-9999.0,297.0,,,,,,,,,,,,,
USC00043491,2010,11,21,-9999.0,-9999.0,-9999.0,,,,,,,,,,,,,
USC00043491,2010,11,22,-9999.0,-9999.0,-9999.0,,,,,,,,,,,,,
USC00043491,2010,11,23,-9999.0,-9999.0,-9999.0,,,,,,,,,,,,,
USC00043491,2010,11,24,4.0,1222.0,-9999.0,,,,,,,,,,,,,
USC00043491,2010,11,25,-9999.0,-9999.0,0.0,,,,,,,,,,,,,
USC00043491,2010,11,26,-9999.0,-9999.0,0.0,,,,,,,,,,,,,
USC00043491,2010,11,27,-9999.0,-9999.0,23.0,,,,,,,,,,,,,
USC00043491,2010,11,28,-9999.0,-9999.0,300.0,,,,,,,,,,,,,
USC00043491,2010,11,29,-9999.0,-9999.0,0.0,,,,,,,,,,,,,
USC00043491,2010,11,3,-9999.0,-9999.0,0.0,,,,,,,,,,,,,
USC00043491,2010,11,30,-9999.0,-9999.0,0.0,,,,,,,,,,,,,
USC00043491,2010,11,31,-9999.0,-9999.0,-9999.0,,,,,,,,,,,,,
USC00043491,2010,11,4,-9999.0,-9999.0,0.0,,,,,,,,,,,,,
USC00043491,2010,11,5,-9999.0,-9999.0,0.0,,,,,,,,,,,,,
USC00043491,2010,11,6,-9999.0,-9999.0,0.0,,,,,,,,,,,,,
USC00043491,2010,11,7,-9999.0,-9999.0,132.0,,,,,,,,,,,,,
USC00043491,2010,11,8,-9999.0,-9999.0,399.0,,,,,,,,,,,,,
USC00043491,2010,11,9,-9999.0,-9999.0,0.0,,,,,,,,,,,,,
USC00043491,2010,12,1,,,0.0,,,,,,,,,,,,,
USC00043491,2010,12,10,,,234.0,,,,,,,,,,,,,
USC00043491,2010,12,11,,,61.0,,,,,,,,,,,,,
USC00043491,2010,12,12,,,0.0,,,,,,,,,,,,,
USC00043491,2010,12,13,,,0.0,,,,,,,,,,,,,
USC00043491,2010,12,14,,,279.0,,,,,,,,,,,,,
USC00043491,2010,12,15,,,269.0,,,,,,,,,,,,,
USC00043491,2010,12,16,,,38.0,,,,,,,,,,,,,
USC00043491,2010,12,17,,,0.0,,,,,,,,,,,,,
USC00043491,2010,12,18,,,864.0,,,,,,,,,,,,,
USC00043491,2010,12,19,,,917.0,,,,,,,,,,,,,
USC00043491,2010,12,2,,,0.0,,,,,,,,,,,,,
USC00043491,2010,12,20,,,23.0,,,,,,,,,,,,,
USC00043491,2010,12,21,,,0.0,,,,,,,,,,,,,
USC00043491,2010,12,22,,,99.0,,,,,,,,,,,,,
USC00043491,2010,12,23,,,48.0,,,,,,,,,,,,,
USC00043491,2010,12,24,,,0.0,,,,,,,,,,,,,
USC00043491,2010,12,25,,,0.0,,,,,,,,,,,,,
USC00043491,2010,12,26,,,353.0,,,,,,,,,,,,,
USC00043491,2010,12,27,,,130.0,,,,,,,,,,,,,
USC00043491,2010,12,28,,,5.0,,,,,,,,,,,,,
USC00043491,2010,12,29,,,848.0,,,,,,,,,,,,,
USC00043491,2010,12,3,,,218.0,,,,,,,,,,,,,
USC00043491,2010,12,30,,,3.0,,,,,,,,,,,,,
USC00043491,2010,12,31,,,0.0,,,,,,,,,,,,,
USC00043491,2010,12,4,,,0.0,,,,,,,,,,,,,
USC00043491,2010,12,5,,,53.0,,,,,,,,,,,,,
USC00043491,2010,12,6,,,361.0,,,,,,,,,,,,,
USC00043491,2010,12,7,,,46.0,,,,,,,,,,,,,
USC00043491,2010,12,8,,,23.0,,,,,,,,,,,,,
USC00043491,2010,12,9,,,112.0,,,,,,,,,,,,,
USC00043491,2011,1,1,,,79.0,,,,,,,,,,,,,
USC00043491,2011,1,10,,,0.0,,,,,,,,,,,,,
USC00043491,2011,1,11,,,0.0,,,,,,,,,,,,,
USC00043491,2011,1,12,,,23.0,,,,,,,,,,,,,
USC00043491,2011,1,13,,,0.0,,,,,,,,,,,,,
USC00043491,2011,1,14,,,112.0,,,,,,,,,,,,,
USC00043491,2011,1,15,,,0.0,,,,,,,,,,,,,
USC00043491,2011,1,16,,,0.0,,,,,,,,,,,,,
USC00043491,2011,1,17,,,0.0,,,,,,,,,,,,,
USC00043491,2011,1,18,,,0.0,,,,,,,,,,,,,
USC00043491,2011,1,19,,,0.0,,,,,,,,,,,,,
USC00043491,2011,1,2,,,117.0,,,,,,,,,,,,,
USC00043491,2011,1,20,,,0.0,,,,,,,,,,,,,
USC00043491,2011,1,21,,,0.0,,,,,,,,,,,,,
USC00043491,2011,1,22,,,0.0,,,,,,,,,,,,,
USC00043491,2011,1,23,,,0.0,,,,,,,,,,,,,
USC00043491,2011,1,24,,,0.0,,,,,,,,,,,,,
USC00043491,2011,1,25,,,0.0,,,,,,,,,,,,,
USC00043491,2011,1,26,,,0.0,,,,,,,,,,,,,
USC00043491,2011,1,27,,,0.0,,,,,,,,,,,,,
USC00043491,2011,1,28,,,0.0,,,,,,,,,,,,,
USC00043491,2011,1,29,,,0.0,,,,,,,,,,,,,
USC00043491,2011,1,3,,,33.0,,,,,,,,,,,,,
USC00043491,2011,1,30,,,417.0,,,,,,,,,,,,,
USC00043491,2011,1,31,,,0.0,,,,,,,,,,,,,
USC00043491,2011,1,4,,,0.0,,,,,,,,,,,,,
USC00043491,2011,1,5,,,0.0,,,,,,,,,,,,,
USC00043491,2011,1,6,,,0.0,,,,,,,,,,,,,
USC00043491,2011,1,7,,,0.0,,,,,,,,,,,,,
USC00043491,2011,1,8,,,0.0,,,,,,,,,,,,,
USC00043491,2011,1,9,,,0.0,,,,,,,,,,,,,
USC00043491,2011,2,1,-9999.0,-9999.0,0.0,,,,,,,,,,,,,
USC00043491,2011,2,10,-9999.0,-9999.0,0.0,,,,,,,,,,,,,
USC00043491,2011,2,11,-9999.0,-9999.0,0.0,,,,,,,,,,,,,
USC00043491,2011,2,12,-9999.0,-9999.0,0.0,,,,,,,,,,,,,
USC00043491,2011,2,13,-9999.0,-9999.0,0.0,,,,,,,,,,,,,
USC00043491,2011,2,14,-9999.0,-9999.0,0.0,,,,,,,,,,,,,
USC00043491,2011,2,15,-9999.0,-9999.0,170.0,,,,,,,,,,,,,
USC00043491,2011,2,16,-9999.0,-9999.0,452.0,,,,,,,,,,,,,
USC00043491,2011,2,17,-9999.0,-9999.0,-9999.0,,,,,,,,,,,,,
USC00043491,2011,2,18,-9999.0,-9999.0,-9999.0,,,,,,,,,,,,,
USC00043491,2011,2,19,-9999.0,-9999.0,-9999.0,,,,,,,,,,,,,
USC00043491,2011,2,2,-9999.0,-9999.0,0.0,,,,,,,,,,,,,
USC00043491,2011,2,20,4.0,513.0,-9999.0,,,,,,,,,,,,,
USC00043491,2011,2,21,-9999.0,-9999.0,0.0,,,,,,,,,,,,,
USC00043491,2011,2,22,-9999.0,-9999.0,0.0,,,,,,,,,,,,,
USC00043491,2011,2,23,-9999.0,-9999.0,0.0,,,,,,,,,,,,,
USC00043491,2011,2,24,-9999.0,-9999.0,0.0,,,,,,,,,,,,,
USC00043491,2011,2,25,-9999.0,-9999.0,0.0,,,,,,,,,,,,,
USC00043491,2011,2,26,-9999.0,-9999.0,0.0,,,,,,,,,,,,,
USC00043491,2011,2,27,-9999.0,-9999.0,104.0,,,,,,,,,,,,,
USC00043491,2011,2,28,-9999.0,-9999.0,97.0,,,,,,,,,,,,,
USC00043491,2011,2,29,-9999.0,-9999.0,-9999.0,,,,,,,,,,,,,
USC00043491,2011,2,3,-9999.0,-9999.0,0.0,,,,,,,,,,,,,
USC00043491,2011,2,30,-9999.0,-9999.0,-9999.0,,,,,,,,,,,,,
USC00043491,2011,2,31,-9999.0,-9999.0,-9999.0,,,,,,,,,,,,,
USC00043491,2011,2,4,-9999.0,-9999.0,0.0,,,,,,,,,,,,,
USC00043491,2011,2,5,-9999.0,-9999.0,0.0,,,,,,,,,,,,,
USC00043491,2011,2,6,-9999.0,-9999.0,0.0,,,,,,,,,,,,,
USC00043491,2011,2,7,-9999.0,-9999.0,0.0,,,,,,,,,,,,,
USC00043491,2011,2,8,-9999.0,-9999.0,0.0,,,,,,,,,,,,,
USC00043491,2011,2,9,-9999.0,-9999.0,0.0,,,,,,,,,,,,,
USC00043491,2011,3,1,-9999.0,-9999.0,287.0,,,,,,,,,,,,,
USC00043491,2011,3,10,-9999.0,-9999.0,0.0,,,,,,,,,,,,,
USC00043491,2011,3,11,-9999.0,-9999.0,114.0,,,,,,,,,,,,,
USC00043491,2011,3,12,-9999.0,-9999.0,0.0,,,,,,,,,,,,,
USC00043491,2011,3,13,-9999.0,-9999.0,0.0,,,,,,,,,,,,,
USC00043491,2011,3,14,-9999.0,-9999.0,452.0,,,,,,,,,,,,,
USC00043491,2011,3,15,-9999.0,-9999.0,74.0,,,,,,,,,,,,,
USC00043491,2011,3,16,-9999.0,-9999.0,1019.0,,,,,,,,,,,,,
USC00043491,2011,3,17,-9999.0,-9999.0,0.0,,,,,,,,,,,,,
USC00043491,2011,3,18,-9999.0,-9999.0,0.0,,,,,,,,,,,,,
USC00043491,2011,3,19,-9999.0,-9999.0,488.0,,,,,,,,,,,,,
USC00043491,2011,3,2,-9999.0,-9999.0,33.0,,,,,,,,,,,,,
USC00043491,2011,3,20,-9999.0,-9999.0,97.0,,,,,,,,,,,,,
USC00043491,2011,3,21,-9999.0,-9999.0,147.0,,,,,,,,,,,,,
USC00043491,2011,3,22,-9999.0,-9999.0,427.0,,,,,,,,,,,,,
USC00043491,2011,3,23,-9999.0,-9999.0,117.0,,,,,,,,,,,,,
USC00043491,2011,3,24,-9999.0,-9999.0,-9999.0,,,,,,,,,,,,,
USC00043491,2011,3,25,-9999.0,-9999.0,-9999.0,,,,,,,,,,,,,
USC00043491,2011,3,26,-9999.0,-9999.0,-9999.0,,,,,,,,,,,,,
USC00043491,2011,3,27,4.0,1250.0,-9999.0,,,,,,,,,,,,,
USC00043491,2011,3,28,-9999.0,-9999.0,81.0,,,,,,,,,,,,,
USC00043491,2011,3,29,-9999.0,-9999.0,0.0,,,,,,,,,,,,,
USC00043491,2011,3,3,-9999.0,-9999.0,191.0,,,,,,,,,,,,,
USC00043491,2011,3,30,-9999.0,-9999.0,0.0,,,,,,,,,,,,,
USC00043491,2011,3,31,-9999.0,-9999.0,0.0,,,,,,,,,,,,,
USC00043491,2011,3,4,-9999.0,-9999.0,0.0,,,,,,,,,,,,,
USC00043491,2011,3,5,-9999.0,-9999.0,0.0,,,,,,,,,,,,,
USC00043491,2011,3,6,-9999.0,-9999.0,0.0,,,,,,,,,,,,,
USC00043491,2011,3,7,-9999.0,-9999.0,211.0,,,,,,,,,,,,,
USC00043491,2011,3,8,-9999.0,-9999.0,8.0,,,,,,,,,,,,,
USC00043491,2011,3,9,-9999.0,-9999.0,0.0,,,,,,,,,,,,,
USC00043491,2011,4,1,,,0.0,,,,,,,,,,,,,
USC00043491,2011,4,10,,,0.0,,,,,,,,,,,,,
USC00043491,2011,4,11,,,0.0,,,,,,,,,,,,,
USC00043491,2011,4,12,,,0.0,,,,,,,,,,,,,
USC00043491,2011,4,13,,,53.0,,,,,,,,,,,,,
USC00043491,2011,4,14,,,0.0,,,,,,,,,,,,,
USC00043491,2011,4,15,,,0.0,,,,,,,,,,,,,
USC00043491,2011,4,16,,,0.0,,,,,,,,,,,,,
USC00043491,2011,4,17,,,0.0,,,,,,,,,,,,,
USC00043491,2011,4,18,,,81.0,,,,,,,,,,,,,
USC00043491,2011,4,19,,,61.0,,,,,,,,,,,,,
USC00043491,2011,4,2,,,0.0,,,,,,,,,,,,,
USC00043491,2011,4,20,,,0.0,,,,,,,,,,,,,
USC00043491,2011,4,21,,,239.0,,,,,,,,,,,,,
USC00043491,2011,4,22,,,23.0,,,,,,,,,,,,,
USC00043491,2011,4,23,,,0.0,,,,,,,,,,,,,
USC00043491,2011,4,24,,,79.0,,,,,,,,,,,,,
USC00043491,2011,4,25,,,135.0,,,,,,,,,,,,,
USC00043491,2011,4,26,,,30.0,,,,,,,,,,,,,
USC00043491,2011,4,27,,,0.0,,,,,,,,,,,,,
USC00043491,2011,4,28,,,0.0,,,,,,,,,,,,,
USC00043491,2011,4,29,,,0.0,,,,,,,,,,,,,
USC00043491,2011,4,3,,,0.0,,,,,,,,,,,,,
USC00043491,2011,4,30,,,0.0,,,,,,,,,,,,,
USC00043491,2011,4,31,,,-9999.0,,,,,,,,,,,,,
USC00043491,2011,4,4,,,0.0,,,,,,,,,,,,,
USC00043491,2011,4,5,,,0.0,,,,,,,,,,,,,
USC00043491,2011,4,6,,,0.0,,,,,,,,,,,,,
USC00043491,2011,4,7,,,36.0,,,,,,,,,,,,,
USC00043491,2011,4,8,,,0.0,,,,,,,,,,,,,
USC00043491,2011,4,9,,,28.0,,,,,,,,,,,,,
USC00043491,2011,5,1,,,0.0,,,,,,,,,,,,,
USC00043491,2011,5,10,,,0.0,,,,,,,,,,,,,
USC00043491,2011,5,11,,,0.0,,,,,,,,,,,,,
USC00043491,2011,5,12,,,0.0,,,,,,,,,,,,,
USC00043491,2011,5,13,,,0.0,,,,,,,,,,,,,
USC00043491,2011,5,14,,,53.0,,,,,,,,,,,,,
USC00043491,2011,5,15,,,302.0,,,,,,,,,,,,,
USC00043491,2011,5,16,,,71.0,,,,,,,,,,,,,
USC00043491,2011,5,17,,,86.0,,,,,,,,,,,,,
USC00043491,2011,5,18,,,366.0,,,,,,,,,,,,,
USC00043491,2011,5,19,,,5.0,,,,,,,,,,,,,
USC00043491,2011,5,2,,,0.0,,,,,,,,,,,,,
USC00043491,2011,5,20,,,0.0,,,,,,,,,,,,,
USC00043491,2011,5,21,,,0.0,,,,,,,,,,,,,
USC00043491,2011,5,22,,,0.0,,,,,,,,,,,,,
USC00043491,2011,5,23,,,0.0,,,,,,,,,,,,,
USC00043491,2011,5,24,,,0.0,,,,,,,,,,,,,
USC00043491,2011,5,25,,,0.0,,,,,,,,,,,,,
USC00043491,2011,5,26,,,79.0,,,,,,,,,,,,,
USC00043491,2011,5,27,,,0.0,,,,,,,,,,,,,
USC00043491,2011,5,28,,,0.0,,,,,,,,,,,,,
USC00043491,2011,5,29,,,91.0,,,,,,,,,,,,,
USC00043491,2011,5,3,,,0.0,,,,,,,,,,,,,
USC00043491,2011,5,30,,,0.0,,,,,,,,,,,,,
USC00043491,2011,5,31,,,-9999.0,,,,,,,,,,,,,
USC00043491,2011,5,4,,,0.0,,,,,,,,,,,,,
USC00043491,2011,5,5,,,0.0,,,,,,,,,,,,,
USC00043491,2011,5,6,,,0.0,,,,,,,,,,,,,
USC00043491,2011,5,7,,,0.0,,,,,,,,,,,,,
USC00043491,2011,5,8,,,0.0,,,,,,,,,,,,,
USC00043491,2011,5,9,,,23.0,,,,,,,,,,,,,
USC00043491,2011,6,1,,,23.0,,,,,,,,,,,,,
USC00043491,2011,6,10,,,0.0,,,,,,,,,,,,,
USC00043491,2011,6,11,,,0.0,,,,,,,,,,,,,
USC00043491,2011,6,12,,,0.0,,,,,,,,,,,,,
USC00043491,2011,6,13,,,0.0,,,,,,,,,,,,,
USC00043491,2011,6,14,,,0.0,,,,,,,,,,,,,
USC00043491,2011,6,15,,,0.0,,,,,,,,,,,,,
USC00043491,2011,6,16,,,0.0,,,,,,,,,,,,,
USC00043491,2011,6,17,,,0.0,,,,,,,,,,,,,
USC00043491,2011,6,18,,,0.0,,,,,,,,,,,,,
USC00043491,2011,6,19,,,0.0,,,,,,,,,,,,,
USC00043491,2011,6,2,,,135.0,,,,,,,,,,,,,
USC00043491,2011,6,20,,,0.0,,,,,,,,,,,,,
USC00043491,2011,6,21,,,0.0,,,,,,,,,,,,,
USC00043491,2011,6,22,,,0.0,,,,,,,,,,,,,
USC00043491,2011,6,23,,,0.0,,,,,,,,,,,,,
USC00043491,2011,6,24,,,0.0,,,,,,,,,,,,,
USC00043491,2011,6,25,,,0.0,,,,,,,,,,,,,
USC00043491,2011,6,26,,,0.0,,,,,,,,,,,,,
USC00043491,2011,6,27,,,0.0,,,,,,,,,,,,,
USC00043491,2011,6,28,,,0.0,,,,,,,,,,,,,
USC00043491,2011,6,29,,,320.0,,,,,,,,,,,,,
USC00043491,2011,6,3,,,0.0,,,,,,,,,,,,,
USC00043491,2011,6,30,,,0.0,,,,,,,,,,,,,
USC00043491,2011,6,31,,,-9999.0,,,,,,,,,,,,,
USC00043491,2011,6,4,,,28.0,,,,,,,,,,,,,
USC00043491,2011,6,5,,,89.0,,,,,,,,,,,,,
USC00043491,2011,6,6,,,132.0,,,,,,,,,,,,,
USC00043491,2011,6,7,,,0.0,,,,,,,,,,,,,
USC00043491,2011,6,8,,,0.0,,,,,,,,,,,,,
USC00043491,2011,6,9,,,0.0,,,,,,,,,,,,,
USC00043491,2011,7,1,,,0.0,,,,,,,,,,,,,
USC00043491,2011,7,10,,,0.0,,,,,,,,,,,,,
USC00043491,2011,7,11,,,0.0,,,,,,,,,,,,,
USC00043491,2011,7,12,,,0.0,,,,,,,,,,,,,
USC00043491,2011,7,13,,,0.0,,,,,,,,,,,,,
USC00043491,2011,7,14,,,0.0,,,,,,,,,,,,,
USC00043491,2011,7,15,,,0.0,,,,,,,,,,,,,
USC00043491,2011,7,16,,,0.0,,,,,,,,,,,,,
USC00043491,2011,7,17,,,0.0,,,,,,,,,,,,,
USC00043491,2011,7,18,,,0.0,,,,,,,,,,,,,
USC00043491,2011,7,19,,,0.0,,,,,,,,,,,,,
USC00043491,2011,7,2,,,0.0,,,,,,,,,,,,,
USC00043491,2011,7,20,,,0.0,,,,,,,,,,,,,
USC00043491,2011,7,21,,,0.0,,,,,,,,,,,,,
USC00043491,2011,7,22,,,0.0,,,,,,,,,,,,,
USC00043491,2011,7,23,,,0.0,,,,,,,,,,,,,
USC00043491,2011,7,24,,,0.0,,,,,,,,,,,,,
USC00043491,2011,7,25,,,0.0,,,,,,,,,,,,,
USC00043491,2011,7,26,,,0.0,,,,,,,,,,,,,
USC00043491,2011,7,27,,,0.0,,,,,,,,,,,,,
USC00043491,2011,7,28,,,0.0,,,,,,,,,,,,,
USC00043491,2011,7,29,,,0.0,,,,,,,,,,,,,
USC00043491,2011,7,3,,,0.0,,,,,,,,,,,,,
USC00043491,2011,7,30,,,0.0,,,,,,,,,,,,,
USC00043491,2011,7,31,,,0.0,,,,,,,,,,,,,
USC00043491,2011,7,4,,,0.0,,,,,,,,,,,,,
USC00043491,2011,7,5,,,0.0,,,,,,,,,,,,,
USC00043491,2011,7,6,,,0.0,,,,,,,,,,,,,
USC00043491,2011,7,7,,,0.0,,,,,,,,,,,,,
USC00043491,2011,7,8,,,0.0,,,,,,,,,,,,,
USC00043491,2011,7,9,,,0.0,,,,,,,,,,,,,
USC00043491,2011,8,1,,,0.0,,,,,,,,,,,,,
USC00043491,2011,8,10,,,0.0,,,,,,,,,,,,,
USC00043491,2011,8,11,,,0.0,,,,,,,,,,,,,
USC00043491,2011,8,12,,,0.0,,,,,,,,,,,,,
USC00043491,2011,8,13,,,0.0,,,,,,,,,,,,,
USC00043491,2011,8,14,,,0.0,,,,,,,,,,,,,
USC00043491,2011,8,15,,,0.0,,,,,,,,,,,,,
USC00043491,2011,8,16,,,0.0,,,,,,,,,,,,,
USC00043491,2011,8,17,,,0.0,,,,,,,,,,,,,
USC00043491,2011,8,18,,,0.0,,,,,,,,,,,,,
USC00043491,2011,8,19,,,0.0,,,,,,,,,,,,,
USC00043491,2011,8,2,,,0.0,,,,,,,,,,,,,
USC00043491,2011,8,20,,,0.0,,,,,,,,,,,,,
USC00043491,2011,8,21,,,0.0,,,,,,,,,,,,,
USC00043491,2011,8,22,,,0.0,,,,,,,,,,,,,
USC00043491,2011,8,23,,,0.0,,,,,,,,,,,,,
USC00043491,2011,8,24,,,0.0,,,,,,,,,,,,,
USC00043491,2011,8,25,,,0.0,,,,,,,,,,,,,
USC00043491,2011,8,26,,,0.0,,,,,,,,,,,,,
USC00043491,2011,8,27,,,0.0,,,,,,,,,,,,,
USC00043491,2011,8,28,,,0.0,,,,,,,,,,,,,
USC00043491,2011,8,29,,,0.0,,,,,,,,,,,,,
USC00043491,2011,8,3,,,0.0,,,,,,,,,,,,,
USC00043491,2011,8,30,,,0.0,,,,,,,,,,,,,
USC00043491,2011,8,31,,,0.0,,,,,,,,,,,,,
USC00043491,2011,8,4,,,0.0,,,,,,,,,,,,,
USC00043491,2011,8,5,,,0.0,,,,,,,,,,,,,
USC00043491,2011,8,6,,,0.0,,,,,,,,,,,,,
USC00043491,2011,8,7,,,0.0,,,,,,,,,,,,,
USC00043491,2011,8,8,,,0.0,,,,,,,,,,,,,
USC00043491,2011,8,9,,,0.0,,,,,,,,,,,,,
USC00043491,2011,9,1,,,0.0,,,,,,,,,,,,,
USC00043491,2011,9,10,,,0.0,,,,,,,,,,,,,
USC00043491,2011,9,11,,,0.0,,,,,,,,,,,,,
USC00043491,2011,9,12,,,3.0,,,,,,,,,,,,,
USC00043491,2011,9,13,,,0.0,,,,,,,,,,,,,
USC00043491,2011,9,14,,,5.0,,,,,,,,,,,,,
USC00043491,2011,9,15,,,0.0,,,,,,,,,,,,,
USC00043491,2011,9,16,,,0.0,,,,,,,,,,,,,
USC00043491,2011,9,17,,,0.0,,,,,,,,,,,,,
USC00043491,2011,9,18,,,0.0,,,,,,,,,,,,,
USC00043491,2011,9,19,,,0.0,,,,,,,,,,,,,
USC00043491,2011,9,2,,,0.0,,,,,,,,,,,,,
USC00043491,2011,9,20,,,0.0,,,,,,,,,,,,,
USC00043491,2011,9,21,,,0.0,,,,,,,,,,,,,
USC00043491,2011,9,22,,,0.0,,,,,,,,,,,,,
USC00043491,2011,9,23,,,0.0,,,,,,,,,,,,,
USC00043491,2011,9,24,,,0.0,,,,,,,,,,,,,
USC00043491,2011,9,25,,,0.0,,,,,,,,,,,,,
USC00043491,2011,9,26,,,0.0,,,,,,,,,,,,,
USC00043491,2011,9,27,,,0.0,,,,,,,,,,,,,
USC00043491,2011,9,28,,,0.0,,,,,,,,,,,,,
USC00043491,2011,9,29,,,0.0,,,,,,,,,,,,,
USC00043491,2011,9,3,,,0.0,,,,,,,,,,,,,
USC00043491,2011,9,30,,,0.0,,,,,,,,,,,,,
USC00043491,2011,9,31,,,-9999.0,,,,,,,,,,,,,
USC00043491,2011,9,4,,,0.0,,,,,,,,,,,,,
USC00043491,2011,9,5,,,0.0,,,,,,,,,,,,,
USC00043491,2011,9,6,,,0.0,,,,,,,,,,,,,
USC00043491,2011,9,7,,,0.0,,,,,,,,,,,,,
USC00043491,2011,9,8,,,0.0,,,,,,,,,,,,,
USC00043491,2011,9,9,,,0.0,,,,,,,,,,,,,
USC00043491,2011,10,1,,,0.0,,,,,,,,,,,,,
USC00043491,2011,10,10,,,71.0,,,,,,,,,,,,,
USC00043491,2011,10,11,,,452.0,,,,,,,,,,,,,
USC00043491,2011,10,12,,,0.0,,,,,,,,,,,,,
USC00043491,2011,10,13,,,0.0,,,,,,,,,,,,,
USC00043491,2011,10,14,,,0.0,,,,,,,,,,,,,
USC00043491,2011,10,15,,,0.0,,,,,,,,,,,,,
USC00043491,2011,10,16,,,0.0,,,,,,,,,,,,,
USC00043491,2011,10,17,,,0.0,,,,,,,,,,,,,
USC00043491,2011,10,18,,,0.0,,,,,,,,,,,,,
USC00043491,2011,10,19,,,0.0,,,,,,,,,,,,,
USC00043491,2011,10,2,,,0.0,,,,,,,,,,,,,
USC00043491,2011,10,20,,,0.0,,,,,,,,,,,,,
USC00043491,2011,10,21,,,0.0,,,,,,,,,,,,,
USC00043491,2011,10,22,,,0.0,,,,,,,,,,,,,
USC00043491,2011,10,23,,,0.0,,,,,,,,,,,,,
USC00043491,2011,10,24,,,0.0,,,,,,,,,,,,,
USC00043491,2011,10,25,,,0.0,,,,,,,,,,,,,
USC00043491,2011,10,26,,,0.0,,,,,,,,,,,,,
USC00043491,2011,10,27,,,0.0,,,,,,,,,,,,,
USC00043491,2011,10,28,,,0.0,,,,,,,,,,,,,
USC00043491,2011,10,29,,,0.0,,,,,,,,,,,,,
USC00043491,2011,10,3,,,0.0,,,,,,,,,,,,,
USC00043491,2011,10,30,,,0.0,,,,,,,,,,,,,
USC00043491,2011,10,31,,,0.0,,,,,,,,,,,,,
USC00043491,2011,10,4,,,0.0,,,,,,,,,,,,,
USC00043491,2011,10,5,,,592.0,,,,,,,,,,,,,
USC00043491,2011,10,6,,,150.0,,,,,,,,,,,,,
USC00043491,2011,10,7,,,0.0,,,,,,,,,,,,,
USC00043491,2011,10,8,,,0.0,,,,,,,,,,,,,
USC00043491,2011,10,9,,,0.0,,,,,,,,,,,,,
USC00043491,2011,11,1,,,0.0,-9999.0,,,,,,,,,,,,
USC00043491,2011,11,10,,,0.0,-9999.0,,,,,,,,,,,,
USC00043491,2011,11,11,,,0.0,-9999.0,,,,,,,,,,,,
USC00043491,2011,11,12,,,33.0,-9999.0,,,,,,,,,,,,
USC00043491,2011,11,13,,,0.0,-9999.0,,,,,,,,,,,,
USC00043491,2011,11,14,,,0.0,-9999.0,,,,,,,,,,,,
USC00043491,2011,11,15,,,0.0,-9999.0,,,,,,,,,,,,
USC00043491,2011,11,16,,,0.0,-9999.0,,,,,,,,,,,,
USC00043491,2011,11,17,,,0.0,-9999.0,,,,,,,,,,,,
USC00043491,2011,11,18,,,0.0,-9999.0,,,,,,,,,,,,
USC00043491,2011,11,19,,,114.0,-9999.0,,,,,,,,,,,,
USC00043491,2011,11,2,,,0.0,-9999.0,,,,,,,,,,,,
USC00043491,2011,11,20,,,102.0,-9999.0,,,,,,,,,,,,
USC00043491,2011,11,21,,,0.0,-9999.0,,,,,,,,,,,,
USC00043491,2011,11,22,,,0.0,-9999.0,,,,,,,,,,,,
USC00043491,2011,11,23,,,0.0,-9999.0,,,,,,,,,,,,
USC00043491,2011,11,24,,,0.0,-9999.0,,,,,,,,,,,,
USC00043491,2011,11,25,,,53.0,-9999.0,,,,,,,,,,,,
USC00043491,2011,11,26,,,0.0,-9999.0,,,,,,,,,,,,
USC00043491,2011,11,27,,,0.0,-9999.0,,,,,,,,,,,,
USC00043491,2011,11,28,,,0.0,-9999.0,,,,,,,,,,,,
USC00043491,2011,11,29,,,0.0,-9999.0,,,,,,,,,,,,
USC00043491,2011,11,3,,,0.0,-9999.0,,,,,,,,,,,,
USC00043491,2011,11,30,,,0.0,-9999.0,,,,,,,,,,,,
USC00043491,2011,11,31,,,-9999.0,-9999.0,,,,,,,,,,,,
USC00043491,2011,11,4,,,142.0,3.0,,,,,,,,,,,,
USC00043491,2011,11,5,,,0.0,-9999.0,,,,,,,,,,,,
USC00043491,2011,11,6,,,244.0,10.0,,,,,,,,,,,,
USC00043491,2011,11,7,,,0.0,-9999.0,,,,,,,,,,,,
USC00043491,2011,11,8,,,0.0,-9999.0,,,,,,,,,,,,
USC00043491,2011,11,9,,,0.0,-9999.0,,,,,,,,,,,,
USC00043491,2011,12,1,,,0.0,,,,,,,,,,,,,
USC00043491,2011,12,10,,,0.0,,,,,,,,,,,,,
USC00043491,2011,12,11,,,0.0,,,,,,,,,,,,,
USC00043491,2011,12,12,,,0.0,,,,,,,,,,,,,
USC00043491,2011,12,13,,,0.0,,,,,,,,,,,,,
USC00043491,2011,12,14,,,0.0,,,,,,,,,,,,,
USC00043491,2011,12,15,,,30.0,,,,,,,,,,,,,
USC00043491,2011,12,16,,,0.0,,,,,,,,,,,,,
USC00043491,2011,12,17,,,0.0,,,,,,,,,,,,,
USC00043491,2011,12,18,,,0.0,,,,,,,,,,,,,
USC00043491,2011,12,19,,,0.0,,,,,,,,,,,,,
USC00043491,2011,12,2,,,0.0,,,,,,,,,,,,,
USC00043491,2011,12,20,,,0.0,,,,,,,,,,,,,
USC00043491,2011,12,21,,,0.0,,,,,,,,,,,,,
USC00043491,2011,12,22,,,0.0,,,,,,,,,,,,,
USC00043491,2011,12,23,,,0.0,,,,,,,,,,,,,
USC00043491,2011,12,24,,,0.0,,,,,,,,,,,,,
USC00043491,2011,12,25,,,0.0,,,,,,,,,,,,,
USC00043491,2011,12,26,,,0.0,,,,,,,,,,,,,
USC00043491,2011,12,27,,,0.0,,,,,,,,,,,,,
USC00043491,2011,12,28,,,0.0,,,,,,,,,,,,,
USC00043491,2011,12,29,,,0.0,,,,,,,,,,,,,
USC00043491,2011,12,3,,,0.0,,,,,,,,,,,,,
USC00043491,2011,12,30,,,0.0,,,,,,,,,,,,,
USC00043491,2011,12,31,,,5.0,,,,,,,,,,,,,
USC00043491,2011,12,4,,,0.0,,,,,,,,,,,,,
USC00043491,2011,12,5,,,0.0,,,,,,,,,,,,,
USC00043491,2011,12,6,,,0.0,,,,,,,,,,,,,
USC00043491,2011,12,7,,,0.0,,,,,,,,,,,,,
USC00043491,2011,12,8,,,0.0,,,,,,,,,,,,,
USC00043491,2011,12,9,,,0.0,,,,,,,,,,,,,
USC00043491,2012,1,1,,,0.0,,-9999.0,,,,,,,,,,,
USC00043491,2012,1,10,,,0.0,,-9999.0,,,,,,,,,,,
USC00043491,2012,1,11,,,0.0,,-9999.0,,,,,,,,,,,
USC00043491,2012,1,12,,,0.0,,-9999.0,,,,,,,,,,,
USC00043491,2012,1,13,,,0.0,,-9999.0,,,,,,,,,,,
USC00043491,2012,1,14,,,0.0,,-9999.0,,,,,,,,,,,
USC00043491,2012,1,15,,,0.0,,-9999.0,,,,,,,,,,,
USC00043491,2012,1,16,,,0.0,,-9999.0,,,,,,,,,,,
USC00043491,2012,1,17,,,0.0,,-9999.0,,,,,,,,,,,
USC00043491,2012,1,18,,,0.0,,-9999.0,,,,,,,,,,,
USC00043491,2012,1,19,,,0.0,,-9999.0,,,,,,,,,,,
USC00043491,2012,1,2,,,0.0,,-9999.0,,,,,,,,,,,
USC00043491,2012,1,20,,,132.0,,-9999.0,,,,,,,,,,,
USC00043491,2012,1,21,,,1260.0,,25.0,,,,,,,,,,,
USC00043491,2012,1,22,,,511.0,,-9999.0,,,,,,,,,,,
USC00043491,2012,1,23,,,503.0,,-9999.0,,,,,,,,,,,
USC00043491,2012,1,24,,,0.0,,-9999.0,,,,,,,,,,,
USC00043491,2012,1,25,,,0.0,,-9999.0,,,,,,,,,,,
USC00043491,2012,1,26,,,0.0,,-9999.0,,,,,,,,,,,
USC00043491,2012,1,27,,,53.0,,-9999.0,,,,,,,,,,,
USC00043491,2012,1,28,,,0.0,,-9999.0,,,,,,,,,,,
USC00043491,2012,1,29,,,0.0,,-9999.0,,,,,,,,,,,
USC00043491,2012,1,3,,,0.0,,-9999.0,,,,,,,,,,,
USC00043491,2012,1,30,,,0.0,,-9999.0,,,,,,,,,,,
USC00043491,2012,1,31,,,0.0,,-9999.0,,,,,,,,,,,
USC00043491,2012,1,4,,,0.0,,-9999.0,,,,,,,,,,,
USC00043491,2012,1,5,,,0.0,,-9999.0,,,,,,,,,,,
USC00043491,2012,1,6,,,0.0,,-9999.0,,,,,,,,,,,
USC00043491,2012,1,7,,,0.0,,-9999.0,,,,,,,,,,,
USC00043491,2012,1,8,,,0.0,,-9999.0,,,,,,,,,,,
USC00043491,2012,1,9,,,0.0,,-9999.0,,,,,,,,,,,
USC00043491,2012,2,1,,,33.0,,-9999.0,,,,,,,,,,,
USC00043491,2012,2,10,,,0.0,,-9999.0,,,,,,,,,,,
USC00043491,2012,2,11,,,48.0,,-9999.0,,,,,,,,,,,
USC00043491,2012,2,12,,,0.0,,-9999.0,,,,,,,,,,,
USC00043491,2012,2,13,,,335.0,,102.0,,,,,,,,,,,
USC00043491,2012,2,14,,,0.0,,-9999.0,,,,,,,,,,,
USC00043491,2012,2,15,,,66.0,,25.0,,,,,,,,,,,
USC00043491,2012,2,16,,,0.0,,-9999.0,,,,,,,,,,,
USC00043491,2012,2,17,,,0.0,,-9999.0,,,,,,,,,,,
USC00043491,2012,2,18,,,0.0,,-9999.0,,,,,,,,,,,
USC00043491,2012,2,19,,,0.0,,-9999.0,,,,,,,,,,,
USC00043491,2012,2,2,,,0.0,,-9999.0,,,,,,,,,,,
USC00043491,2012,2,20,,,8.0,,-9999.0,,,,,,,,,,,
USC00043491,2012,2,21,,,-9999.0,,-9999.0,,,,,,,,,,,
USC00043491,2012,2,22,,,-9999.0,,-9999.0,,,,,,,,,,,
USC00043491,2012,2,23,,,-9999.0,,-9999.0,,,,,,,,,,,
USC00043491,2012,2,24,,,-9999.0,,-9999.0,,,,,,,,,,,
USC00043491,2012,2,25,,,-9999.0,,-9999.0,,,,,,,,,,,
USC00043491,2012,2,26,,,-9999.0,,-9999.0,,,,,,,,,,,
USC00043491,2012,2,27,,,-9999.0,,-9999.0,,,,,,,,,,,
USC00043491,2012,2,28,,,53.0,,51.0,,,,,,,,,,,
USC00043491,2012,2,29,,,312.0,,127.0,,,,,,,,,,,
USC00043491,2012,2,3,,,0.0,,-9999.0,,,,,,,,,,,
USC00043491,2012,2,30,,,-9999.0,,-9999.0,,,,,,,,,,,
USC00043491,2012,2,31,,,-9999.0,,-9999.0,,,,,,,,,,,
USC00043491,2012,2,4,,,0.0,,-9999.0,,,,,,,,,,,
USC00043491,2012,2,5,,,0.0,,-9999.0,,,,,,,,,,,
USC00043491,2012,2,6,,,0.0,,-9999.0,,,,,,,,,,,
USC00043491,2012,2,7,,,0.0,,-9999.0,,,,,,,,,,,
USC00043491,2012,2,8,,,0.0,,-9999.0,,,,,,,,,,,
USC00043491,2012,2,9,,,41.0,,-9999.0,,,,,,,,,,,
USC00043491,2012,3,1,,,358.0,,203.0,,,,,,,,,,,
USC00043491,2012,3,10,,,0.0,,-9999.0,,,,,,,,,,,
USC00043491,2012,3,11,,,89.0,,-9999.0,,,,,,,,,,,
USC00043491,2012,3,12,,,0.0,,-9999.0,,,,,,,,,,,
USC00043491,2012,3,13,,,130.0,,-9999.0,,,,,,,,,,,
USC00043491,2012,3,14,,,752.0,,-9999.0,,,,,,,,,,,
USC00043491,2012,3,15,,,549.0,,-9999.0,,,,,,,,,,,
USC00043491,2012,3,16,,,561.0,,-9999.0,,,,,,,,,,,
USC00043491,2012,3,17,,,1019.0,,25.0,,,,,,,,,,,
USC00043491,2012,3,18,,,137.0,,152.0,,,,,,,,,,,
USC00043491,2012,3,19,,,142.0,,178.0,,,,,,,,,,,
USC00043491,2012,3,2,,,0.0,,-9999.0,,,,,,,,,,,
USC00043491,2012,3,20,,,0.0,,-9999.0,,,,,,,,,,,
USC00043491,2012,3,21,,,0.0,,-9999.0,,,,,,,,,,,
USC00043491,2012,3,22,,,0.0,,-9999.0,,,,,,,,,,,
USC00043491,2012,3,23,,,56.0,,-9999.0,,,,,,,,,,,
USC00043491,2012,3,24,,,0.0,,-9999.0,,,,,,,,,,,
USC00043491,2012,3,25,,,0.0,,-9999.0,,,,,,,,,,,
USC00043491,2012,3,26,,,61.0,,25.0,,,,,,,,,,,
USC00043491,2012,3,27,,,8.0,,-9999.0,,,,,,,,,,,
USC00043491,2012,3,28,,,312.0,,-9999.0,,,,,,,,,,,
USC00043491,2012,3,29,,,71.0,,-9999.0,,,,,,,,,,,
USC00043491,2012,3,3,,,0.0,,-9999.0,,,,,,,,,,,
USC00043491,2012,3,30,,,66.0,,-9999.0,,,,,,,,,,,
USC00043491,2012,3,31,,,15.0,,-9999.0,,,,,,,,,,,
USC00043491,2012,3,4,,,0.0,,-9999.0,,,,,,,,,,,
USC00043491,2012,3,5,,,0.0,,-9999.0,,,,,,,,,,,
USC00043491,2012,3,6,,,0.0,,-9999.0,,,,,,,,,,,
USC00043491,2012,3,7,,,0.0,,-9999.0,,,,,,,,,,,
USC00043491,2012,3,8,,,0.0,,-9999.0,,,,,,,,,,,
USC00043491,2012,3,9,,,0.0,,-9999.0,,,,,,,,,,,
USC00043491,2012,4,1,-9999.0,-9999.0,475.0,,102.0,,,,,,,,,,,
USC00043491,2012,4,10,-9999.0,-9999.0,0.0,,-9999.0,,,,,,,,,,,
USC00043491,2012,4,11,-9999.0,-9999.0,114.0,,-9999.0,,,,,,,,,,,
USC00043491,2012,4,12,-9999.0,-9999.0,325.0,,25.0,,,,,,,,,,,
USC00043491,2012,4,13,-9999.0,-9999.0,-9999.0,,-9999.0,,,,,,,,,,,
USC00043491,2012,4,14,2.0,706.0,-9999.0,,51.0,,,,,,,,,,,
USC00043491,2012,4,15,-9999.0,-9999.0,0.0,,-9999.0,,,,,,,,,,,
USC00043491,2012,4,16,-9999.0,-9999.0,0.0,,-9999.0,,,,,,,,,,,
USC00043491,2012,4,17,-9999.0,-9999.0,0.0,,-9999.0,,,,,,,,,,,
USC00043491,2012,4,18,-9999.0,-9999.0,0.0,,-9999.0,,,,,,,,,,,
USC00043491,2012,4,19,-9999.0,-9999.0,0.0,,-9999.0,,,,,,,,,,,
USC00043491,2012,4,2,-9999.0,-9999.0,0.0,,-9999.0,,,,,,,,,,,
USC00043491,2012,4,20,-9999.0,-9999.0,0.0,,-9999.0,,,,,,,,,,,
USC00043491,2012,4,21,-9999.0,-9999.0,0.0,,-9999.0,,,,,,,,,,,
USC00043491,2012,4,22,-9999.0,-9999.0,0.0,,-9999.0,,,,,,,,,,,
USC00043491,2012,4,23,-9999.0,-9999.0,0.0,,-9999.0,,,,,,,,,,,
USC00043491,2012,4,24,-9999.0,-9999.0,0.0,,-9999.0,,,,,,,,,,,
USC00043491,2012,4,25,-9999.0,-9999.0,0.0,,-9999.0,,,,,,,,,,,
USC00043491,2012,4,26,-9999.0,-9999.0,419.0,,-9999.0,,,,,,,,,,,
USC00043491,2012,4,27,-9999.0,-9999.0,206.0,,-9999.0,,,,,,,,,,,
USC00043491,2012,4,28,-9999.0,-9999.0,0.0,,-9999.0,,,,,,,,,,,
USC00043491,2012,4,29,-9999.0,-9999.0,0.0,,-9999.0,,,,,,,,,,,
USC00043491,2012,4,3,-9999.0,-9999.0,0.0,,-9999.0,,,,,,,,,,,
USC00043491,2012,4,30,-9999.0,-9999.0,0.0,,-9999.0,,,,,,,,,,,
USC00043491,2012,4,31,-9999.0,-9999.0,-9999.0,,-9999.0,,,,,,,,,,,
USC00043491,2012,4,4,-9999.0,-9999.0,183.0,,-9999.0,,,,,,,,,,,
USC00043491,2012,4,5,-9999.0,-9999.0,0.0,,-9999.0,,,,,,,,,,,
USC00043491,2012,4,6,-9999.0,-9999.0,0.0,,-9999.0,,,,,,,,,,,
USC00043491,2012,4,7,-9999.0,-9999.0,0.0,,-9999.0,,,,,,,,,,,
USC00043491,2012,4,8,-9999.0,-9999.0,0.0,,-9999.0,,,,,,,,,,,
USC00043491,2012,4,9,-9999.0,-9999.0,0.0,,-9999.0,,,,,,,,,,,
USC00043491,2012,5,1,,,0.0,,,,,,,,,,,,,
USC00043491,2012,5,10,,,0.0,,,,,,,,,,,,,
USC00043491,2012,5,11,,,0.0,,,,,,,,,,,,,
USC00043491,2012,5,12,,,0.0,,,,,,,,,,,,,
USC00043491,2012,5,13,,,0.0,,,,,,,,,,,,,
USC00043491,2012,5,14,,,0.0,,,,,,,,,,,,,
USC00043491,2012,5,15,,,0.0,,,,,,,,,,,,,
USC00043491,2012,5,16,,,0.0,,,,,,,,,,,,,
USC00043491,2012,5,17,,,0.0,,,,,,,,,,,,,
USC00043491,2012,5,18,,,0.0,,,,,,,,,,,,,
USC00043491,2012,5,19,,,0.0,,,,,,,,,,,,,
USC00043491,2012,5,2,,,0.0,,,,,,,,,,,,,
USC00043491,2012,5,20,,,0.0,,,,,,,,,,,,,
USC00043491,2012,5,21,,,0.0,,,,,,,,,,,,,
USC00043491,2012,5,22,,,0.0,,,,,,,,,,,,,
USC00043491,2012,5,23,,,0.0,,,,,,,,,,,,,
USC00043491,2012,5,24,,,0.0,,,,,,,,,,,,,
USC00043491,2012,5,25,,,0.0,,,,,,,,,,,,,
USC00043491,2012,5,26,,,23.0,,,,,,,,,,,,,
USC00043491,2012,5,27,,,84.0,,,,,,,,,,,,,
USC00043491,2012,5,28,,,0.0,,,,,,,,,,,,,
USC00043491,2012,5,29,,,0.0,,,,,,,,,,,,,
USC00043491,2012,5,3,,,0.0,,,,,,,,,,,,,
USC00043491,2012,5,30,,,0.0,,,,,,,,,,,,,
USC00043491,2012,5,31,,,0.0,,,,,,,,,,,,,
USC00043491,2012,5,4,,,25.0,,,,,,,,,,,,,
USC00043491,2012,5,5,,,0.0,,,,,,,,,,,,,
USC00043491,2012,5,6,,,0.0,,,,,,,,,,,,,
USC00043491,2012,5,7,,,0.0,,,,,,,,,,,,,
USC00043491,2012,5,8,,,0.0,,,,,,,,,,,,,
USC00043491,2012,5,9,,,0.0,,,,,,,,,,,,,
USC00043491,2012,6,1,,,0.0,,,,,,,,,,,,,
USC00043491,2012,6,10,,,0.0,,,,,,,,,,,,,
USC00043491,2012,6,11,,,0.0,,,,,,,,,,,,,
USC00043491,2012,6,12,,,0.0,,,,,,,,,,,,,
USC00043491,2012,6,13,,,0.0,,,,,,,,,,,,,
USC00043491,2012,6,14,,,0.0,,,,,,,,,,,,,
USC00043491,2012,6,15,,,0.0,,,,,,,,,,,,,
USC00043491,2012,6,16,,,0.0,,,,,,,,,,,,,
USC00043491,2012,6,17,,,0.0,,,,,,,,,,,,,
USC00043491,2012,6,18,,,0.0,,,,,,,,,,,,,
USC00043491,2012,6,19,,,0.0,,,,,,,,,,,,,
USC00043491,2012,6,2,,,0.0,,,,,,,,,,,,,
USC00043491,2012,6,20,,,0.0,,,,,,,,,,,,,
USC00043491,2012,6,21,,,0.0,,,,,,,,,,,,,
USC00043491,2012,6,22,,,0.0,,,,,,,,,,,,,
USC00043491,2012,6,23,,,53.0,,,,,,,,,,,,,
USC00043491,2012,6,24,,,0.0,,,,,,,,,,,,,
USC00043491,2012,6,25,,,0.0,,,,,,,,,,,,,
USC00043491,2012,6,26,,,0.0,,,,,,,,,,,,,
USC00043491,2012,6,27,,,0.0,,,,,,,,,,,,,
USC00043491,2012,6,28,,,0.0,,,,,,,,,,,,,
USC00043491,2012,6,29,,,0.0,,,,,,,,,,,,,
USC00043491,2012,6,3,,,0.0,,,,,,,,,,,,,
USC00043491,2012,6,30,,,0.0,,,,,,,,,,,,,
USC00043491,2012,6,31,,,-9999.0,,,,,,,,,,,,,
USC00043491,2012,6,4,,,5.0,,,,,,,,,,,,,
USC00043491,2012,6,5,,,244.0,,,,,,,,,,,,,
USC00043491,2012,6,6,,,20.0,,,,,,,,,,,,,
USC00043491,2012,6,7,,,0.0,,,,,,,,,,,,,
USC00043491,2012,6,8,,,0.0,,,,,,,,,,,,,
USC00043491,2012,6,9,,,0.0,,,,,,,,,,,,,
USC00043491,2012,7,1,,,0.0,,,,,,,,,,,,,
USC00043491,2012,7,10,,,0.0,,,,,,,,,,,,,
USC00043491,2012,7,11,,,0.0,,,,,,,,,,,,,
USC00043491,2012,7,12,,,0.0,,,,,,,,,,,,,
USC00043491,2012,7,13,,,0.0,,,,,,,,,,,,,
USC00043491,2012,7,14,,,0.0,,,,,,,,,,,,,
USC00043491,2012,7,15,,,0.0,,,,,,,,,,,,,
USC00043491,2012,7,16,,,0.0,,,,,,,,,,,,,
USC00043491,2012,7,17,,,0.0,,,,,,,,,,,,,
USC00043491,2012,7,18,,,0.0,,,,,,,,,,,,,
USC00043491,2012,7,19,,,0.0,,,,,,,,,,,,,
USC00043491,2012,7,2,,,0.0,,,,,,,,,,,,,
USC00043491,2012,7,20,,,0.0,,,,,,,,,,,,,
USC00043491,2012,7,21,,,0.0,,,,,,,,,,,,,
USC00043491,2012,7,22,,,0.0,,,,,,,,,,,,,
USC00043491,2012,7,23,,,0.0,,,,,,,,,,,,,
USC00043491,2012,7,24,,,0.0,,,,,,,,,,,,,
USC00043491,2012,7,25,,,0.0,,,,,,,,,,,,,
USC00043491,2012,7,26,,,0.0,,,,,,,,,,,,,
USC00043491,2012,7,27,,,0.0,,,,,,,,,,,,,
USC00043491,2012,7,28,,,0.0,,,,,,,,,,,,,
USC00043491,2012,7,29,,,0.0,,,,,,,,,,,,,
USC00043491,2012,7,3,,,0.0,,,,,,,,,,,,,
USC00043491,2012,7,30,,,0.0,,,,,,,,,,,,,
USC00043491,2012,7,31,,,0.0,,,,,,,,,,,,,
USC00043491,2012,7,4,,,0.0,,,,,,,,,,,,,
USC00043491,2012,7,5,,,0.0,,,,,,,,,,,,,
USC00043491,2012,7,6,,,0.0,,,,,,,,,,,,,
USC00043491,2012,7,7,,,0.0,,,,,,,,,,,,,
USC00043491,2012,7,8,,,0.0,,,,,,,,,,,,,
USC00043491,2012,7,9,,,0.0,,,,,,,,,,,,,
USC00043491,2012,8,1,,,-9999.0,,,,,,,,,,,,,
USC00043491,2012,8,10,,,-9999.0,,,,,,,,,,,,,
USC00043491,2012,8,11,,,-9999.0,,,,,,,,,,,,,
USC00043491,2012,8,12,,,-9999.0,,,,,,,,,,,,,
USC00043491,2012,8,13,,,-9999.0,,,,,,,,,,,,,
USC00043491,2012,8,14,,,-9999.0,,,,,,,,,,,,,
USC00043491,2012,8,15,,,-9999.0,,,,,,,,,,,,,
USC00043491,2012,8,16,,,-9999.0,,,,,,,,,,,,,
USC00043491,2012,8,17,,,-9999.0,,,,,,,,,,,,,
USC00043491,2012,8,18,,,-9999.0,,,,,,,,,,,,,
USC00043491,2012,8,19,,,-9999.0,,,,,,,,,,,,,
USC00043491,2012,8,2,,,-9999.0,,,,,,,,,,,,,
USC00043491,2012,8,20,,,-9999.0,,,,,,,,,,,,,
USC00043491,2012,8,21,,,-9999.0,,,,,,,,,,,,,
USC00043491,2012,8,22,,,-9999.0,,,,,,,,,,,,,
USC00043491,2012,8,23,,,-9999.0,,,,,,,,,,,,,
USC00043491,2012,8,24,,,-9999.0,,,,,,,,,,,,,
USC00043491,2012,8,25,,,-9999.0,,,,,,,,,,,,,
USC00043491,2012,8,26,,,-9999.0,,,,,,,,,,,,,
USC00043491,2012,8,27,,,-9999.0,,,,,,,,,,,,,
USC00043491,2012,8,28,,,-9999.0,,,,,,,,,,,,,
USC00043491,2012,8,29,,,-9999.0,,,,,,,,,,,,,
USC00043491,2012,8,3,,,-9999.0,,,,,,,,,,,,,
USC00043491,2012,8,30,,,-9999.0,,,,,,,,,,,,,
USC00043491,2012,8,31,,,-9999.0,,,,,,,,,,,,,
USC00043491,2012,8,4,,,-9999.0,,,,,,,,,,,,,
USC00043491,2012,8,5,,,8.0,,,,,,,,,,,,,
USC00043491,2012,8,6,,,-9999.0,,,,,,,,,,,,,
USC00043491,2012,8,7,,,-9999.0,,,,,,,,,,,,,
USC00043491,2012,8,8,,,-9999.0,,,,,,,,,,,,,
USC00043491,2012,8,9,,,-9999.0,,,,,,,,,,,,,
USC00043491,2012,9,1,,,-9999.0,-9999.0,-9999.0,,,,,,,,,,,
USC00043491,2012,9,10,,,-9999.0,-9999.0,-9999.0,,,,,,,,,,,
USC00043491,2012,9,11,,,-9999.0,-9999.0,-9999.0,,,,,,,,,,,
USC00043491,2012,9,12,,,-9999.0,-9999.0,-9999.0,,,,,,,,,,,
USC00043491,2012,9,13,,,-9999.0,-9999.0,-9999.0,,,,,,,,,,,
USC00043491,2012,9,14,,,-9999.0,-9999.0,-9999.0,,,,,,,,,,,
USC00043491,2012,9,15,,,-9999.0,-9999.0,-9999.0,,,,,,,,,,,
USC00043491,2012,9,16,,,-9999.0,-9999.0,-9999.0,,,,,,,,,,,
USC00043491,2012,9,17,,,-9999.0,-9999.0,-9999.0,,,,,,,,,,,
USC00043491,2012,9,18,,,-9999.0,-9999.0,-9999.0,,,,,,,,,,,
USC00043491,2012,9,19,,,-9999.0,-9999.0,-9999.0,,,,,,,,,,,
USC00043491,2012,9,2,,,-9999.0,-9999.0,-9999.0,,,,,,,,,,,
USC00043491,2012,9,20,,,-9999.0,-9999.0,-9999.0,,,,,,,,,,,
USC00043491,2012,9,21,,,-9999.0,-9999.0,-9999.0,,,,,,,,,,,
USC00043491,2012,9,22,,,-9999.0,-9999.0,-9999.0,,,,,,,,,,,
USC00043491,2012,9,23,,,-9999.0,-9999.0,-9999.0,,,,,,,,,,,
USC00043491,2012,9,24,,,-9999.0,-9999.0,-9999.0,,,,,,,,,,,
USC00043491,2012,9,25,,,-9999.0,-9999.0,-9999.0,,,,,,,,,,,
USC00043491,2012,9,26,,,-9999.0,-9999.0,-9999.0,,,,,,,,,,,
USC00043491,2012,9,27,,,-9999.0,-9999.0,-9999.0,,,,,,,,,,,
USC00043491,2012,9,28,,,-9999.0,-9999.0,-9999.0,,,,,,,,,,,
USC00043491,2012,9,29,,,-9999.0,-9999.0,-9999.0,,,,,,,,,,,
USC00043491,2012,9,3,,,-9999.0,-9999.0,-9999.0,,,,,,,,,,,
USC00043491,2012,9,30,,,0.0,0.0,0.0,,,,,,,,,,,
USC00043491,2012,9,31,,,-9999.0,-9999.0,-9999.0,,,,,,,,,,,
USC00043491,2012,9,4,,,-9999.0,-9999.0,-9999.0,,,,,,,,,,,
USC00043491,2012,9,5,,,-9999.0,-9999.0,-9999.0,,,,,,,,,,,
USC00043491,2012,9,6,,,-9999.0,-9999.0,-9999.0,,,,,,,,,,,
USC00043491,2012,9,7,,,-9999.0,-9999.0,-9999.0,,,,,,,,,,,
USC00043491,2012,9,8,,,-9999.0,-9999.0,-9999.0,,,,,,,,,,,
USC00043491,2012,9,9,,,-9999.0,-9999.0,-9999.0,,,,,,,,,,,
USC00043491,2012,10,1,,,-9999.0,-9999.0,-9999.0,,,,,,,,,,,
USC00043491,2012,10,10,,,-9999.0,-9999.0,-9999.0,,,,,,,,,,,
USC00043491,2012,10,11,,,-9999.0,-9999.0,-9999.0,,,,,,,,,,,
USC00043491,2012,10,12,,,0.0,-9999.0,-9999.0,,,,,,,,,,,
USC00043491,2012,10,13,,,-9999.0,-9999.0,-9999.0,,,,,,,,,,,
USC00043491,2012,10,14,,,-9999.0,-9999.0,-9999.0,,,,,,,,,,,
USC00043491,2012,10,15,,,-9999.0,-9999.0,-9999.0,,,,,,,,,,,
USC00043491,2012,10,16,,,-9999.0,-9999.0,-9999.0,,,,,,,,,,,
USC00043491,2012,10,17,,,-9999.0,-9999.0,-9999.0,,,,,,,,,,,
USC00043491,2012,10,18,,,-9999.0,-9999.0,-9999.0,,,,,,,,,,,
USC00043491,2012,10,19,,,-9999.0,-9999.0,-9999.0,,,,,,,,,,,
USC00043491,2012,10,2,,,-9999.0,-9999.0,-9999.0,,,,,,,,,,,
USC00043491,2012,10,20,,,-9999.0,-9999.0,-9999.0,,,,,,,,,,,
USC00043491,2012,10,21,,,-9999.0,-9999.0,-9999.0,,,,,,,,,,,
USC00043491,2012,10,22,,,244.0,-9999.0,-9999.0,,,,,,,,,,,
USC00043491,2012,10,23,,,498.0,0.0,0.0,,,,,,,,,,,
USC00043491,2012,10,24,,,102.0,0.0,0.0,,,,,,,,,,,
USC00043491,2012,10,25,,,36.0,0.0,0.0,,,,,,,,,,,
USC00043491,2012,10,26,,,-9999.0,-9999.0,-9999.0,,,,,,,,,,,
USC00043491,2012,10,27,,,-9999.0,-9999.0,-9999.0,,,,,,,,,,,
USC00043491,2012,10,28,,,-9999.0,-9999.0,-9999.0,,,,,,,,,,,
USC00043491,2012,10,29,,,-9999.0,-9999.0,-9999.0,,,,,,,,,,,
USC00043491,2012,10,3,,,-9999.0,-9999.0,-9999.0,,,,,,,,,,,
USC00043491,2012,10,30,,,-9999.0,-9999.0,-9999.0,,,,,,,,,,,
USC00043491,2012,10,31,,,-9999.0,-9999.0,-9999.0,,,,,,,,,,,
USC00043491,2012,10,4,,,-9999.0,-9999.0,-9999.0,,,,,,,,,,,
USC00043491,2012,10,5,,,-9999.0,-9999.0,-9999.0,,,,,,,,,,,
USC00043491,2012,10,6,,,-9999.0,-9999.0,-9999.0,,,,,,,,,,,
USC00043491,2012,10,7,,,-9999.0,-9999.0,-9999.0,,,,,,,,,,,
USC00043491,2012,10,8,,,-9999.0,-9999.0,-9999.0,,,,,,,,,,,
USC00043491,2012,10,9,,,-9999.0,-9999.0,-9999.0,,,,,,,,,,,
USC00043491,2012,11,1,,,208.0,,,,,,,,,,,,,
USC00043491,2012,11,10,,,66.0,,,,,,,,,,,,,
USC00043491,2012,11,11,,,97.0,,,,,,,,,,,,,
USC00043491,2012,11,12,,,0.0,,,,,,,,,,,,,
USC00043491,2012,11,13,,,0.0,,,,,,,,,,,,,
USC00043491,2012,11,14,,,0.0,,,,,,,,,,,,,
USC00043491,2012,11,15,,,0.0,,,,,,,,,,,,,
USC00043491,2012,11,16,,,0.0,,,,,,,,,,,,,
USC00043491,2012,11,17,,,206.0,,,,,,,,,,,,,
USC00043491,2012,11,18,,,577.0,,,,,,,,,,,,,
USC00043491,2012,11,19,,,8.0,,,,,,,,,,,,,
USC00043491,2012,11,2,,,0.0,,,,,,,,,,,,,
USC00043491,2012,11,20,,,455.0,,,,,,,,,,,,,
USC00043491,2012,11,21,,,71.0,,,,,,,,,,,,,
USC00043491,2012,11,22,,,0.0,,,,,,,,,,,,,
USC00043491,2012,11,23,,,0.0,,,,,,,,,,,,,
USC00043491,2012,11,24,,,0.0,,,,,,,,,,,,,
USC00043491,2012,11,25,,,0.0,,,,,,,,,,,,,
USC00043491,2012,11,26,,,0.0,,,,,,,,,,,,,
USC00043491,2012,11,27,,,0.0,,,,,,,,,,,,,
USC00043491,2012,11,28,,,0.0,,,,,,,,,,,,,
USC00043491,2012,11,29,,,439.0,,,,,,,,,,,,,
USC00043491,2012,11,3,,,0.0,,,,,,,,,,,,,
USC00043491,2012,11,30,,,988.0,,,,,,,,,,,,,
USC00043491,2012,11,31,,,-9999.0,,,,,,,,,,,,,
USC00043491,2012,11,4,,,0.0,,,,,,,,,,,,,
USC00043491,2012,11,5,,,0.0,,,,,,,,,,,,,
USC00043491,2012,11,6,,,0.0,,,,,,,,,,,,,
USC00043491,2012,11,7,,,0.0,,,,,,,,,,,,,
USC00043491,2012,11,8,,,0.0,,,,,,,,,,,,,
USC00043491,2012,11,9,,,124.0,,,,,,,,,,,,,
USC00043491,2012,12,1,-9999.0,-9999.0,988.0,-9999.0,-9999.0,,,,,,,,,,,
USC00043491,2012,12,10,-9999.0,-9999.0,0.0,-9999.0,-9999.0,,,,,,,,,,,
USC00043491,2012,12,11,-9999.0,-9999.0,0.0,-9999.0,-9999.0,,,,,,,,,,,
USC00043491,2012,12,12,-9999.0,-9999.0,91.0,-9999.0,-9999.0,,,,,,,,,,,
USC00043491,2012,12,13,-9999.0,-9999.0,33.0,-9999.0,-9999.0,,,,,,,,,,,
USC00043491,2012,12,14,-9999.0,-9999.0,0.0,-9999.0,-9999.0,,,,,,,,,,,
USC00043491,2012,12,15,-9999.0,-9999.0,208.0,25.0,25.0,,,,,,,,,,,
USC00043491,2012,12,16,-9999.0,-9999.0,409.0,-9999.0,-9999.0,,,,,,,,,,,
USC00043491,2012,12,17,-9999.0,-9999.0,147.0,-9999.0,-9999.0,,,,,,,,,,,
USC00043491,2012,12,18,-9999.0,-9999.0,-9999.0,-9999.0,-9999.0,,,,,,,,,,,
USC00043491,2012,12,19,-9999.0,-9999.0,-9999.0,-9999.0,-9999.0,,,,,,,,,,,
USC00043491,2012,12,2,-9999.0,-9999.0,770.0,-9999.0,-9999.0,,,,,,,,,,,
USC00043491,2012,12,20,-9999.0,-9999.0,-9999.0,-9999.0,-9999.0,,,,,,,,,,,
USC00043491,2012,12,21,-9999.0,-9999.0,-9999.0,-9999.0,-9999.0,,,,,,,,,,,
USC00043491,2012,12,22,-9999.0,-9999.0,-9999.0,-9999.0,-9999.0,,,,,,,,,,,
USC00043491,2012,12,23,-9999.0,-9999.0,-9999.0,-9999.0,-9999.0,,,,,,,,,,,
USC00043491,2012,12,24,6.0,1349.0,-9999.0,51.0,25.0,,,,,,,,,,,
USC00043491,2012,12,25,-9999.0,-9999.0,58.0,-9999.0,-9999.0,,,,,,,,,,,
USC00043491,2012,12,26,-9999.0,-9999.0,498.0,25.0,25.0,,,,,,,,,,,
USC00043491,2012,12,27,-9999.0,-9999.0,137.0,25.0,25.0,,,,,,,,,,,
USC00043491,2012,12,28,-9999.0,-9999.0,0.0,-9999.0,-9999.0,,,,,,,,,,,
USC00043491,2012,12,29,-9999.0,-9999.0,0.0,-9999.0,-9999.0,,,,,,,,,,,
USC00043491,2012,12,3,-9999.0,-9999.0,272.0,-9999.0,-9999.0,,,,,,,,,,,
USC00043491,2012,12,30,-9999.0,-9999.0,0.0,-9999.0,-9999.0,,,,,,,,,,,
USC00043491,2012,12,31,-9999.0,-9999.0,0.0,-9999.0,-9999.0,,,,,,,,,,,
USC00043491,2012,12,4,-9999.0,-9999.0,0.0,-9999.0,-9999.0,,,,,,,,,,,
USC00043491,2012,12,5,-9999.0,-9999.0,437.0,-9999.0,-9999.0,,,,,,,,,,,
USC00043491,2012,12,6,-9999.0,-9999.0,74.0,-9999.0,-9999.0,,,,,,,,,,,
USC00043491,2012,12,7,-9999.0,-9999.0,5.0,-9999.0,-9999.0,,,,,,,,,,,
USC00043491,2012,12,8,-9999.0,-9999.0,0.0,-9999.0,-9999.0,,,,,,,,,,,
USC00043491,2012,12,9,-9999.0,-9999.0,0.0,-9999.0,-9999.0,,,,,,,,,,,
USC00043491,2013,1,1,,,0.0,-9999.0,,,,,,,,,,,,
USC00043491,2013,1,10,,,145.0,13.0,,,,,,,,,,,,
USC00043491,2013,1,11,,,0.0,-9999.0,,,,,,,,,,,,
USC00043491,2013,1,12,,,0.0,-9999.0,,,,,,,,,,,,
USC00043491,2013,1,13,,,0.0,-9999.0,,,,,,,,,,,,
USC00043491,2013,1,14,,,0.0,-9999.0,,,,,,,,,,,,
USC00043491,2013,1,15,,,0.0,-9999.0,,,,,,,,,,,,
USC00043491,2013,1,16,,,0.0,-9999.0,,,,,,,,,,,,
USC00043491,2013,1,17,,,0.0,-9999.0,,,,,,,,,,,,
USC00043491,2013,1,18,,,0.0,-9999.0,,,,,,,,,,,,
USC00043491,2013,1,19,,,0.0,-9999.0,,,,,,,,,,,,
USC00043491,2013,1,2,,,0.0,-9999.0,,,,,,,,,,,,
USC00043491,2013,1,20,,,0.0,-9999.0,,,,,,,,,,,,
USC00043491,2013,1,21,,,0.0,-9999.0,,,,,,,,,,,,
USC00043491,2013,1,22,,,0.0,-9999.0,,,,,,,,,,,,
USC00043491,2013,1,23,,,0.0,-9999.0,,,,,,,,,,,,
USC00043491,2013,1,24,,,5.0,-9999.0,,,,,,,,,,,,
USC00043491,2013,1,25,,,99.0,-9999.0,,,,,,,,,,,,
USC00043491,2013,1,26,,,0.0,-9999.0,,,,,,,,,,,,
USC00043491,2013,1,27,,,119.0,51.0,,,,,,,,,,,,
USC00043491,2013,1,28,,,5.0,-9999.0,,,,,,,,,,,,
USC00043491,2013,1,29,,,0.0,-9999.0,,,,,,,,,,,,
USC00043491,2013,1,3,,,0.0,-9999.0,,,,,,,,,,,,
USC00043491,2013,1,30,,,0.0,-9999.0,,,,,,,,,,,,
USC00043491,2013,1,31,,,0.0,-9999.0,,,,,,,,,,,,
USC00043491,2013,1,4,,,0.0,-9999.0,,,,,,,,,,,,
USC00043491,2013,1,5,,,0.0,-9999.0,,,,,,,,,,,,
USC00043491,2013,1,6,,,13.0,-9999.0,,,,,,,,,,,,
USC00043491,2013,1,7,,,0.0,-9999.0,,,,,,,,,,,,
USC00043491,2013,1,8,,,0.0,-9999.0,,,,,,,,,,,,
USC00043491,2013,1,9,,,0.0,-9999.0,,,,,,,,,,,,
USC00043491,2013,2,1,,,0.0,-9999.0,,,,,,,,,,,,
USC00043491,2013,2,10,,,0.0,-9999.0,,,,,,,,,,,,
USC00043491,2013,2,11,,,0.0,-9999.0,,,,,,,,,,,,
USC00043491,2013,2,12,,,0.0,-9999.0,,,,,,,,,,,,
USC00043491,2013,2,13,,,0.0,-9999.0,,,,,,,,,,,,
USC00043491,2013,2,14,,,0.0,-9999.0,,,,,,,,,,,,
USC00043491,2013,2,15,,,0.0,-9999.0,,,,,,,,,,,,
USC00043491,2013,2,16,,,0.0,-9999.0,,,,,,,,,,,,
USC00043491,2013,2,17,,,0.0,-9999.0,,,,,,,,,,,,
USC00043491,2013,2,18,,,0.0,-9999.0,,,,,,,,,,,,
USC00043491,2013,2,19,,,30.0,-9999.0,,,,,,,,,,,,
USC00043491,2013,2,2,,,0.0,-9999.0,,,,,,,,,,,,
USC00043491,2013,2,20,,,145.0,114.0,,,,,,,,,,,,
USC00043491,2013,2,21,,,30.0,-9999.0,,,,,,,,,,,,
USC00043491,2013,2,22,,,0.0,-9999.0,,,,,,,,,,,,
USC00043491,2013,2,23,,,10.0,-9999.0,,,,,,,,,,,,
USC00043491,2013,2,24,,,0.0,-9999.0,,,,,,,,,,,,
USC00043491,2013,2,25,,,0.0,-9999.0,,,,,,,,,,,,
USC00043491,2013,2,26,,,0.0,-9999.0,,,,,,,,,,,,
USC00043491,2013,2,27,,,0.0,-9999.0,,,,,,,,,,,,
USC00043491,2013,2,28,,,0.0,-9999.0,,,,,,,,,,,,
USC00043491,2013,2,29,,,-9999.0,-9999.0,,,,,,,,,,,,
USC00043491,2013,2,3,,,0.0,-9999.0,,,,,,,,,,,,
USC00043491,2013,2,30,,,-9999.0,-9999.0,,,,,,,,,,,,
USC00043491,2013,2,31,,,-9999.0,-9999.0,,,,,,,,,,,,
USC00043491,2013,2,4,,,0.0,-9999.0,,,,,,,,,,,,
USC00043491,2013,2,5,,,0.0,-9999.0,,,,,,,,,,,,
USC00043491,2013,2,6,,,0.0,-9999.0,,,,,,,,,,,,
USC00043491,2013,2,7,,,0.0,-9999.0,,,,,,,,,,,,
USC00043491,2013,2,8,,,28.0,-9999.0,,,,,,,,,,,,
USC00043491,2013,2,9,,,0.0,-9999.0,,,,,,,,,,,,
USC00043491,2013,3,1,,,0.0,,,,,,,,,,,,,
USC00043491,2013,3,10,,,0.0,,,,,,,,,,,,,
USC00043491,2013,3,11,,,0.0,,,,,,,,,,,,,
USC00043491,2013,3,12,,,0.0,,,,,,,,,,,,,
USC00043491,2013,3,13,,,0.0,,,,,,,,,,,,,
USC00043491,2013,3,14,,,0.0,,,,,,,,,,,,,
USC00043491,2013,3,15,,,0.0,,,,,,,,,,,,,
USC00043491,2013,3,16,,,0.0,,,,,,,,,,,,,
USC00043491,2013,3,17,,,0.0,,,,,,,,,,,,,
USC00043491,2013,3,18,,,0.0,,,,,,,,,,,,,
USC00043491,2013,3,19,,,0.0,,,,,,,,,,,,,
USC00043491,2013,3,2,,,0.0,,,,,,,,,,,,,
USC00043491,2013,3,20,,,315.0,,,,,,,,,,,,,
USC00043491,2013,3,21,,,198.0,,,,,,,,,,,,,
USC00043491,2013,3,22,,,0.0,,,,,,,,,,,,,
USC00043491,2013,3,23,,,0.0,,,,,,,,,,,,,
USC00043491,2013,3,24,,,0.0,,,,,,,,,,,,,
USC00043491,2013,3,25,,,0.0,,,,,,,,,,,,,
USC00043491,2013,3,26,,,0.0,,,,,,,,,,,,,
USC00043491,2013,3,27,,,0.0,,,,,,,,,,,,,
USC00043491,2013,3,28,,,0.0,,,,,,,,,,,,,
USC00043491,2013,3,29,,,13.0,,,,,,,,,,,,,
USC00043491,2013,3,3,,,10.0,,,,,,,,,,,,,
USC00043491,2013,3,30,,,0.0,,,,,,,,,,,,,
USC00043491,2013,3,31,,,130.0,,,,,,,,,,,,,
USC00043491,2013,3,4,,,0.0,,,,,,,,,,,,,
USC00043491,2013,3,5,,,0.0,,,,,,,,,,,,,
USC00043491,2013,3,6,,,0.0,,,,,,,,,,,,,
USC00043491,2013,3,7,,,0.0,,,,,,,,,,,,,
USC00043491,2013,3,8,,,315.0,,,,,,,,,,,,,
USC00043491,2013,3,9,,,0.0,,,,,,,,,,,,,
USC00043491,2013,4,1,,,69.0,,,,,,,,,,,,,
USC00043491,2013,4,10,,,0.0,,,,,,,,,,,,,
USC00043491,2013,4,11,,,0.0,,,,,,,,,,,,,
USC00043491,2013,4,12,,,0.0,,,,,,,,,,,,,
USC00043491,2013,4,13,,,0.0,,,,,,,,,,,,,
USC00043491,2013,4,14,,,0.0,,,,,,,,,,,,,
USC00043491,2013,4,15,,,0.0,,,,,,,,,,,,,
USC00043491,2013,4,16,,,0.0,,,,,,,,,,,,,
USC00043491,2013,4,17,,,0.0,,,,,,,,,,,,,
USC00043491,2013,4,18,,,0.0,,,,,,,,,,,,,
USC00043491,2013,4,19,,,0.0,,,,,,,,,,,,,
USC00043491,2013,4,2,,,15.0,,,,,,,,,,,,,
USC00043491,2013,4,20,,,0.0,,,,,,,,,,,,,
USC00043491,2013,4,21,,,0.0,,,,,,,,,,,,,
USC00043491,2013,4,22,,,0.0,,,,,,,,,,,,,
USC00043491,2013,4,23,,,0.0,,,,,,,,,,,,,
USC00043491,2013,4,24,,,0.0,,,,,,,,,,,,,
USC00043491,2013,4,25,,,0.0,,,,,,,,,,,,,
USC00043491,2013,4,26,,,0.0,,,,,,,,,,,,,
USC00043491,2013,4,27,,,0.0,,,,,,,,,,,,,
USC00043491,2013,4,28,,,0.0,,,,,,,,,,,,,
USC00043491,2013,4,29,,,0.0,,,,,,,,,,,,,
USC00043491,2013,4,3,,,0.0,,,,,,,,,,,,,
USC00043491,2013,4,30,,,-9999.0,,,,,,,,,,,,,
USC00043491,2013,4,31,,,-9999.0,,,,,,,,,,,,,
USC00043491,2013,4,4,,,0.0,,,,,,,,,,,,,
USC00043491,2013,4,5,,,180.0,,,,,,,,,,,,,
USC00043491,2013,4,6,,,5.0,,,,,,,,,,,,,
USC00043491,2013,4,7,,,5.0,,,,,,,,,,,,,
USC00043491,2013,4,8,,,170.0,,,,,,,,,,,,,
USC00043491,2013,4,9,,,0.0,,,,,,,,,,,,,
USC00043491,2013,5,1,,,0.0,,,,,,,,,,,,,
USC00043491,2013,5,10,,,0.0,,,,,,,,,,,,,
USC00043491,2013,5,11,,,0.0,,,,,,,,,,,,,
USC00043491,2013,5,12,,,0.0,,,,,,,,,,,,,
USC00043491,2013,5,13,,,0.0,,,,,,,,,,,,,
USC00043491,2013,5,14,,,0.0,,,,,,,,,,,,,
USC00043491,2013,5,15,,,0.0,,,,,,,,,,,,,
USC00043491,2013,5,16,,,5.0,,,,,,,,,,,,,
USC00043491,2013,5,17,,,0.0,,,,,,,,,,,,,
USC00043491,2013,5,18,,,0.0,,,,,,,,,,,,,
USC00043491,2013,5,19,,,0.0,,,,,,,,,,,,,
USC00043491,2013,5,2,,,0.0,,,,,,,,,,,,,
USC00043491,2013,5,20,,,0.0,,,,,,,,,,,,,
USC00043491,2013,5,21,,,0.0,,,,,,,,,,,,,
USC00043491,2013,5,22,,,0.0,,,,,,,,,,,,,
USC00043491,2013,5,23,,,0.0,,,,,,,,,,,,,
USC00043491,2013,5,24,,,0.0,,,,,,,,,,,,,
USC00043491,2013,5,25,,,0.0,,,,,,,,,,,,,
USC00043491,2013,5,26,,,0.0,,,,,,,,,,,,,
USC00043491,2013,5,27,,,0.0,,,,,,,,,,,,,
USC00043491,2013,5,28,,,79.0,,,,,,,,,,,,,
USC00043491,2013,5,29,,,3.0,,,,,,,,,,,,,
USC00043491,2013,5,3,,,0.0,,,,,,,,,,,,,
USC00043491,2013,5,30,,,0.0,,,,,,,,,,,,,
USC00043491,2013,5,31,,,0.0,,,,,,,,,,,,,
USC00043491,2013,5,4,,,0.0,,,,,,,,,,,,,
USC00043491,2013,5,5,,,0.0,,,,,,,,,,,,,
USC00043491,2013,5,6,,,66.0,,,,,,,,,,,,,
USC00043491,2013,5,7,,,91.0,,,,,,,,,,,,,
USC00043491,2013,5,8,,,94.0,,,,,,,,,,,,,
USC00043491,2013,5,9,,,0.0,,,,,,,,,,,,,
USC00043491,2013,6,1,,,0.0,,,,,,,,,,,,,
USC00043491,2013,6,10,,,0.0,,,,,,,,,,,,,
USC00043491,2013,6,11,,,0.0,,,,,,,,,,,,,
USC00043491,2013,6,12,,,0.0,,,,,,,,,,,,,
USC00043491,2013,6,13,,,0.0,,,,,,,,,,,,,
USC00043491,2013,6,14,,,0.0,,,,,,,,,,,,,
USC00043491,2013,6,15,,,0.0,,,,,,,,,,,,,
USC00043491,2013,6,16,,,0.0,,,,,,,,,,,,,
USC00043491,2013,6,17,,,0.0,,,,,,,,,,,,,
USC00043491,2013,6,18,,,0.0,,,,,,,,,,,,,
USC00043491,2013,6,19,,,0.0,,,,,,,,,,,,,
USC00043491,2013,6,2,,,0.0,,,,,,,,,,,,,
USC00043491,2013,6,20,,,0.0,,,,,,,,,,,,,
USC00043491,2013,6,21,,,0.0,,,,,,,,,,,,,
USC00043491,2013,6,22,,,0.0,,,,,,,,,,,,,
USC00043491,2013,6,23,,,0.0,,,,,,,,,,,,,
USC00043491,2013,6,24,,,13.0,,,,,,,,,,,,,
USC00043491,2013,6,25,,,409.0,,,,,,,,,,,,,
USC00043491,2013,6,26,,,211.0,,,,,,,,,,,,,
USC00043491,2013,6,27,,,0.0,,,,,,,,,,,,,
USC00043491,2013,6,28,,,0.0,,,,,,,,,,,,,
USC00043491,2013,6,29,,,0.0,,,,,,,,,,,,,
USC00043491,2013,6,3,,,0.0,,,,,,,,,,,,,
USC00043491,2013,6,30,,,0.0,,,,,,,,,,,,,
USC00043491,2013,6,31,,,-9999.0,,,,,,,,,,,,,
USC00043491,2013,6,4,,,0.0,,,,,,,,,,,,,
USC00043491,2013,6,5,,,0.0,,,,,,,,,,,,,
USC00043491,2013,6,6,,,0.0,,,,,,,,,,,,,
USC00043491,2013,6,7,,,0.0,,,,,,,,,,,,,
USC00043491,2013,6,8,,,0.0,,,,,,,,,,,,,
USC00043491,2013,6,9,,,0.0,,,,,,,,,,,,,
USC00043491,2013,7,1,,,0.0,,,,,,,,,,,,,
USC00043491,2013,7,10,,,0.0,,,,,,,,,,,,,
USC00043491,2013,7,11,,,0.0,,,,,,,,,,,,,
USC00043491,2013,7,12,,,0.0,,,,,,,,,,,,,
USC00043491,2013,7,13,,,0.0,,,,,,,,,,,,,
USC00043491,2013,7,14,,,0.0,,,,,,,,,,,,,
USC00043491,2013,7,15,,,0.0,,,,,,,,,,,,,
USC00043491,2013,7,16,,,0.0,,,,,,,,,,,,,
USC00043491,2013,7,17,,,0.0,,,,,,,,,,,,,
USC00043491,2013,7,18,,,0.0,,,,,,,,,,,,,
USC00043491,2013,7,19,,,0.0,,,,,,,,,,,,,
USC00043491,2013,7,2,,,0.0,,,,,,,,,,,,,
USC00043491,2013,7,20,,,0.0,,,,,,,,,,,,,
USC00043491,2013,7,21,,,0.0,,,,,,,,,,,,,
USC00043491,2013,7,22,,,0.0,,,,,,,,,,,,,
USC00043491,2013,7,23,,,0.0,,,,,,,,,,,,,
USC00043491,2013,7,24,,,0.0,,,,,,,,,,,,,
USC00043491,2013,7,25,,,0.0,,,,,,,,,,,,,
USC00043491,2013,7,26,,,0.0,,,,,,,,,,,,,
USC00043491,2013,7,27,,,0.0,,,,,,,,,,,,,
USC00043491,2013,7,28,,,0.0,,,,,,,,,,,,,
USC00043491,2013,7,29,,,0.0,,,,,,,,,,,,,
USC00043491,2013,7,3,,,0.0,,,,,,,,,,,,,
USC00043491,2013,7,30,,,0.0,,,,,,,,,,,,,
USC00043491,2013,7,31,,,0.0,,,,,,,,,,,,,
USC00043491,2013,7,4,,,0.0,,,,,,,,,,,,,
USC00043491,2013,7,5,,,0.0,,,,,,,,,,,,,
USC00043491,2013,7,6,,,0.0,,,,,,,,,,,,,
USC00043491,2013,7,7,,,0.0,,,,,,,,,,,,,
USC00043491,2013,7,8,,,0.0,,,,,,,,,,,,,
USC00043491,2013,7,9,,,0.0,,,,,,,,,,,,,
USC00043491,2013,8,1,,,0.0,,,,,,,,,,,,,
USC00043491,2013,8,10,,,0.0,,,,,,,,,,,,,
USC00043491,2013,8,11,,,0.0,,,,,,,,,,,,,
USC00043491,2013,8,12,,,0.0,,,,,,,,,,,,,
USC00043491,2013,8,13,,,0.0,,,,,,,,,,,,,
USC00043491,2013,8,14,,,0.0,,,,,,,,,,,,,
USC00043491,2013,8,15,,,0.0,,,,,,,,,,,,,
USC00043491,2013,8,16,,,0.0,,,,,,,,,,,,,
USC00043491,2013,8,17,,,0.0,,,,,,,,,,,,,
USC00043491,2013,8,18,,,0.0,,,,,,,,,,,,,
USC00043491,2013,8,19,,,0.0,,,,,,,,,,,,,
USC00043491,2013,8,2,,,0.0,,,,,,,,,,,,,
USC00043491,2013,8,20,,,0.0,,,,,,,,,,,,,
USC00043491,2013,8,21,,,0.0,,,,,,,,,,,,,
USC00043491,2013,8,22,,,0.0,,,,,,,,,,,,,
USC00043491,2013,8,23,,,0.0,,,,,,,,,,,,,
USC00043491,2013,8,24,,,0.0,,,,,,,,,,,,,
USC00043491,2013,8,25,,,0.0,,,,,,,,,,,,,
USC00043491,2013,8,26,,,0.0,,,,,,,,,,,,,
USC00043491,2013,8,27,,,0.0,,,,,,,,,,,,,
USC00043491,2013,8,28,,,0.0,,,,,,,,,,,,,
USC00043491,2013,8,29,,,0.0,,,,,,,,,,,,,
USC00043491,2013,8,3,,,0.0,,,,,,,,,,,,,
USC00043491,2013,8,30,,,0.0,,,,,,,,,,,,,
USC00043491,2013,8,31,,,0.0,,,,,,,,,,,,,
USC00043491,2013,8,4,,,0.0,,,,,,,,,,,,,
USC00043491,2013,8,5,,,0.0,,,,,,,,,,,,,
USC00043491,2013,8,6,,,0.0,,,,,,,,,,,,,
USC00043491,2013,8,7,,,0.0,,,,,,,,,,,,,
USC00043491,2013,8,8,,,0.0,,,,,,,,,,,,,
USC00043491,2013,8,9,,,0.0,,,,,,,,,,,,,
USC00043491,2013,9,1,,,0.0,,,,,,,,,,,,,
USC00043491,2013,9,10,,,0.0,,,,,,,,,,,,,
USC00043491,2013,9,11,,,0.0,,,,,,,,,,,,,
USC00043491,2013,9,12,,,0.0,,,,,,,,,,,,,
USC00043491,2013,9,13,,,0.0,,,,,,,,,,,,,
USC00043491,2013,9,14,,,0.0,,,,,,,,,,,,,
USC00043491,2013,9,15,,,0.0,,,,,,,,,,,,,
USC00043491,2013,9,16,,,0.0,,,,,,,,,,,,,
USC00043491,2013,9,17,,,0.0,,,,,,,,,,,,,
USC00043491,2013,9,18,,,0.0,,,,,,,,,,,,,
USC00043491,2013,9,19,,,0.0,,,,,,,,,,,,,
USC00043491,2013,9,2,,,43.0,,,,,,,,,,,,,
USC00043491,2013,9,20,,,0.0,,,,,,,,,,,,,
USC00043491,2013,9,21,,,53.0,,,,,,,,,,,,,
USC00043491,2013,9,22,,,196.0,,,,,,,,,,,,,
USC00043491,2013,9,23,,,0.0,,,,,,,,,,,,,
USC00043491,2013,9,24,,,0.0,,,,,,,,,,,,,
USC00043491,2013,9,25,,,0.0,,,,,,,,,,,,,
USC00043491,2013,9,26,,,0.0,,,,,,,,,,,,,
USC00043491,2013,9,27,,,0.0,,,,,,,,,,,,,
USC00043491,2013,9,28,,,0.0,,,,,,,,,,,,,
USC00043491,2013,9,29,,,0.0,,,,,,,,,,,,,
USC00043491,2013,9,3,,,119.0,,,,,,,,,,,,,
USC00043491,2013,9,30,,,0.0,,,,,,,,,,,,,
USC00043491,2013,9,31,,,-9999.0,,,,,,,,,,,,,
USC00043491,2013,9,4,,,0.0,,,,,,,,,,,,,
USC00043491,2013,9,5,,,0.0,,,,,,,,,,,,,
USC00043491,2013,9,6,,,0.0,,,,,,,,,,,,,
USC00043491,2013,9,7,,,0.0,,,,,,,,,,,,,
USC00043491,2013,9,8,,,0.0,,,,,,,,,,,,,
USC00043491,2013,9,9,,,0.0,,,,,,,,,,,,,
USC00043491,2013,10,1,,,0.0,,,,,,,,,,,,,
USC00043491,2013,10,10,,,0.0,,,,,,,,,,,,,
USC00043491,2013,10,11,,,0.0,,,,,,,,,,,,,
USC00043491,2013,10,12,,,0.0,,,,,,,,,,,,,
USC00043491,2013,10,13,,,0.0,,,,,,,,,,,,,
USC00043491,2013,10,14,,,0.0,,,,,,,,,,,,,
USC00043491,2013,10,15,,,0.0,,,,,,,,,,,,,
USC00043491,2013,10,16,,,0.0,,,,,,,,,,,,,
USC00043491,2013,10,17,,,0.0,,,,,,,,,,,,,
USC00043491,2013,10,18,,,0.0,,,,,,,,,,,,,
USC00043491,2013,10,19,,,0.0,,,,,,,,,,,,,
USC00043491,2013,10,2,,,0.0,,,,,,,,,,,,,
USC00043491,2013,10,20,,,0.0,,,,,,,,,,,,,
USC00043491,2013,10,21,,,0.0,,,,,,,,,,,,,
USC00043491,2013,10,22,,,0.0,,,,,,,,,,,,,
USC00043491,2013,10,23,,,0.0,,,,,,,,,,,,,
USC00043491,2013,10,24,,,0.0,,,,,,,,,,,,,
USC00043491,2013,10,25,,,0.0,,,,,,,,,,,,,
USC00043491,2013,10,26,,,0.0,,,,,,,,,,,,,
USC00043491,2013,10,27,,,0.0,,,,,,,,,,,,,
USC00043491,2013,10,28,,,132.0,,,,,,,,,,,,,
USC00043491,2013,10,29,,,38.0,,,,,,,,,,,,,
USC00043491,2013,10,3,,,0.0,,,,,,,,,,,,,
USC00043491,2013,10,30,,,15.0,,,,,,,,,,,,,
USC00043491,2013,10,31,,,0.0,,,,,,,,,,,,,
USC00043491,2013,10,4,,,0.0,,,,,,,,,,,,,
USC00043491,2013,10,5,,,0.0,,,,,,,,,,,,,
USC00043491,2013,10,6,,,0.0,,,,,,,,,,,,,
USC00043491,2013,10,7,,,0.0,,,,,,,,,,,,,
USC00043491,2013,10,8,,,0.0,,,,,,,,,,,,,
USC00043491,2013,10,9,,,20.0,,,,,,,,,,,,,
USC00043491,2013,11,1,,,0.0,,,,,,,,,,,,,
USC00043491,2013,11,10,,,0.0,,,,,,,,,,,,,
USC00043491,2013,11,11,,,0.0,,,,,,,,,,,,,
USC00043491,2013,11,12,,,0.0,,,,,,,,,,,,,
USC00043491,2013,11,13,,,0.0,,,,,,,,,,,,,
USC00043491,2013,11,14,,,0.0,,,,,,,,,,,,,
USC00043491,2013,11,15,,,0.0,,,,,,,,,,,,,
USC00043491,2013,11,16,,,0.0,,,,,,,,,,,,,
USC00043491,2013,11,17,,,0.0,,,,,,,,,,,,,
USC00043491,2013,11,18,,,0.0,,,,,,,,,,,,,
USC00043491,2013,11,19,,,53.0,,,,,,,,,,,,,
USC00043491,2013,11,2,,,0.0,,,,,,,,,,,,,
USC00043491,2013,11,20,,,356.0,,,,,,,,,,,,,
USC00043491,2013,11,21,,,175.0,,,,,,,,,,,,,
USC00043491,2013,11,22,,,0.0,,,,,,,,,,,,,
USC00043491,2013,11,23,,,0.0,,,,,,,,,,,,,
USC00043491,2013,11,24,,,0.0,,,,,,,,,,,,,
USC00043491,2013,11,25,,,0.0,,,,,,,,,,,,,
USC00043491,2013,11,26,,,0.0,,,,,,,,,,,,,
USC00043491,2013,11,27,,,0.0,,,,,,,,,,,,,
USC00043491,2013,11,28,,,0.0,,,,,,,,,,,,,
USC00043491,2013,11,29,,,0.0,,,,,,,,,,,,,
USC00043491,2013,11,3,,,0.0,,,,,,,,,,,,,
USC00043491,2013,11,30,,,0.0,,,,,,,,,,,,,
USC00043491,2013,11,31,,,-9999.0,,,,,,,,,,,,,
USC00043491,2013,11,4,,,0.0,,,,,,,,,,,,,
USC00043491,2013,11,5,,,0.0,,,,,,,,,,,,,
USC00043491,2013,11,6,,,0.0,,,,,,,,,,,,,
USC00043491,2013,11,7,,,0.0,,,,,,,,,,,,,
USC00043491,2013,11,8,,,0.0,,,,,,,,,,,,,
USC00043491,2013,11,9,,,0.0,,,,,,,,,,,,,
USC00043491,2013,12,1,,,0.0,-9999.0,-9999.0,,,,,,,,,,,
USC00043491,2013,12,10,,,0.0,-9999.0,76.0,,,,,,,,,,,
USC00043491,2013,12,11,,,0.0,-9999.0,25.0,,,,,,,,,,,
USC00043491,2013,12,12,,,0.0,-9999.0,25.0,,,,,,,,,,,
USC00043491,2013,12,13,,,0.0,-9999.0,-9999.0,,,,,,,,,,,
USC00043491,2013,12,14,,,0.0,-9999.0,-9999.0,,,,,,,,,,,
USC00043491,2013,12,15,,,0.0,-9999.0,-9999.0,,,,,,,,,,,
USC00043491,2013,12,16,,,0.0,-9999.0,-9999.0,,,,,,,,,,,
USC00043491,2013,12,17,,,0.0,-9999.0,-9999.0,,,,,,,,,,,
USC00043491,2013,12,18,,,0.0,-9999.0,-9999.0,,,,,,,,,,,
USC00043491,2013,12,19,,,0.0,-9999.0,-9999.0,,,,,,,,,,,
USC00043491,2013,12,2,,,0.0,-9999.0,-9999.0,,,,,,,,,,,
USC00043491,2013,12,20,,,0.0,-9999.0,-9999.0,,,,,,,,,,,
USC00043491,2013,12,21,,,0.0,-9999.0,-9999.0,,,,,,,,,,,
USC00043491,2013,12,22,,,0.0,-9999.0,-9999.0,,,,,,,,,,,
USC00043491,2013,12,23,,,0.0,-9999.0,-9999.0,,,,,,,,,,,
USC00043491,2013,12,24,,,0.0,-9999.0,-9999.0,,,,,,,,,,,
USC00043491,2013,12,25,,,0.0,-9999.0,-9999.0,,,,,,,,,,,
USC00043491,2013,12,26,,,0.0,-9999.0,-9999.0,,,,,,,,,,,
USC00043491,2013,12,27,,,0.0,-9999.0,-9999.0,,,,,,,,,,,
USC00043491,2013,12,28,,,0.0,-9999.0,-9999.0,,,,,,,,,,,
USC00043491,2013,12,29,,,0.0,-9999.0,-9999.0,,,,,,,,,,,
USC00043491,2013,12,3,,,41.0,-9999.0,-9999.0,,,,,,,,,,,
USC00043491,2013,12,30,,,0.0,-9999.0,-9999.0,,,,,,,,,,,
USC00043491,2013,12,31,,,0.0,-9999.0,-9999.0,,,,,,,,,,,
USC00043491,2013,12,4,,,0.0,-9999.0,-9999.0,,,,,,,,,,,
USC00043491,2013,12,5,,,0.0,-9999.0,-9999.0,,,,,,,,,,,
USC00043491,2013,12,6,,,0.0,-9999.0,-9999.0,,,,,,,,,,,
USC00043491,2013,12,7,,,122.0,257.0,203.0,,,,,,,,,,,
USC00043491,2013,12,8,,,0.0,-9999.0,152.0,,,,,,,,,,,
USC00043491,2013,12,9,,,0.0,-9999.0,127.0,,,,,,,,,,,
USC00043491,2014,1,1,,,0.0,,,,,,,,,,,,,
USC00043491,2014,1,10,,,0.0,,,,,,,,,,,,,
USC00043491,2014,1,11,,,0.0,,,,,,,,,,,,,
USC00043491,2014,1,12,,,61.0,,,,,,,,,,,,,
USC00043491,2014,1,13,,,0.0,,,,,,,,,,,,,
USC00043491,2014,1,14,,,0.0,,,,,,,,,,,,,
USC00043491,2014,1,15,,,0.0,,,,,,,,,,,,,
USC00043491,2014,1,16,,,0.0,,,,,,,,,,,,,
USC00043491,2014,1,17,,,0.0,,,,,,,,,,,,,
USC00043491,2014,1,18,,,0.0,,,,,,,,,,,,,
USC00043491,2014,1,19,,,0.0,,,,,,,,,,,,,
USC00043491,2014,1,2,,,0.0,,,,,,,,,,,,,
USC00043491,2014,1,20,,,0.0,,,,,,,,,,,,,
USC00043491,2014,1,21,,,0.0,,,,,,,,,,,,,
USC00043491,2014,1,22,,,0.0,,,,,,,,,,,,,
USC00043491,2014,1,23,,,0.0,,,,,,,,,,,,,
USC00043491,2014,1,24,,,0.0,,,,,,,,,,,,,
USC00043491,2014,1,25,,,0.0,,,,,,,,,,,,,
USC00043491,2014,1,26,,,0.0,,,,,,,,,,,,,
USC00043491,2014,1,27,,,0.0,,,,,,,,,,,,,
USC00043491,2014,1,28,,,0.0,,,,,,,,,,,,,
USC00043491,2014,1,29,,,0.0,,,,,,,,,,,,,
USC00043491,2014,1,3,,,0.0,,,,,,,,,,,,,
USC00043491,2014,1,30,,,432.0,,,,,,,,,,,,,
USC00043491,2014,1,31,,,15.0,,,,,,,,,,,,,
USC00043491,2014,1,4,,,0.0,,,,,,,,,,,,,
USC00043491,2014,1,5,,,0.0,,,,,,,,,,,,,
USC00043491,2014,1,6,,,0.0,,,,,,,,,,,,,
USC00043491,2014,1,7,,,0.0,,,,,,,,,,,,,
USC00043491,2014,1,8,,,0.0,,,,,,,,,,,,,
USC00043491,2014,1,9,,,0.0,,,,,,,,,,,,,
USC00043491,2014,2,1,,,0.0,,,,,,,,,,,,,
USC00043491,2014,2,10,,,587.0,,,,,,,,,,,,,
USC00043491,2014,2,11,,,0.0,,,,,,,,,,,,,
USC00043491,2014,2,12,,,0.0,,,,,,,,,,,,,
USC00043491,2014,2,13,,,0.0,,,,,,,,,,,,,
USC00043491,2014,2,14,,,8.0,,,,,,,,,,,,,
USC00043491,2014,2,15,,,282.0,,,,,,,,,,,,,
USC00043491,2014,2,16,,,0.0,,,,,,,,,,,,,
USC00043491,2014,2,17,,,0.0,,,,,,,,,,,,,
USC00043491,2014,2,18,,,0.0,,,,,,,,,,,,,
USC00043491,2014,2,19,,,36.0,,,,,,,,,,,,,
USC00043491,2014,2,2,,,432.0,,,,,,,,,,,,,
USC00043491,2014,2,20,,,51.0,,,,,,,,,,,,,
USC00043491,2014,2,21,,,0.0,,,,,,,,,,,,,
USC00043491,2014,2,22,,,0.0,,,,,,,,,,,,,
USC00043491,2014,2,23,,,0.0,,,,,,,,,,,,,
USC00043491,2014,2,24,,,0.0,,,,,,,,,,,,,
USC00043491,2014,2,25,,,0.0,,,,,,,,,,,,,
USC00043491,2014,2,26,,,0.0,,,,,,,,,,,,,
USC00043491,2014,2,27,,,445.0,,,,,,,,,,,,,
USC00043491,2014,2,28,,,165.0,,,,,,,,,,,,,
USC00043491,2014,2,29,,,-9999.0,,,,,,,,,,,,,
USC00043491,2014,2,3,,,3.0,,,,,,,,,,,,,
USC00043491,2014,2,30,,,-9999.0,,,,,,,,,,,,,
USC00043491,2014,2,31,,,-9999.0,,,,,,,,,,,,,
USC00043491,2014,2,4,,,0.0,,,,,,,,,,,,,
USC00043491,2014,2,5,,,0.0,,,,,,,,,,,,,
USC00043491,2014,2,6,,,43.0,,,,,,,,,,,,,
USC00043491,2014,2,7,,,64.0,,,,,,,,,,,,,
USC00043491,2014,2,8,,,602.0,,,,,,,,,,,,,
USC00043491,2014,2,9,,,1605.0,,,,,,,,,,,,,
USC00043491,2014,3,1,,,460.0,,,,,,,,,,,,,
USC00043491,2014,3,10,,,122.0,,,,,,,,,,,,,
USC00043491,2014,3,11,,,0.0,,,,,,,,,,,,,
USC00043491,2014,3,12,,,0.0,,,,,,,,,,,,,
USC00043491,2014,3,13,,,0.0,,,,,,,,,,,,,
USC00043491,2014,3,14,,,0.0,,,,,,,,,,,,,
USC00043491,2014,3,15,,,0.0,,,,,,,,,,,,,
USC00043491,2014,3,16,,,0.0,,,,,,,,,,,,,
USC00043491,2014,3,17,,,0.0,,,,,,,,,,,,,
USC00043491,2014,3,18,,,0.0,,,,,,,,,,,,,
USC00043491,2014,3,19,,,0.0,,,,,,,,,,,,,
USC00043491,2014,3,2,,,15.0,,,,,,,,,,,,,
USC00043491,2014,3,20,,,0.0,,,,,,,,,,,,,
USC00043491,2014,3,21,,,0.0,,,,,,,,,,,,,
USC00043491,2014,3,22,,,0.0,,,,,,,,,,,,,
USC00043491,2014,3,23,,,0.0,,,,,,,,,,,,,
USC00043491,2014,3,24,,,0.0,,,,,,,,,,,,,
USC00043491,2014,3,25,,,0.0,,,,,,,,,,,,,
USC00043491,2014,3,26,,,124.0,,,,,,,,,,,,,
USC00043491,2014,3,27,,,259.0,,,,,,,,,,,,,
USC00043491,2014,3,28,,,58.0,,,,,,,,,,,,,
USC00043491,2014,3,29,,,33.0,,,,,,,,,,,,,
USC00043491,2014,3,3,,,157.0,,,,,,,,,,,,,
USC00043491,2014,3,30,,,488.0,,,,,,,,,,,,,
USC00043491,2014,3,31,,,5.0,,,,,,,,,,,,,
USC00043491,2014,3,4,,,409.0,,,,,,,,,,,,,
USC00043491,2014,3,5,,,28.0,,,,,,,,,,,,,
USC00043491,2014,3,6,,,218.0,,,,,,,,,,,,,
USC00043491,2014,3,7,,,0.0,,,,,,,,,,,,,
USC00043491,2014,3,8,,,0.0,,,,,,,,,,,,,
USC00043491,2014,3,9,,,0.0,,,,,,,,,,,,,
USC00043491,2014,4,1,,,231.0,178.0,152.0,,,,,,,,,,,
USC00043491,2014,4,10,,,0.0,-9999.0,-9999.0,,,,,,,,,,,
USC00043491,2014,4,11,,,0.0,-9999.0,-9999.0,,,,,,,,,,,
USC00043491,2014,4,12,,,0.0,-9999.0,-9999.0,,,,,,,,,,,
USC00043491,2014,4,13,,,0.0,-9999.0,-9999.0,,,,,,,,,,,
USC00043491,2014,4,14,,,0.0,-9999.0,-9999.0,,,,,,,,,,,
USC00043491,2014,4,15,,,0.0,-9999.0,-9999.0,,,,,,,,,,,
USC00043491,2014,4,16,,,0.0,-9999.0,-9999.0,,,,,,,,,,,
USC00043491,2014,4,17,,,0.0,-9999.0,-9999.0,,,,,,,,,,,
USC00043491,2014,4,18,,,0.0,-9999.0,-9999.0,,,,,,,,,,,
USC00043491,2014,4,19,,,0.0,-9999.0,-9999.0,,,,,,,,,,,
USC00043491,2014,4,2,,,130.0,51.0,25.0,,,,,,,,,,,
USC00043491,2014,4,20,,,0.0,-9999.0,-9999.0,,,,,,,,,,,
USC00043491,2014,4,21,,,0.0,-9999.0,-9999.0,,,,,,,,,,,
USC00043491,2014,4,22,,,41.0,-9999.0,-9999.0,,,,,,,,,,,
USC00043491,2014,4,23,,,15.0,-9999.0,-9999.0,,,,,,,,,,,
USC00043491,2014,4,24,,,0.0,-9999.0,-9999.0,,,,,,,,,,,
USC00043491,2014,4,25,,,300.0,-9999.0,-9999.0,,,,,,,,,,,
USC00043491,2014,4,26,,,191.0,-9999.0,-9999.0,,,,,,,,,,,
USC00043491,2014,4,27,,,0.0,-9999.0,-9999.0,,,,,,,,,,,
USC00043491,2014,4,28,,,0.0,-9999.0,-9999.0,,,,,,,,,,,
USC00043491,2014,4,29,,,0.0,-9999.0,-9999.0,,,,,,,,,,,
USC00043491,2014,4,3,,,0.0,-9999.0,-9999.0,,,,,,,,,,,
USC00043491,2014,4,30,,,0.0,-9999.0,-9999.0,,,,,,,,,,,
USC00043491,2014,4,31,,,-9999.0,-9999.0,-9999.0,,,,,,,,,,,
USC00043491,2014,4,4,,,0.0,-9999.0,-9999.0,,,,,,,,,,,
USC00043491,2014,4,5,,,0.0,-9999.0,-9999.0,,,,,,,,,,,
USC00043491,2014,4,6,,,5.0,-9999.0,-9999.0,,,,,,,,,,,
USC00043491,2014,4,7,,,0.0,-9999.0,-9999.0,,,,,,,,,,,
USC00043491,2014,4,8,,,0.0,-9999.0,-9999.0,,,,,,,,,,,
USC00043491,2014,4,9,,,0.0,-9999.0,-9999.0,,,,,,,,,,,
USC00043491,2014,5,1,,,0.0,,,,,,,,,,,,,
USC00043491,2014,5,10,,,0.0,,,,,,,,,,,,,
USC00043491,2014,5,11,,,0.0,,,,,,,,,,,,,
USC00043491,2014,5,12,,,0.0,,,,,,,,,,,,,
USC00043491,2014,5,13,,,0.0,,,,,,,,,,,,,
USC00043491,2014,5,14,,,0.0,,,,,,,,,,,,,
USC00043491,2014,5,15,,,0.0,,,,,,,,,,,,,
USC00043491,2014,5,16,,,0.0,,,,,,,,,,,,,
USC00043491,2014,5,17,,,0.0,,,,,,,,,,,,,
USC00043491,2014,5,18,,,0.0,,,,,,,,,,,,,
USC00043491,2014,5,19,,,0.0,,,,,,,,,,,,,
USC00043491,2014,5,2,,,0.0,,,,,,,,,,,,,
USC00043491,2014,5,20,,,0.0,,,,,,,,,,,,,
USC00043491,2014,5,21,,,53.0,,,,,,,,,,,,,
USC00043491,2014,5,22,,,0.0,,,,,,,,,,,,,
USC00043491,2014,5,23,,,0.0,,,,,,,,,,,,,
USC00043491,2014,5,24,,,0.0,,,,,,,,,,,,,
USC00043491,2014,5,25,,,0.0,,,,,,,,,,,,,
USC00043491,2014,5,26,,,0.0,,,,,,,,,,,,,
USC00043491,2014,5,27,,,0.0,,,,,,,,,,,,,
USC00043491,2014,5,28,,,0.0,,,,,,,,,,,,,
USC00043491,2014,5,29,,,0.0,,,,,,,,,,,,,
USC00043491,2014,5,3,,,0.0,,,,,,,,,,,,,
USC00043491,2014,5,30,,,0.0,,,,,,,,,,,,,
USC00043491,2014,5,31,,,0.0,,,,,,,,,,,,,
USC00043491,2014,5,4,,,0.0,,,,,,,,,,,,,
USC00043491,2014,5,5,,,81.0,,,,,,,,,,,,,
USC00043491,2014,5,6,,,0.0,,,,,,,,,,,,,
USC00043491,2014,5,7,,,0.0,,,,,,,,,,,,,
USC00043491,2014,5,8,,,0.0,,,,,,,,,,,,,
USC00043491,2014,5,9,,,117.0,,,,,,,,,,,,,
USC00043491,2014,6,1,,,0.0,,,,,,,,,,,,,
USC00043491,2014,6,10,,,0.0,,,,,,,,,,,,,
USC00043491,2014,6,11,,,0.0,,,,,,,,,,,,,
USC00043491,2014,6,12,,,0.0,,,,,,,,,,,,,
USC00043491,2014,6,13,,,0.0,,,,,,,,,,,,,
USC00043491,2014,6,14,,,0.0,,,,,,,,,,,,,
USC00043491,2014,6,15,,,0.0,,,,,,,,,,,,,
USC00043491,2014,6,16,,,0.0,,,,,,,,,,,,,
USC00043491,2014,6,17,,,0.0,,,,,,,,,,,,,
USC00043491,2014,6,18,,,0.0,,,,,,,,,,,,,
USC00043491,2014,6,19,,,0.0,,,,,,,,,,,,,
USC00043491,2014,6,2,,,0.0,,,,,,,,,,,,,
USC00043491,2014,6,20,,,0.0,,,,,,,,,,,,,
USC00043491,2014,6,21,,,0.0,,,,,,,,,,,,,
USC00043491,2014,6,22,,,0.0,,,,,,,,,,,,,
USC00043491,2014,6,23,,,0.0,,,,,,,,,,,,,
USC00043491,2014,6,24,,,0.0,,,,,,,,,,,,,
USC00043491,2014,6,25,,,0.0,,,,,,,,,,,,,
USC00043491,2014,6,26,,,0.0,,,,,,,,,,,,,
USC00043491,2014,6,27,,,0.0,,,,,,,,,,,,,
USC00043491,2014,6,28,,,0.0,,,,,,,,,,,,,
USC00043491,2014,6,29,,,0.0,,,,,,,,,,,,,
USC00043491,2014,6,3,,,0.0,,,,,,,,,,,,,
USC00043491,2014,6,30,,,0.0,,,,,,,,,,,,,
USC00043491,2014,6,31,,,-9999.0,,,,,,,,,,,,,
USC00043491,2014,6,4,,,0.0,,,,,,,,,,,,,
USC00043491,2014,6,5,,,0.0,,,,,,,,,,,,,
USC00043491,2014,6,6,,,0.0,,,,,,,,,,,,,
USC00043491,2014,6,7,,,0.0,,,,,,,,,,,,,
USC00043491,2014,6,8,,,0.0,,,,,,,,,,,,,
USC00043491,2014,6,9,,,0.0,,,,,,,,,,,,,
USC00043491,2014,7,1,,,0.0,,,,,,,,,,,,,
USC00043491,2014,7,10,,,0.0,,,,,,,,,,,,,
USC00043491,2014,7,11,,,0.0,,,,,,,,,,,,,
USC00043491,2014,7,12,,,0.0,,,,,,,,,,,,,
USC00043491,2014,7,13,,,0.0,,,,,,,,,,,,,
USC00043491,2014,7,14,,,0.0,,,,,,,,,,,,,
USC00043491,2014,7,15,,,0.0,,,,,,,,,,,,,
USC00043491,2014,7,16,,,0.0,,,,,,,,,,,,,
USC00043491,2014,7,17,,,0.0,,,,,,,,,,,,,
USC00043491,2014,7,18,,,0.0,,,,,,,,,,,,,
USC00043491,2014,7,19,,,0.0,,,,,,,,,,,,,
USC00043491,2014,7,2,,,0.0,,,,,,,,,,,,,
USC00043491,2014,7,20,,,0.0,,,,,,,,,,,,,
USC00043491,2014,7,21,,,0.0,,,,,,,,,,,,,
USC00043491,2014,7,22,,,0.0,,,,,,,,,,,,,
USC00043491,2014,7,23,,,0.0,,,,,,,,,,,,,
USC00043491,2014,7,24,,,0.0,,,,,,,,,,,,,
USC00043491,2014,7,25,,,0.0,,,,,,,,,,,,,
USC00043491,2014,7,26,,,0.0,,,,,,,,,,,,,
USC00043491,2014,7,27,,,0.0,,,,,,,,,,,,,
USC00043491,2014,7,28,,,0.0,,,,,,,,,,,,,
USC00043491,2014,7,29,,,0.0,,,,,,,,,,,,,
USC00043491,2014,7,3,,,0.0,,,,,,,,,,,,,
USC00043491,2014,7,30,,,0.0,,,,,,,,,,,,,
USC00043491,2014,7,31,,,0.0,,,,,,,,,,,,,
USC00043491,2014,7,4,,,0.0,,,,,,,,,,,,,
USC00043491,2014,7,5,,,0.0,,,,,,,,,,,,,
USC00043491,2014,7,6,,,0.0,,,,,,,,,,,,,
USC00043491,2014,7,7,,,0.0,,,,,,,,,,,,,
USC00043491,2014,7,8,,,0.0,,,,,,,,,,,,,
USC00043491,2014,7,9,,,0.0,,,,,,,,,,,,,
USC00043491,2014,8,1,,,0.0,,,,,,,,,,,,,
USC00043491,2014,8,10,,,0.0,,,,,,,,,,,,,
USC00043491,2014,8,11,,,0.0,,,,,,,,,,,,,
USC00043491,2014,8,12,,,0.0,,,,,,,,,,,,,
USC00043491,2014,8,13,,,0.0,,,,,,,,,,,,,
USC00043491,2014,8,14,,,0.0,,,,,,,,,,,,,
USC00043491,2014,8,15,,,0.0,,,,,,,,,,,,,
USC00043491,2014,8,16,,,0.0,,,,,,,,,,,,,
USC00043491,2014,8,17,,,0.0,,,,,,,,,,,,,
USC00043491,2014,8,18,,,0.0,,,,,,,,,,,,,
USC00043491,2014,8,19,,,0.0,,,,,,,,,,,,,
USC00043491,2014,8,2,,,0.0,,,,,,,,,,,,,
USC00043491,2014,8,20,,,0.0,,,,,,,,,,,,,
USC00043491,2014,8,21,,,0.0,,,,,,,,,,,,,
USC00043491,2014,8,22,,,0.0,,,,,,,,,,,,,
USC00043491,2014,8,23,,,0.0,,,,,,,,,,,,,
USC00043491,2014,8,24,,,0.0,,,,,,,,,,,,,
USC00043491,2014,8,25,,,0.0,,,,,,,,,,,,,
USC00043491,2014,8,26,,,0.0,,,,,,,,,,,,,
USC00043491,2014,8,27,,,0.0,,,,,,,,,,,,,
USC00043491,2014,8,28,,,0.0,,,,,,,,,,,,,
USC00043491,2014,8,29,,,0.0,,,,,,,,,,,,,
USC00043491,2014,8,3,,,0.0,,,,,,,,,,,,,
USC00043491,2014,8,30,,,0.0,,,,,,,,,,,,,
USC00043491,2014,8,31,,,0.0,,,,,,,,,,,,,
USC00043491,2014,8,4,,,0.0,,,,,,,,,,,,,
USC00043491,2014,8,5,,,38.0,,,,,,,,,,,,,
USC00043491,2014,8,6,,,0.0,,,,,,,,,,,,,
USC00043491,2014,8,7,,,0.0,,,,,,,,,,,,,
USC00043491,2014,8,8,,,0.0,,,,,,,,,,,,,
USC00043491,2014,8,9,,,0.0,,,,,,,,,,,,,
USC00043491,2014,9,1,,,0.0,,,,,,,,,,,,,
USC00043491,2014,9,10,,,0.0,,,,,,,,,,,,,
USC00043491,2014,9,11,,,0.0,,,,,,,,,,,,,
USC00043491,2014,9,12,,,0.0,,,,,,,,,,,,,
USC00043491,2014,9,13,,,0.0,,,,,,,,,,,,,
USC00043491,2014,9,14,,,0.0,,,,,,,,,,,,,
USC00043491,2014,9,15,,,0.0,,,,,,,,,,,,,
USC00043491,2014,9,16,,,0.0,,,,,,,,,,,,,
USC00043491,2014,9,17,,,0.0,,,,,,,,,,,,,
USC00043491,2014,9,18,,,0.0,,,,,,,,,,,,,
USC00043491,2014,9,19,,,0.0,,,,,,,,,,,,,
USC00043491,2014,9,2,,,0.0,,,,,,,,,,,,,
USC00043491,2014,9,20,,,0.0,,,,,,,,,,,,,
USC00043491,2014,9,21,,,0.0,,,,,,,,,,,,,
USC00043491,2014,9,22,,,36.0,,,,,,,,,,,,,
USC00043491,2014,9,23,,,0.0,,,,,,,,,,,,,
USC00043491,2014,9,24,,,0.0,,,,,,,,,,,,,
USC00043491,2014,9,25,,,28.0,,,,,,,,,,,,,
USC00043491,2014,9,26,,,201.0,,,,,,,,,,,,,
USC00043491,2014,9,27,,,231.0,,,,,,,,,,,,,
USC00043491,2014,9,28,,,28.0,,,,,,,,,,,,,
USC00043491,2014,9,29,,,30.0,,,,,,,,,,,,,
USC00043491,2014,9,3,,,0.0,,,,,,,,,,,,,
USC00043491,2014,9,30,,,0.0,,,,,,,,,,,,,
USC00043491,2014,9,31,,,-9999.0,,,,,,,,,,,,,
USC00043491,2014,9,4,,,0.0,,,,,,,,,,,,,
USC00043491,2014,9,5,,,0.0,,,,,,,,,,,,,
USC00043491,2014,9,6,,,0.0,,,,,,,,,,,,,
USC00043491,2014,9,7,,,0.0,,,,,,,,,,,,,
USC00043491,2014,9,8,,,0.0,,,,,,,,,,,,,
USC00043491,2014,9,9,,,0.0,,,,,,,,,,,,,
USC00043491,2014,10,1,,,0.0,,,,,,,,,,,,,
USC00043491,2014,10,10,,,0.0,,,,,,,,,,,,,
USC00043491,2014,10,11,,,0.0,,,,,,,,,,,,,
USC00043491,2014,10,12,,,0.0,,,,,,,,,,,,,
USC00043491,2014,10,13,,,0.0,,,,,,,,,,,,,
USC00043491,2014,10,14,,,0.0,,,,,,,,,,,,,
USC00043491,2014,10,15,,,30.0,,,,,,,,,,,,,
USC00043491,2014,10,16,,,117.0,,,,,,,,,,,,,
USC00043491,2014,10,17,,,0.0,,,,,,,,,,,,,
USC00043491,2014,10,18,,,0.0,,,,,,,,,,,,,
USC00043491,2014,10,19,,,0.0,,,,,,,,,,,,,
USC00043491,2014,10,2,,,0.0,,,,,,,,,,,,,
USC00043491,2014,10,20,,,0.0,,,,,,,,,,,,,
USC00043491,2014,10,21,,,155.0,,,,,,,,,,,,,
USC00043491,2014,10,22,,,0.0,,,,,,,,,,,,,
USC00043491,2014,10,23,,,0.0,,,,,,,,,,,,,
USC00043491,2014,10,24,,,0.0,,,,,,,,,,,,,
USC00043491,2014,10,25,,,0.0,,,,,,,,,,,,,
USC00043491,2014,10,26,,,231.0,,,,,,,,,,,,,
USC00043491,2014,10,27,,,0.0,,,,,,,,,,,,,
USC00043491,2014,10,28,,,0.0,,,,,,,,,,,,,
USC00043491,2014,10,29,,,0.0,,,,,,,,,,,,,
USC00043491,2014,10,3,,,0.0,,,,,,,,,,,,,
USC00043491,2014,10,30,,,0.0,,,,,,,,,,,,,
USC00043491,2014,10,31,,,0.0,,,,,,,,,,,,,
USC00043491,2014,10,4,,,0.0,,,,,,,,,,,,,
USC00043491,2014,10,5,,,0.0,,,,,,,,,,,,,
USC00043491,2014,10,6,,,0.0,,,,,,,,,,,,,
USC00043491,2014,10,7,,,0.0,,,,,,,,,,,,,
USC00043491,2014,10,8,,,0.0,,,,,,,,,,,,,
USC00043491,2014,10,9,,,0.0,,,,,,,,,,,,,
USC00043491,2014,11,1,,,373.0,,,,,,,,,,,,,
USC00043491,2014,11,10,,,0.0,,,,,,,,,,,,,
USC00043491,2014,11,11,,,0.0,,,,,,,,,,,,,
USC00043491,2014,11,12,,,0.0,,,,,,,,,,,,,
USC00043491,2014,11,13,,,119.0,,,,,,,,,,,,,
USC00043491,2014,11,14,,,112.0,,,,,,,,,,,,,
USC00043491,2014,11,15,,,0.0,,,,,,,,,,,,,
USC00043491,2014,11,16,,,0.0,,,,,,,,,,,,,
USC00043491,2014,11,17,,,0.0,,,,,,,,,,,,,
USC00043491,2014,11,18,,,0.0,,,,,,,,,,,,,
USC00043491,2014,11,19,,,231.0,,,,,,,,,,,,,
USC00043491,2014,11,2,,,130.0,,,,,,,,,,,,,
USC00043491,2014,11,20,,,104.0,,,,,,,,,,,,,
USC00043491,2014,11,21,,,0.0,,,,,,,,,,,,,
USC00043491,2014,11,22,,,361.0,,,,,,,,,,,,,
USC00043491,2014,11,23,,,81.0,,,,,,,,,,,,,
USC00043491,2014,11,24,,,0.0,,,,,,,,,,,,,
USC00043491,2014,11,25,,,0.0,,,,,,,,,,,,,
USC00043491,2014,11,26,,,0.0,,,,,,,,,,,,,
USC00043491,2014,11,27,,,0.0,,,,,,,,,,,,,
USC00043491,2014,11,28,,,0.0,,,,,,,,,,,,,
USC00043491,2014,11,29,,,284.0,,,,,,,,,,,,,
USC00043491,2014,11,3,,,0.0,,,,,,,,,,,,,
USC00043491,2014,11,30,,,224.0,,,,,,,,,,,,,
USC00043491,2014,11,31,,,-9999.0,,,,,,,,,,,,,
USC00043491,2014,11,4,,,0.0,,,,,,,,,,,,,
USC00043491,2014,11,5,,,0.0,,,,,,,,,,,,,
USC00043491,2014,11,6,,,0.0,,,,,,,,,,,,,
USC00043491,2014,11,7,,,0.0,,,,,,,,,,,,,
USC00043491,2014,11,8,,,0.0,,,,,,,,,,,,,
USC00043491,2014,11,9,,,0.0,,,,,,,,,,,,,
USC00043491,2014,12,1,,,117.0,,,,,,,,,,,,,
USC00043491,2014,12,10,,,0.0,,,,,,,,,,,,,
USC00043491,2014,12,11,,,5.0,,,,,,,,,,,,,
USC00043491,2014,12,12,,,1082.0,,,,,,,,,,,,,
USC00043491,2014,12,13,,,0.0,,,,,,,,,,,,,
USC00043491,2014,12,14,,,0.0,,,,,,,,,,,,,
USC00043491,2014,12,15,,,58.0,,,,,,,,,,,,,
USC00043491,2014,12,16,,,155.0,,,,,,,,,,,,,
USC00043491,2014,12,17,,,104.0,,,,,,,,,,,,,
USC00043491,2014,12,18,,,130.0,,,,,,,,,,,,,
USC00043491,2014,12,19,,,5.0,,,,,,,,,,,,,
USC00043491,2014,12,2,,,0.0,,,,,,,,,,,,,
USC00043491,2014,12,20,,,269.0,,,,,,,,,,,,,
USC00043491,2014,12,21,,,79.0,,,,,,,,,,,,,
USC00043491,2014,12,22,,,10.0,,,,,,,,,,,,,
USC00043491,2014,12,23,,,5.0,,,,,,,,,,,,,
USC00043491,2014,12,24,,,0.0,,,,,,,,,,,,,
USC00043491,2014,12,25,,,180.0,,,,,,,,,,,,,
USC00043491,2014,12,26,,,0.0,,,,,,,,,,,,,
USC00043491,2014,12,27,,,0.0,,,,,,,,,,,,,
USC00043491,2014,12,28,,,0.0,,,,,,,,,,,,,
USC00043491,2014,12,29,,,0.0,,,,,,,,,,,,,
USC00043491,2014,12,3,,,358.0,,,,,,,,,,,,,
USC00043491,2014,12,30,,,0.0,,,,,,,,,,,,,
USC00043491,2014,12,31,,,0.0,,,,,,,,,,,,,
USC00043491,2014,12,4,,,1095.0,,,,,,,,,,,,,
USC00043491,2014,12,5,,,79.0,,,,,,,,,,,,,
USC00043491,2014,12,6,,,241.0,,,,,,,,,,,,,
USC00043491,2014,12,7,,,18.0,,,,,,,,,,,,,
USC00043491,2014,12,8,,,0.0,,,,,,,,,,,,,
USC00043491,2014,12,9,,,0.0,,,,,,,,,,,,,
USC00043491,2015,1,1,,,0.0,,,,,,,,,,,,,
USC00043491,2015,1,10,,,0.0,,,,,,,,,,,,,
USC00043491,2015,1,11,,,0.0,,,,,,,,,,,,,
USC00043491,2015,1,12,,,0.0,,,,,,,,,,,,,
USC00043491,2015,1,13,,,0.0,,,,,,,,,,,,,
USC00043491,2015,1,14,,,0.0,,,,,,,,,,,,,
USC00043491,2015,1,15,,,0.0,,,,,,,,,,,,,
USC00043491,2015,1,16,,,0.0,,,,,,,,,,,,,
USC00043491,2015,1,17,,,3.0,,,,,,,,,,,,,
USC00043491,2015,1,18,,,0.0,,,,,,,,,,,,,
USC00043491,2015,1,19,,,0.0,,,,,,,,,,,,,
USC00043491,2015,1,2,,,0.0,,,,,,,,,,,,,
USC00043491,2015,1,20,,,0.0,,,,,,,,,,,,,
USC00043491,2015,1,21,,,0.0,,,,,,,,,,,,,
USC00043491,2015,1,22,,,0.0,,,,,,,,,,,,,
USC00043491,2015,1,23,,,0.0,,,,,,,,,,,,,
USC00043491,2015,1,24,,,0.0,,,,,,,,,,,,,
USC00043491,2015,1,25,,,0.0,,,,,,,,,,,,,
USC00043491,2015,1,26,,,0.0,,,,,,,,,,,,,
USC00043491,2015,1,27,,,0.0,,,,,,,,,,,,,
USC00043491,2015,1,28,,,0.0,,,,,,,,,,,,,
USC00043491,2015,1,29,,,0.0,,,,,,,,,,,,,
USC00043491,2015,1,3,,,0.0,,,,,,,,,,,,,
USC00043491,2015,1,30,,,0.0,,,,,,,,,,,,,
USC00043491,2015,1,31,,,0.0,,,,,,,,,,,,,
USC00043491,2015,1,4,,,0.0,,,,,,,,,,,,,
USC00043491,2015,1,5,,,0.0,,,,,,,,,,,,,
USC00043491,2015,1,6,,,0.0,,,,,,,,,,,,,
USC00043491,2015,1,7,,,0.0,,,,,,,,,,,,,
USC00043491,2015,1,8,,,0.0,,,,,,,,,,,,,
USC00043491,2015,1,9,,,0.0,,,,,,,,,,,,,
USC00043491,2015,2,1,,,0.0,,,,,,,,,,,,,
USC00043491,2015,2,10,,,122.0,,,,,,,,,,,,,
USC00043491,2015,2,11,,,0.0,,,,,,,,,,,,,
USC00043491,2015,2,12,,,0.0,,,,,,,,,,,,,
USC00043491,2015,2,13,,,0.0,,,,,,,,,,,,,
USC00043491,2015,2,14,,,0.0,,,,,,,,,,,,,
USC00043491,2015,2,15,,,0.0,,,,,,,,,,,,,
USC00043491,2015,2,16,,,0.0,,,,,,,,,,,,,
USC00043491,2015,2,17,,,0.0,,,,,,,,,,,,,
USC00043491,2015,2,18,,,0.0,,,,,,,,,,,,,
USC00043491,2015,2,19,,,0.0,,,,,,,,,,,,,
USC00043491,2015,2,2,,,0.0,,,,,,,,,,,,,
USC00043491,2015,2,20,,,0.0,,,,,,,,,,,,,
USC00043491,2015,2,21,,,0.0,,,,,,,,,,,,,
USC00043491,2015,2,22,,,0.0,,,,,,,,,,,,,
USC00043491,2015,2,23,,,0.0,,,,,,,,,,,,,
USC00043491,2015,2,24,,,0.0,,,,,,,,,,,,,
USC00043491,2015,2,25,,,0.0,,,,,,,,,,,,,
USC00043491,2015,2,26,,,0.0,,,,,,,,,,,,,
USC00043491,2015,2,27,,,0.0,,,,,,,,,,,,,
USC00043491,2015,2,28,,,257.0,,,,,,,,,,,,,
USC00043491,2015,2,29,,,-9999.0,,,,,,,,,,,,,
USC00043491,2015,2,3,,,0.0,,,,,,,,,,,,,
USC00043491,2015,2,30,,,-9999.0,,,,,,,,,,,,,
USC00043491,2015,2,31,,,-9999.0,,,,,,,,,,,,,
USC00043491,2015,2,4,,,0.0,,,,,,,,,,,,,
USC00043491,2015,2,5,,,0.0,,,,,,,,,,,,,
USC00043491,2015,2,6,,,0.0,,,,,,,,,,,,,
USC00043491,2015,2,7,,,742.0,,,,,,,,,,,,,
USC00043491,2015,2,8,,,61.0,,,,,,,,,,,,,
USC00043491,2015,2,9,,,526.0,,,,,,,,,,,,,
USC00043491,2015,3,1,,,74.0,,,,,,,,,,,,,
USC00043491,2015,3,10,,,0.0,,,,,,,,,,,,,
USC00043491,2015,3,11,,,0.0,,,,,,,,,,,,,
USC00043491,2015,3,12,,,43.0,,,,,,,,,,,,,
USC00043491,2015,3,13,,,0.0,,,,,,,,,,,,,
USC00043491,2015,3,14,,,0.0,,,,,,,,,,,,,
USC00043491,2015,3,15,,,0.0,,,,,,,,,,,,,
USC00043491,2015,3,16,,,0.0,,,,,,,,,,,,,
USC00043491,2015,3,17,,,0.0,,,,,,,,,,,,,
USC00043491,2015,3,18,,,0.0,,,,,,,,,,,,,
USC00043491,2015,3,19,,,0.0,,,,,,,,,,,,,
USC00043491,2015,3,2,,,0.0,,,,,,,,,,,,,
USC00043491,2015,3,20,,,0.0,,,,,,,,,,,,,
USC00043491,2015,3,21,,,0.0,,,,,,,,,,,,,
USC00043491,2015,3,22,,,0.0,,,,,,,,,,,,,
USC00043491,2015,3,23,,,48.0,,,,,,,,,,,,,
USC00043491,2015,3,24,,,51.0,,,,,,,,,,,,,
USC00043491,2015,3,25,,,0.0,,,,,,,,,,,,,
USC00043491,2015,3,26,,,0.0,,,,,,,,,,,,,
USC00043491,2015,3,27,,,0.0,,,,,,,,,,,,,
USC00043491,2015,3,28,,,0.0,,,,,,,,,,,,,
USC00043491,2015,3,29,,,0.0,,,,,,,,,,,,,
USC00043491,2015,3,3,,,53.0,,,,,,,,,,,,,
USC00043491,2015,3,30,,,0.0,,,,,,,,,,,,,
USC00043491,2015,3,31,,,0.0,,,,,,,,,,,,,
USC00043491,2015,3,4,,,0.0,,,,,,,,,,,,,
USC00043491,2015,3,5,,,0.0,,,,,,,,,,,,,
USC00043491,2015,3,6,,,0.0,,,,,,,,,,,,,
USC00043491,2015,3,7,,,0.0,,,,,,,,,,,,,
USC00043491,2015,3,8,,,0.0,,,,,,,,,,,,,
USC00043491,2015,3,9,,,0.0,,,,,,,,,,,,,
USC00043491,2015,4,1,,,0.0,-9999.0,-9999.0,,,,,,,,,,,
USC00043491,2015,4,10,,,0.0,-9999.0,-9999.0,,,,,,,,,,,
USC00043491,2015,4,11,,,0.0,-9999.0,-9999.0,,,,,,,,,,,
USC00043491,2015,4,12,,,0.0,-9999.0,-9999.0,,,,,,,,,,,
USC00043491,2015,4,13,,,0.0,-9999.0,-9999.0,,,,,,,,,,,
USC00043491,2015,4,14,,,33.0,-9999.0,-9999.0,,,,,,,,,,,
USC00043491,2015,4,15,,,0.0,-9999.0,-9999.0,,,,,,,,,,,
USC00043491,2015,4,16,,,0.0,-9999.0,-9999.0,,,,,,,,,,,
USC00043491,2015,4,17,,,0.0,-9999.0,-9999.0,,,,,,,,,,,
USC00043491,2015,4,18,,,0.0,-9999.0,-9999.0,,,,,,,,,,,
USC00043491,2015,4,19,,,0.0,-9999.0,-9999.0,,,,,,,,,,,
USC00043491,2015,4,2,,,0.0,-9999.0,-9999.0,,,,,,,,,,,
USC00043491,2015,4,20,,,0.0,-9999.0,-9999.0,,,,,,,,,,,
USC00043491,2015,4,21,,,0.0,-9999.0,-9999.0,,,,,,,,,,,
USC00043491,2015,4,22,,,0.0,-9999.0,-9999.0,,,,,,,,,,,
USC00043491,2015,4,23,,,0.0,-9999.0,-9999.0,,,,,,,,,,,
USC00043491,2015,4,24,,,84.0,-9999.0,-9999.0,,,,,,,,,,,
USC00043491,2015,4,25,,,335.0,-9999.0,-9999.0,,,,,,,,,,,
USC00043491,2015,4,26,,,66.0,-9999.0,-9999.0,,,,,,,,,,,
USC00043491,2015,4,27,,,0.0,-9999.0,-9999.0,,,,,,,,,,,
USC00043491,2015,4,28,,,0.0,-9999.0,-9999.0,,,,,,,,,,,
USC00043491,2015,4,29,,,0.0,-9999.0,-9999.0,,,,,,,,,,,
USC00043491,2015,4,3,,,0.0,-9999.0,-9999.0,,,,,,,,,,,
USC00043491,2015,4,30,,,0.0,-9999.0,-9999.0,,,,,,,,,,,
USC00043491,2015,4,31,,,-9999.0,-9999.0,-9999.0,,,,,,,,,,,
USC00043491,2015,4,4,,,0.0,-9999.0,-9999.0,,,,,,,,,,,
USC00043491,2015,4,5,,,13.0,-9999.0,-9999.0,,,,,,,,,,,
USC00043491,2015,4,6,,,0.0,-9999.0,-9999.0,,,,,,,,,,,
USC00043491,2015,4,7,,,0.0,-9999.0,-9999.0,,,,,,,,,,,
USC00043491,2015,4,8,,,330.0,104.0,25.0,,,,,,,,,,,
USC00043491,2015,4,9,,,0.0,-9999.0,-9999.0,,,,,,,,,,,
USC00043491,2015,5,1,,,0.0,,,,,,,,,,,,,
USC00043491,2015,5,10,,,0.0,,,,,,,,,,,,,
USC00043491,2015,5,11,,,0.0,,,,,,,,,,,,,
USC00043491,2015,5,12,,,0.0,,,,,,,,,,,,,
USC00043491,2015,5,13,,,0.0,,,,,,,,,,,,,
USC00043491,2015,5,14,,,0.0,,,,,,,,,,,,,
USC00043491,2015,5,15,,,58.0,,,,,,,,,,,,,
USC00043491,2015,5,16,,,61.0,,,,,,,,,,,,,
USC00043491,2015,5,17,,,0.0,,,,,,,,,,,,,
USC00043491,2015,5,18,,,0.0,,,,,,,,,,,,,
USC00043491,2015,5,19,,,10.0,,,,,,,,,,,,,
USC00043491,2015,5,2,,,0.0,,,,,,,,,,,,,
USC00043491,2015,5,20,,,0.0,,,,,,,,,,,,,
USC00043491,2015,5,21,,,0.0,,,,,,,,,,,,,
USC00043491,2015,5,22,,,23.0,,,,,,,,,,,,,
USC00043491,2015,5,23,,,25.0,,,,,,,,,,,,,
USC00043491,2015,5,24,,,0.0,,,,,,,,,,,,,
USC00043491,2015,5,25,,,0.0,,,,,,,,,,,,,
USC00043491,2015,5,26,,,0.0,,,,,,,,,,,,,
USC00043491,2015,5,27,,,0.0,,,,,,,,,,,,,
USC00043491,2015,5,28,,,0.0,,,,,,,,,,,,,
USC00043491,2015,5,29,,,0.0,,,,,,,,,,,,,
USC00043491,2015,5,3,,,0.0,,,,,,,,,,,,,
USC00043491,2015,5,30,,,0.0,,,,,,,,,,,,,
USC00043491,2015,5,31,,,0.0,,,,,,,,,,,,,
USC00043491,2015,5,4,,,0.0,,,,,,,,,,,,,
USC00043491,2015,5,5,,,0.0,,,,,,,,,,,,,
USC00043491,2015,5,6,,,0.0,,,,,,,,,,,,,
USC00043491,2015,5,7,,,41.0,,,,,,,,,,,,,
USC00043491,2015,5,8,,,33.0,,,,,,,,,,,,,
USC00043491,2015,5,9,,,0.0,,,,,,,,,,,,,
USC00043491,2015,6,1,,,0.0,,,,,,,,,,,,,
USC00043491,2015,6,10,,,53.0,,,,,,,,,,,,,
USC00043491,2015,6,11,,,89.0,,,,,,,,,,,,,
USC00043491,2015,6,12,,,0.0,,,,,,,,,,,,,
USC00043491,2015,6,13,,,0.0,,,,,,,,,,,,,
USC00043491,2015,6,14,,,0.0,,,,,,,,,,,,,
USC00043491,2015,6,15,,,0.0,,,,,,,,,,,,,
USC00043491,2015,6,16,,,0.0,,,,,,,,,,,,,
USC00043491,2015,6,17,,,0.0,,,,,,,,,,,,,
USC00043491,2015,6,18,,,0.0,,,,,,,,,,,,,
USC00043491,2015,6,19,,,0.0,,,,,,,,,,,,,
USC00043491,2015,6,2,,,0.0,,,,,,,,,,,,,
USC00043491,2015,6,20,,,0.0,,,,,,,,,,,,,
USC00043491,2015,6,21,,,0.0,,,,,,,,,,,,,
USC00043491,2015,6,22,,,0.0,,,,,,,,,,,,,
USC00043491,2015,6,23,,,0.0,,,,,,,,,,,,,
USC00043491,2015,6,24,,,0.0,,,,,,,,,,,,,
USC00043491,2015,6,25,,,0.0,,,,,,,,,,,,,
USC00043491,2015,6,26,,,0.0,,,,,,,,,,,,,
USC00043491,2015,6,27,,,0.0,,,,,,,,,,,,,
USC00043491,2015,6,28,,,0.0,,,,,,,,,,,,,
USC00043491,2015,6,29,,,0.0,,,,,,,,,,,,,
USC00043491,2015,6,3,,,0.0,,,,,,,,,,,,,
USC00043491,2015,6,30,,,0.0,,,,,,,,,,,,,
USC00043491,2015,6,31,,,-9999.0,,,,,,,,,,,,,
USC00043491,2015,6,4,,,0.0,,,,,,,,,,,,,
USC00043491,2015,6,5,,,0.0,,,,,,,,,,,,,
USC00043491,2015,6,6,,,53.0,,,,,,,,,,,,,
USC00043491,2015,6,7,,,0.0,,,,,,,,,,,,,
USC00043491,2015,6,8,,,0.0,,,,,,,,,,,,,
USC00043491,2015,6,9,,,0.0,,,,,,,,,,,,,
USC00043491,2015,7,1,,,0.0,,,,,,,,,,,,,
USC00043491,2015,7,10,,,0.0,,,,,,,,,,,,,
USC00043491,2015,7,11,,,0.0,,,,,,,,,,,,,
USC00043491,2015,7,12,,,0.0,,,,,,,,,,,,,
USC00043491,2015,7,13,,,0.0,,,,,,,,,,,,,
USC00043491,2015,7,14,,,0.0,,,,,,,,,,,,,
USC00043491,2015,7,15,,,0.0,,,,,,,,,,,,,
USC00043491,2015,7,16,,,0.0,,,,,,,,,,,,,
USC00043491,2015,7,17,,,0.0,,,,,,,,,,,,,
USC00043491,2015,7,18,,,0.0,,,,,,,,,,,,,
USC00043491,2015,7,19,,,0.0,,,,,,,,,,,,,
USC00043491,2015,7,2,,,0.0,,,,,,,,,,,,,
USC00043491,2015,7,20,,,0.0,,,,,,,,,,,,,
USC00043491,2015,7,21,,,0.0,,,,,,,,,,,,,
USC00043491,2015,7,22,,,0.0,,,,,,,,,,,,,
USC00043491,2015,7,23,,,0.0,,,,,,,,,,,,,
USC00043491,2015,7,24,,,0.0,,,,,,,,,,,,,
USC00043491,2015,7,25,,,0.0,,,,,,,,,,,,,
USC00043491,2015,7,26,,,0.0,,,,,,,,,,,,,
USC00043491,2015,7,27,,,0.0,,,,,,,,,,,,,
USC00043491,2015,7,28,,,0.0,,,,,,,,,,,,,
USC00043491,2015,7,29,,,0.0,,,,,,,,,,,,,
USC00043491,2015,7,3,,,0.0,,,,,,,,,,,,,
USC00043491,2015,7,30,,,0.0,,,,,,,,,,,,,
USC00043491,2015,7,31,,,0.0,,,,,,,,,,,,,
USC00043491,2015,7,4,,,0.0,,,,,,,,,,,,,
USC00043491,2015,7,5,,,0.0,,,,,,,,,,,,,
USC00043491,2015,7,6,,,0.0,,,,,,,,,,,,,
USC00043491,2015,7,7,,,0.0,,,,,,,,,,,,,
USC00043491,2015,7,8,,,0.0,,,,,,,,,,,,,
USC00043491,2015,7,9,,,0.0,,,,,,,,,,,,,
USC00043491,2015,8,1,,,0.0,,,,,,,,,,,,,
USC00043491,2015,8,10,,,0.0,,,,,,,,,,,,,
USC00043491,2015,8,11,,,0.0,,,,,,,,,,,,,
USC00043491,2015,8,12,,,0.0,,,,,,,,,,,,,
USC00043491,2015,8,13,,,0.0,,,,,,,,,,,,,
USC00043491,2015,8,14,,,0.0,,,,,,,,,,,,,
USC00043491,2015,8,15,,,0.0,,,,,,,,,,,,,
USC00043491,2015,8,16,,,0.0,,,,,,,,,,,,,
USC00043491,2015,8,17,,,0.0,,,,,,,,,,,,,
USC00043491,2015,8,18,,,0.0,,,,,,,,,,,,,
USC00043491,2015,8,19,,,0.0,,,,,,,,,,,,,
USC00043491,2015,8,2,,,0.0,,,,,,,,,,,,,
USC00043491,2015,8,20,,,0.0,,,,,,,,,,,,,
USC00043491,2015,8,21,,,0.0,,,,,,,,,,,,,
USC00043491,2015,8,22,,,0.0,,,,,,,,,,,,,
USC00043491,2015,8,23,,,0.0,,,,,,,,,,,,,
USC00043491,2015,8,24,,,0.0,,,,,,,,,,,,,
USC00043491,2015,8,25,,,0.0,,,,,,,,,,,,,
USC00043491,2015,8,26,,,0.0,,,,,,,,,,,,,
USC00043491,2015,8,27,,,0.0,,,,,,,,,,,,,
USC00043491,2015,8,28,,,0.0,,,,,,,,,,,,,
USC00043491,2015,8,29,,,0.0,,,,,,,,,,,,,
USC00043491,2015,8,3,,,0.0,,,,,,,,,,,,,
USC00043491,2015,8,30,,,0.0,,,,,,,,,,,,,
USC00043491,2015,8,31,,,0.0,,,,,,,,,,,,,
USC00043491,2015,8,4,,,0.0,,,,,,,,,,,,,
USC00043491,2015,8,5,,,0.0,,,,,,,,,,,,,
USC00043491,2015,8,6,,,0.0,,,,,,,,,,,,,
USC00043491,2015,8,7,,,0.0,,,,,,,,,,,,,
USC00043491,2015,8,8,,,0.0,,,,,,,,,,,,,
USC00043491,2015,8,9,,,0.0,,,,,,,,,,,,,
USC00043491,2015,9,1,,,0.0,0.0,0.0,,,,,,,,,,,
USC00043491,2015,9,10,,,0.0,0.0,0.0,,,,,,,,,,,
USC00043491,2015,9,11,,,0.0,0.0,0.0,,,,,,,,,,,
USC00043491,2015,9,12,,,0.0,0.0,0.0,,,,,,,,,,,
USC00043491,2015,9,13,,,0.0,0.0,0.0,,,,,,,,,,,
USC00043491,2015,9,14,,,0.0,0.0,0.0,,,,,,,,,,,
USC00043491,2015,9,15,,,8.0,0.0,0.0,,,,,,,,,,,
USC00043491,2015,9,16,,,0.0,0.0,0.0,,,,,,,,,,,
USC00043491,2015,9,17,,,18.0,0.0,0.0,,,,,,,,,,,
USC00043491,2015,9,18,,,0.0,0.0,0.0,,,,,,,,,,,
USC00043491,2015,9,19,,,0.0,0.0,0.0,,,,,,,,,,,
USC00043491,2015,9,2,,,0.0,0.0,0.0,,,,,,,,,,,
USC00043491,2015,9,20,,,0.0,0.0,0.0,,,,,,,,,,,
USC00043491,2015,9,21,,,0.0,0.0,0.0,,,,,,,,,,,
USC00043491,2015,9,22,,,0.0,0.0,0.0,,,,,,,,,,,
USC00043491,2015,9,23,,,0.0,0.0,0.0,,,,,,,,,,,
USC00043491,2015,9,24,,,0.0,0.0,0.0,,,,,,,,,,,
USC00043491,2015,9,25,,,0.0,0.0,0.0,,,,,,,,,,,
USC00043491,2015,9,26,,,0.0,0.0,0.0,,,,,,,,,,,
USC00043491,2015,9,27,,,0.0,0.0,0.0,,,,,,,,,,,
USC00043491,2015,9,28,,,0.0,0.0,0.0,,,,,,,,,,,
USC00043491,2015,9,29,,,0.0,0.0,0.0,,,,,,,,,,,
USC00043491,2015,9,3,,,0.0,0.0,0.0,,,,,,,,,,,
USC00043491,2015,9,30,,,20.0,0.0,0.0,,,,,,,,,,,
USC00043491,2015,9,31,,,-9999.0,-9999.0,-9999.0,,,,,,,,,,,
USC00043491,2015,9,4,,,0.0,0.0,0.0,,,,,,,,,,,
USC00043491,2015,9,5,,,0.0,0.0,0.0,,,,,,,,,,,
USC00043491,2015,9,6,,,0.0,0.0,0.0,,,,,,,,,,,
USC00043491,2015,9,7,,,0.0,0.0,0.0,,,,,,,,,,,
USC00043491,2015,9,8,,,0.0,0.0,0.0,,,,,,,,,,,
USC00043491,2015,9,9,,,0.0,0.0,0.0,,,,,,,,,,,
USC00043491,2015,10,1,,,155.0,,,,,,,,,,,,,
USC00043491,2015,10,10,,,0.0,,,,,,,,,,,,,
USC00043491,2015,10,11,,,0.0,,,,,,,,,,,,,
USC00043491,2015,10,12,,,0.0,,,,,,,,,,,,,
USC00043491,2015,10,13,,,0.0,,,,,,,,,,,,,
USC00043491,2015,10,14,,,0.0,,,,,,,,,,,,,
USC00043491,2015,10,15,,,0.0,,,,,,,,,,,,,
USC00043491,2015,10,16,,,0.0,,,,,,,,,,,,,
USC00043491,2015,10,17,,,0.0,,,,,,,,,,,,,
USC00043491,2015,10,18,,,104.0,,,,,,,,,,,,,
USC00043491,2015,10,19,,,0.0,,,,,,,,,,,,,
USC00043491,2015,10,2,,,0.0,,,,,,,,,,,,,
USC00043491,2015,10,20,,,0.0,,,,,,,,,,,,,
USC00043491,2015,10,21,,,0.0,,,,,,,,,,,,,
USC00043491,2015,10,22,,,0.0,,,,,,,,,,,,,
USC00043491,2015,10,23,,,0.0,,,,,,,,,,,,,
USC00043491,2015,10,24,,,0.0,,,,,,,,,,,,,
USC00043491,2015,10,25,,,0.0,,,,,,,,,,,,,
USC00043491,2015,10,26,,,0.0,,,,,,,,,,,,,
USC00043491,2015,10,27,,,0.0,,,,,,,,,,,,,
USC00043491,2015,10,28,,,5.0,,,,,,,,,,,,,
USC00043491,2015,10,29,,,0.0,,,,,,,,,,,,,
USC00043491,2015,10,3,,,155.0,,,,,,,,,,,,,
USC00043491,2015,10,30,,,0.0,,,,,,,,,,,,,
USC00043491,2015,10,31,,,0.0,,,,,,,,,,,,,
USC00043491,2015,10,4,,,0.0,,,,,,,,,,,,,
USC00043491,2015,10,5,,,0.0,,,,,,,,,,,,,
USC00043491,2015,10,6,,,0.0,,,,,,,,,,,,,
USC00043491,2015,10,7,,,0.0,,,,,,,,,,,,,
USC00043491,2015,10,8,,,0.0,,,,,,,,,,,,,
USC00043491,2015,10,9,,,0.0,,,,,,,,,,,,,
USC00043491,2015,11,1,,,361.0,0.0,0.0,,,,,,,,,,,
USC00043491,2015,11,10,,,117.0,0.0,0.0,,,,,,,,,,,
USC00043491,2015,11,11,,,0.0,0.0,0.0,,,,,,,,,,,
USC00043491,2015,11,12,,,0.0,0.0,0.0,,,,,,,,,,,
USC00043491,2015,11,13,,,0.0,0.0,0.0,,,,,,,,,,,
USC00043491,2015,11,14,,,0.0,0.0,0.0,,,,,,,,,,,
USC00043491,2015,11,15,,,0.0,0.0,0.0,,,,,,,,,,,
USC00043491,2015,11,16,,,335.0,0.0,0.0,,,,,,,,,,,
USC00043491,2015,11,17,,,0.0,0.0,0.0,,,,,,,,,,,
USC00043491,2015,11,18,,,0.0,0.0,0.0,,,,,,,,,,,
USC00043491,2015,11,19,,,0.0,0.0,0.0,,,,,,,,,,,
USC00043491,2015,11,2,,,36.0,0.0,0.0,,,,,,,,,,,
USC00043491,2015,11,20,,,0.0,0.0,0.0,,,,,,,,,,,
USC00043491,2015,11,21,,,0.0,0.0,0.0,,,,,,,,,,,
USC00043491,2015,11,22,,,0.0,0.0,0.0,,,,,,,,,,,
USC00043491,2015,11,23,,,0.0,0.0,0.0,,,,,,,,,,,
USC00043491,2015,11,24,,,0.0,0.0,0.0,,,,,,,,,,,
USC00043491,2015,11,25,,,234.0,0.0,0.0,,,,,,,,,,,
USC00043491,2015,11,26,,,0.0,0.0,0.0,,,,,,,,,,,
USC00043491,2015,11,27,,,0.0,0.0,0.0,,,,,,,,,,,
USC00043491,2015,11,28,,,0.0,0.0,0.0,,,,,,,,,,,
USC00043491,2015,11,29,,,0.0,0.0,0.0,,,,,,,,,,,
USC00043491,2015,11,3,,,0.0,0.0,0.0,,,,,,,,,,,
USC00043491,2015,11,30,,,0.0,0.0,0.0,,,,,,,,,,,
USC00043491,2015,11,31,,,-9999.0,-9999.0,-9999.0,,,,,,,,,,,
USC00043491,2015,11,4,,,0.0,0.0,0.0,,,,,,,,,,,
USC00043491,2015,11,5,,,0.0,0.0,0.0,,,,,,,,,,,
USC00043491,2015,11,6,,,0.0,0.0,0.0,,,,,,,,,,,
USC00043491,2015,11,7,,,0.0,0.0,0.0,,,,,,,,,,,
USC00043491,2015,11,8,,,0.0,0.0,0.0,,,,,,,,,,,
USC00043491,2015,11,9,,,112.0,0.0,0.0,,,,,,,,,,,
USC00043491,2015,12,1,,,0.0,0.0,0.0,,,,,,,,,,,
USC00043491,2015,12,10,,,155.0,0.0,0.0,,,,,,,,,,,
USC00043491,2015,12,11,,,452.0,0.0,0.0,,,,,,,,,,,
USC00043491,2015,12,12,,,15.0,0.0,0.0,,,,,,,,,,,
USC00043491,2015,12,13,,,165.0,0.0,0.0,,,,,,,,,,,
USC00043491,2015,12,14,,,272.0,0.0,0.0,,,,,,,,,,,
USC00043491,2015,12,15,,,0.0,0.0,0.0,,,,,,,,,,,
USC00043491,2015,12,16,,,0.0,0.0,0.0,,,,,,,,,,,
USC00043491,2015,12,17,,,0.0,0.0,0.0,,,,,,,,,,,
USC00043491,2015,12,18,,,0.0,0.0,0.0,,,,,,,,,,,
USC00043491,2015,12,19,,,170.0,0.0,0.0,,,,,,,,,,,
USC00043491,2015,12,2,,,0.0,0.0,0.0,,,,,,,,,,,
USC00043491,2015,12,20,,,66.0,0.0,0.0,,,,,,,,,,,
USC00043491,2015,12,21,,,358.0,0.0,0.0,,,,,,,,,,,
USC00043491,2015,12,22,,,1234.0,0.0,0.0,,,,,,,,,,,
USC00043491,2015,12,23,,,180.0,0.0,0.0,,,,,,,,,,,
USC00043491,2015,12,24,,,41.0,38.0,51.0,,,,,,,,,,,
USC00043491,2015,12,25,,,180.0,79.0,76.0,,,,,,,,,,,
USC00043491,2015,12,26,,,0.0,0.0,0.0,,,,,,,,,,,
USC00043491,2015,12,27,,,0.0,0.0,0.0,,,,,,,,,,,
USC00043491,2015,12,28,,,0.0,0.0,0.0,,,,,,,,,,,
USC00043491,2015,12,29,,,0.0,0.0,0.0,,,,,,,,,,,
USC00043491,2015,12,3,,,0.0,0.0,0.0,,,,,,,,,,,
USC00043491,2015,12,30,,,0.0,0.0,0.0,,,,,,,,,,,
USC00043491,2015,12,31,,,0.0,0.0,0.0,,,,,,,,,,,
USC00043491,2015,12,4,,,206.0,0.0,0.0,,,,,,,,,,,
USC00043491,2015,12,5,,,0.0,0.0,0.0,,,,,,,,,,,
USC00043491,2015,12,6,,,0.0,0.0,0.0,,,,,,,,,,,
USC00043491,2015,12,7,,,84.0,0.0,0.0,,,,,,,,,,,
USC00043491,2015,12,8,,,0.0,0.0,0.0,,,,,,,,,,,
USC00043491,2015,12,9,,,0.0,0.0,0.0,,,,,,,,,,,
USC00043491,2016,1,1,,,0.0,0.0,0.0,,,,,,,,,,,
USC00043491,2016,1,10,,,28.0,0.0,0.0,,,,,,,,,,,
USC00043491,2016,1,11,,,0.0,0.0,0.0,,,,,,,,,,,
USC00043491,2016,1,12,,,0.0,0.0,0.0,,,,,,,,,,,
USC00043491,2016,1,13,,,157.0,0.0,0.0,,,,,,,,,,,
USC00043491,2016,1,14,,,137.0,0.0,0.0,,,,,,,,,,,
USC00043491,2016,1,15,,,249.0,0.0,0.0,,,,,,,,,,,
USC00043491,2016,1,16,,,33.0,0.0,0.0,,,,,,,,,,,
USC00043491,2016,1,17,,,124.0,0.0,0.0,,,,,,,,,,,
USC00043491,2016,1,18,,,587.0,0.0,0.0,,,,,,,,,,,
USC00043491,2016,1,19,,,86.0,0.0,0.0,,,,,,,,,,,
USC00043491,2016,1,2,,,0.0,0.0,0.0,,,,,,,,,,,
USC00043491,2016,1,20,,,198.0,0.0,0.0,,,,,,,,,,,
USC00043491,2016,1,21,,,0.0,0.0,0.0,,,,,,,,,,,
USC00043491,2016,1,22,,,157.0,0.0,0.0,,,,,,,,,,,
USC00043491,2016,1,23,,,376.0,0.0,0.0,,,,,,,,,,,
USC00043491,2016,1,24,,,173.0,0.0,0.0,,,,,,,,,,,
USC00043491,2016,1,25,,,3.0,0.0,0.0,,,,,,,,,,,
USC00043491,2016,1,26,,,0.0,0.0,0.0,,,,,,,,,,,
USC00043491,2016,1,27,,,0.0,0.0,0.0,,,,,,,,,,,
USC00043491,2016,1,28,,,0.0,0.0,0.0,,,,,,,,,,,
USC00043491,2016,1,29,,,447.0,0.0,0.0,,,,,,,,,,,
USC00043491,2016,1,3,,,0.0,0.0,0.0,,,,,,,,,,,
USC00043491,2016,1,30,,,813.0,0.0,0.0,,,,,,,,,,,
USC00043491,2016,1,31,,,79.0,0.0,0.0,,,,,,,,,,,
USC00043491,2016,1,4,,,0.0,0.0,0.0,,,,,,,,,,,
USC00043491,2016,1,5,,,0.0,0.0,0.0,,,,,,,,,,,
USC00043491,2016,1,6,,,251.0,0.0,0.0,,,,,,,,,,,
USC00043491,2016,1,7,,,218.0,0.0,0.0,,,,,,,,,,,
USC00043491,2016,1,8,,,56.0,0.0,0.0,,,,,,,,,,,
USC00043491,2016,1,9,,,25.0,0.0,0.0,,,,,,,,,,,
USC00043491,2016,2,1,,,0.0,0.0,0.0,,,,,,,,,,,
USC00043491,2016,2,10,,,0.0,0.0,0.0,,,,,,,,,,,
USC00043491,2016,2,11,,,0.0,0.0,0.0,,,,,,,,,,,
USC00043491,2016,2,12,,,0.0,0.0,0.0,,,,,,,,,,,
USC00043491,2016,2,13,,,0.0,0.0,0.0,,,,,,,,,,,
USC00043491,2016,2,14,,,0.0,0.0,0.0,,,,,,,,,,,
USC00043491,2016,2,15,,,0.0,0.0,0.0,,,,,,,,,,,
USC00043491,2016,2,16,,,0.0,0.0,0.0,,,,,,,,,,,
USC00043491,2016,2,17,,,368.0,51.0,0.0,,,,,,,,,,,
USC00043491,2016,2,18,,,173.0,0.0,0.0,,,,,,,,,,,
USC00043491,2016,2,19,,,23.0,0.0,0.0,,,,,,,,,,,
USC00043491,2016,2,2,,,28.0,0.0,0.0,,,,,,,,,,,
USC00043491,2016,2,20,,,0.0,0.0,0.0,,,,,,,,,,,
USC00043491,2016,2,21,,,0.0,0.0,0.0,,,,,,,,,,,
USC00043491,2016,2,22,,,0.0,0.0,0.0,,,,,,,,,,,
USC00043491,2016,2,23,,,0.0,0.0,0.0,,,,,,,,,,,
USC00043491,2016,2,24,,,0.0,0.0,0.0,,,,,,,,,,,
USC00043491,2016,2,25,,,0.0,0.0,0.0,,,,,,,,,,,
USC00043491,2016,2,26,,,0.0,0.0,0.0,,,,,,,,,,,
USC00043491,2016,2,27,,,0.0,0.0,0.0,,,,,,,,,,,
USC00043491,2016,2,28,,,0.0,0.0,0.0,,,,,,,,,,,
USC00043491,2016,2,29,,,0.0,0.0,0.0,,,,,,,,,,,
USC00043491,2016,2,3,,,0.0,0.0,0.0,,,,,,,,,,,
USC00043491,2016,2,30,,,-9999.0,-9999.0,-9999.0,,,,,,,,,,,
USC00043491,2016,2,31,,,-9999.0,-9999.0,-9999.0,,,,,,,,,,,
USC00043491,2016,2,4,,,0.0,0.0,0.0,,,,,,,,,,,
USC00043491,2016,2,5,,,0.0,0.0,0.0,,,,,,,,,,,
USC00043491,2016,2,6,,,0.0,0.0,0.0,,,,,,,,,,,
USC00043491,2016,2,7,,,0.0,0.0,0.0,,,,,,,,,,,
USC00043491,2016,2,8,,,0.0,0.0,0.0,,,,,,,,,,,
USC00043491,2016,2,9,,,0.0,0.0,0.0,,,,,,,,,,,
USC00043491,2016,3,1,,,0.0,0.0,0.0,,,,,,,,,,,
USC00043491,2016,3,10,,,28.0,0.0,0.0,,,,,,,,,,,
USC00043491,2016,3,11,,,218.0,0.0,0.0,,,,,,,,,,,
USC00043491,2016,3,12,,,274.0,0.0,0.0,,,,,,,,,,,
USC00043491,2016,3,13,,,638.0,0.0,0.0,,,,,,,,,,,
USC00043491,2016,3,14,,,587.0,0.0,0.0,,,,,,,,,,,
USC00043491,2016,3,15,,,0.0,0.0,0.0,,,,,,,,,,,
USC00043491,2016,3,16,,,0.0,0.0,0.0,,,,,,,,,,,
USC00043491,2016,3,17,,,0.0,0.0,0.0,,,,,,,,,,,
USC00043491,2016,3,18,,,0.0,0.0,0.0,,,,,,,,,,,
USC00043491,2016,3,19,,,0.0,0.0,0.0,,,,,,,,,,,
USC00043491,2016,3,2,,,0.0,0.0,0.0,,,,,,,,,,,
USC00043491,2016,3,20,,,0.0,0.0,0.0,,,,,,,,,,,
USC00043491,2016,3,21,,,305.0,0.0,0.0,,,,,,,,,,,
USC00043491,2016,3,22,,,239.0,0.0,0.0,,,,,,,,,,,
USC00043491,2016,3,23,,,0.0,0.0,0.0,,,,,,,,,,,
USC00043491,2016,3,24,,,0.0,0.0,0.0,,,,,,,,,,,
USC00043491,2016,3,25,,,0.0,0.0,0.0,,,,,,,,,,,
USC00043491,2016,3,26,,,0.0,0.0,0.0,,,,,,,,,,,
USC00043491,2016,3,27,,,18.0,0.0,0.0,,,,,,,,,,,
USC00043491,2016,3,28,,,0.0,0.0,0.0,,,,,,,,,,,
USC00043491,2016,3,29,,,5.0,0.0,0.0,,,,,,,,,,,
USC00043491,2016,3,3,,,0.0,0.0,0.0,,,,,,,,,,,
USC00043491,2016,3,30,,,0.0,0.0,0.0,,,,,,,,,,,
USC00043491,2016,3,31,,,0.0,0.0,0.0,,,,,,,,,,,
USC00043491,2016,3,4,,,0.0,0.0,0.0,,,,,,,,,,,
USC00043491,2016,3,5,,,0.0,0.0,0.0,,,,,,,,,,,
USC00043491,2016,3,6,,,0.0,0.0,0.0,,,,,,,,,,,
USC00043491,2016,3,7,,,0.0,0.0,0.0,,,,,,,,,,,
USC00043491,2016,3,8,,,1661.0,0.0,0.0,,,,,,,,,,,
USC00043491,2016,3,9,,,0.0,0.0,0.0,,,,,,,,,,,
USC00043491,2016,4,1,,,0.0,0.0,0.0,,,,,,,,,,,
USC00043491,2016,4,10,,,97.0,0.0,0.0,,,,,,,,,,,
USC00043491,2016,4,11,,,36.0,0.0,0.0,,,,,,,,,,,
USC00043491,2016,4,12,,,8.0,0.0,0.0,,,,,,,,,,,
USC00043491,2016,4,13,,,79.0,0.0,0.0,,,,,,,,,,,
USC00043491,2016,4,14,,,0.0,0.0,0.0,,,,,,,,,,,
USC00043491,2016,4,15,,,0.0,0.0,0.0,,,,,,,,,,,
USC00043491,2016,4,16,,,0.0,0.0,0.0,,,,,,,,,,,
USC00043491,2016,4,17,,,0.0,0.0,0.0,,,,,,,,,,,
USC00043491,2016,4,18,,,0.0,0.0,0.0,,,,,,,,,,,
USC00043491,2016,4,19,,,0.0,0.0,0.0,,,,,,,,,,,
USC00043491,2016,4,2,,,0.0,0.0,0.0,,,,,,,,,,,
USC00043491,2016,4,20,,,0.0,0.0,0.0,,,,,,,,,,,
USC00043491,2016,4,21,,,0.0,0.0,0.0,,,,,,,,,,,
USC00043491,2016,4,22,,,23.0,0.0,0.0,,,,,,,,,,,
USC00043491,2016,4,23,,,490.0,0.0,0.0,,,,,,,,,,,
USC00043491,2016,4,24,,,0.0,0.0,0.0,,,,,,,,,,,
USC00043491,2016,4,25,,,0.0,0.0,0.0,,,,,,,,,,,
USC00043491,2016,4,26,,,0.0,0.0,0.0,,,,,,,,,,,
USC00043491,2016,4,27,,,0.0,0.0,0.0,,,,,,,,,,,
USC00043491,2016,4,28,,,0.0,0.0,0.0,,,,,,,,,,,
USC00043491,2016,4,29,,,0.0,0.0,0.0,,,,,,,,,,,
USC00043491,2016,4,3,,,0.0,0.0,0.0,,,,,,,,,,,
USC00043491,2016,4,30,,,0.0,0.0,0.0,,,,,,,,,,,
USC00043491,2016,4,31,,,-9999.0,-9999.0,-9999.0,,,,,,,,,,,
USC00043491,2016,4,4,,,0.0,0.0,0.0,,,,,,,,,,,
USC00043491,2016,4,5,,,0.0,0.0,0.0,,,,,,,,,,,
USC00043491,2016,4,6,,,0.0,0.0,0.0,,,,,,,,,,,
USC00043491,2016,4,7,,,0.0,0.0,0.0,,,,,,,,,,,
USC00043491,2016,4,8,,,0.0,0.0,0.0,,,,,,,,,,,
USC00043491,2016,4,9,,,0.0,0.0,0.0,,,,,,,,,,,
USC00043491,2016,5,1,,,0.0,0.0,0.0,,,,,,,,,,,
USC00043491,2016,5,10,,,0.0,0.0,0.0,,,,,,,,,,,
USC00043491,2016,5,11,,,0.0,0.0,0.0,,,,,,,,,,,
USC00043491,2016,5,12,,,0.0,0.0,0.0,,,,,,,,,,,
USC00043491,2016,5,13,,,0.0,0.0,0.0,,,,,,,,,,,
USC00043491,2016,5,14,,,0.0,0.0,0.0,,,,,,,,,,,
USC00043491,2016,5,15,,,0.0,0.0,0.0,,,,,,,,,,,
USC00043491,2016,5,16,,,0.0,0.0,0.0,,,,,,,,,,,
USC00043491,2016,5,17,,,0.0,0.0,0.0,,,,,,,,,,,
USC00043491,2016,5,18,,,0.0,0.0,0.0,,,,,,,,,,,
USC00043491,2016,5,19,,,0.0,0.0,0.0,,,,,,,,,,,
USC00043491,2016,5,2,,,0.0,0.0,0.0,,,,,,,,,,,
USC00043491,2016,5,20,,,0.0,0.0,0.0,,,,,,,,,,,
USC00043491,2016,5,21,,,168.0,0.0,0.0,,,,,,,,,,,
USC00043491,2016,5,22,,,107.0,0.0,0.0,,,,,,,,,,,
USC00043491,2016,5,23,,,0.0,0.0,0.0,,,,,,,,,,,
USC00043491,2016,5,24,,,5.0,0.0,0.0,,,,,,,,,,,
USC00043491,2016,5,25,,,10.0,0.0,0.0,,,,,,,,,,,
USC00043491,2016,5,26,,,41.0,0.0,0.0,,,,,,,,,,,
USC00043491,2016,5,27,,,0.0,0.0,0.0,,,,,,,,,,,
USC00043491,2016,5,28,,,0.0,0.0,0.0,,,,,,,,,,,
USC00043491,2016,5,29,,,0.0,0.0,0.0,,,,,,,,,,,
USC00043491,2016,5,3,,,0.0,0.0,0.0,,,,,,,,,,,
USC00043491,2016,5,30,,,0.0,0.0,0.0,,,,,,,,,,,
USC00043491,2016,5,31,,,0.0,0.0,0.0,,,,,,,,,,,
USC00043491,2016,5,4,,,0.0,0.0,0.0,,,,,,,,,,,
USC00043491,2016,5,5,,,3.0,0.0,0.0,,,,,,,,,,,
USC00043491,2016,5,6,,,0.0,0.0,0.0,,,,,,,,,,,
USC00043491,2016,5,7,,,99.0,0.0,0.0,,,,,,,,,,,
USC00043491,2016,5,8,,,0.0,0.0,0.0,,,,,,,,,,,
USC00043491,2016,5,9,,,0.0,0.0,0.0,,,,,,,,,,,
USC00043491,2016,6,1,,,0.0,0.0,0.0,,,,,,,,,,,
USC00043491,2016,6,10,,,0.0,0.0,0.0,,,,,,,,,,,
USC00043491,2016,6,11,,,0.0,0.0,0.0,,,,,,,,,,,
USC00043491,2016,6,12,,,0.0,0.0,0.0,,,,,,,,,,,
USC00043491,2016,6,13,,,0.0,0.0,0.0,,,,,,,,,,,
USC00043491,2016,6,14,,,0.0,0.0,0.0,,,,,,,,,,,
USC00043491,2016,6,15,,,0.0,0.0,0.0,,,,,,,,,,,
USC00043491,2016,6,16,,,0.0,0.0,0.0,,,,,,,,,,,
USC00043491,2016,6,17,,,0.0,0.0,0.0,,,,,,,,,,,
USC00043491,2016,6,18,,,0.0,0.0,0.0,,,,,,,,,,,
USC00043491,2016,6,19,,,0.0,0.0,0.0,,,,,,,,,,,
USC00043491,2016,6,2,,,0.0,0.0,0.0,,,,,,,,,,,
USC00043491,2016,6,20,,,0.0,0.0,0.0,,,,,,,,,,,
USC00043491,2016,6,21,,,0.0,0.0,0.0,,,,,,,,,,,
USC00043491,2016,6,22,,,0.0,0.0,0.0,,,,,,,,,,,
USC00043491,2016,6,23,,,0.0,0.0,0.0,,,,,,,,,,,
USC00043491,2016,6,24,,,0.0,0.0,0.0,,,,,,,,,,,
USC00043491,2016,6,25,,,0.0,0.0,0.0,,,,,,,,,,,
USC00043491,2016,6,26,,,0.0,0.0,0.0,,,,,,,,,,,
USC00043491,2016,6,27,,,0.0,0.0,0.0,,,,,,,,,,,
USC00043491,2016,6,28,,,0.0,0.0,0.0,,,,,,,,,,,
USC00043491,2016,6,29,,,0.0,0.0,0.0,,,,,,,,,,,
USC00043491,2016,6,3,,,0.0,0.0,0.0,,,,,,,,,,,
USC00043491,2016,6,30,,,0.0,0.0,0.0,,,,,,,,,,,
USC00043491,2016,6,31,,,-9999.0,-9999.0,-9999.0,,,,,,,,,,,
USC00043491,2016,6,4,,,0.0,0.0,0.0,,,,,,,,,,,
USC00043491,2016,6,5,,,0.0,0.0,0.0,,,,,,,,,,,
USC00043491,2016,6,6,,,0.0,0.0,0.0,,,,,,,,,,,
USC00043491,2016,6,7,,,0.0,0.0,0.0,,,,,,,,,,,
USC00043491,2016,6,8,,,0.0,0.0,0.0,,,,,,,,,,,
USC00043491,2016,6,9,,,0.0,0.0,0.0,,,,,,,,,,,
USC00043491,2016,7,1,,,0.0,0.0,0.0,,,,,,,,,,,
USC00043491,2016,7,10,,,0.0,0.0,0.0,,,,,,,,,,,
USC00043491,2016,7,11,,,0.0,0.0,0.0,,,,,,,,,,,
USC00043491,2016,7,12,,,0.0,0.0,0.0,,,,,,,,,,,
USC00043491,2016,7,13,,,0.0,0.0,0.0,,,,,,,,,,,
USC00043491,2016,7,14,,,0.0,0.0,0.0,,,,,,,,,,,
USC00043491,2016,7,15,,,0.0,0.0,0.0,,,,,,,,,,,
USC00043491,2016,7,16,,,0.0,0.0,0.0,,,,,,,,,,,
USC00043491,2016,7,17,,,0.0,0.0,0.0,,,,,,,,,,,
USC00043491,2016,7,18,,,0.0,0.0,0.0,,,,,,,,,,,
USC00043491,2016,7,19,,,0.0,0.0,0.0,,,,,,,,,,,
USC00043491,2016,7,2,,,0.0,0.0,0.0,,,,,,,,,,,
USC00043491,2016,7,20,,,0.0,0.0,0.0,,,,,,,,,,,
USC00043491,2016,7,21,,,0.0,0.0,0.0,,,,,,,,,,,
USC00043491,2016,7,22,,,0.0,0.0,0.0,,,,,,,,,,,
USC00043491,2016,7,23,,,0.0,0.0,0.0,,,,,,,,,,,
USC00043491,2016,7,24,,,0.0,0.0,0.0,,,,,,,,,,,
USC00043491,2016,7,25,,,0.0,0.0,0.0,,,,,,,,,,,
USC00043491,2016,7,26,,,0.0,0.0,0.0,,,,,,,,,,,
USC00043491,2016,7,27,,,0.0,0.0,0.0,,,,,,,,,,,
USC00043491,2016,7,28,,,0.0,0.0,0.0,,,,,,,,,,,
USC00043491,2016,7,29,,,0.0,0.0,0.0,,,,,,,,,,,
USC00043491,2016,7,3,,,0.0,0.0,0.0,,,,,,,,,,,
USC00043491,2016,7,30,,,0.0,0.0,0.0,,,,,,,,,,,
USC00043491,2016,7,31,,,0.0,0.0,0.0,,,,,,,,,,,
USC00043491,2016,7,4,,,0.0,0.0,0.0,,,,,,,,,,,
USC00043491,2016,7,5,,,0.0,0.0,0.0,,,,,,,,,,,
USC00043491,2016,7,6,,,0.0,0.0,0.0,,,,,,,,,,,
USC00043491,2016,7,7,,,0.0,0.0,0.0,,,,,,,,,,,
USC00043491,2016,7,8,,,0.0,0.0,0.0,,,,,,,,,,,
USC00043491,2016,7,9,,,0.0,0.0,0.0,,,,,,,,,,,
USC00043491,2016,8,1,,,0.0,0.0,0.0,,,,,,,,,,,
USC00043491,2016,8,10,,,0.0,0.0,0.0,,,,,,,,,,,
USC00043491,2016,8,11,,,0.0,0.0,0.0,,,,,,,,,,,
USC00043491,2016,8,12,,,0.0,0.0,0.0,,,,,,,,,,,
USC00043491,2016,8,13,,,0.0,0.0,0.0,,,,,,,,,,,
USC00043491,2016,8,14,,,0.0,0.0,0.0,,,,,,,,,,,
USC00043491,2016,8,15,,,0.0,0.0,0.0,,,,,,,,,,,
USC00043491,2016,8,16,,,0.0,0.0,0.0,,,,,,,,,,,
USC00043491,2016,8,17,,,0.0,0.0,0.0,,,,,,,,,,,
USC00043491,2016,8,18,,,0.0,0.0,0.0,,,,,,,,,,,
USC00043491,2016,8,19,,,0.0,0.0,0.0,,,,,,,,,,,
USC00043491,2016,8,2,,,0.0,0.0,0.0,,,,,,,,,,,
USC00043491,2016,8,20,,,0.0,0.0,0.0,,,,,,,,,,,
USC00043491,2016,8,21,,,0.0,0.0,0.0,,,,,,,,,,,
USC00043491,2016,8,22,,,0.0,0.0,0.0,,,,,,,,,,,
USC00043491,2016,8,23,,,0.0,0.0,0.0,,,,,,,,,,,
USC00043491,2016,8,24,,,0.0,0.0,0.0,,,,,,,,,,,
USC00043491,2016,8,25,,,0.0,0.0,0.0,,,,,,,,,,,
USC00043491,2016,8,26,,,0.0,0.0,0.0,,,,,,,,,,,
USC00043491,2016,8,27,,,0.0,0.0,0.0,,,,,,,,,,,
USC00043491,2016,8,28,,,0.0,0.0,0.0,,,,,,,,,,,
USC00043491,2016,8,29,,,0.0,0.0,0.0,,,,,,,,,,,
USC00043491,2016,8,3,,,0.0,0.0,0.0,,,,,,,,,,,
USC00043491,2016,8,30,,,0.0,0.0,0.0,,,,,,,,,,,
USC00043491,2016,8,31,,,0.0,0.0,0.0,,,,,,,,,,,
USC00043491,2016,8,4,,,0.0,0.0,0.0,,,,,,,,,,,
USC00043491,2016,8,5,,,0.0,0.0,0.0,,,,,,,,,,,
USC00043491,2016,8,6,,,0.0,0.0,0.0,,,,,,,,,,,
USC00043491,2016,8,7,,,0.0,0.0,0.0,,,,,,,,,,,
USC00043491,2016,8,8,,,0.0,0.0,0.0,,,,,,,,,,,
USC00043491,2016,8,9,,,0.0,0.0,0.0,,,,,,,,,,,
USC00043491,2016,9,1,,,0.0,0.0,0.0,,,,,,,,,,,
USC00043491,2016,9,10,,,0.0,0.0,0.0,,,,,,,,,,,
USC00043491,2016,9,11,,,0.0,0.0,0.0,,,,,,,,,,,
USC00043491,2016,9,12,,,0.0,0.0,0.0,,,,,,,,,,,
USC00043491,2016,9,13,,,8.0,0.0,0.0,,,,,,,,,,,
USC00043491,2016,9,14,,,0.0,0.0,0.0,,,,,,,,,,,
USC00043491,2016,9,15,,,0.0,0.0,0.0,,,,,,,,,,,
USC00043491,2016,9,16,,,0.0,0.0,0.0,,,,,,,,,,,
USC00043491,2016,9,17,,,0.0,0.0,0.0,,,,,,,,,,,
USC00043491,2016,9,18,,,0.0,0.0,0.0,,,,,,,,,,,
USC00043491,2016,9,19,,,0.0,0.0,0.0,,,,,,,,,,,
USC00043491,2016,9,2,,,0.0,0.0,0.0,,,,,,,,,,,
USC00043491,2016,9,20,,,0.0,0.0,0.0,,,,,,,,,,,
USC00043491,2016,9,21,,,0.0,0.0,0.0,,,,,,,,,,,
USC00043491,2016,9,22,,,0.0,0.0,0.0,,,,,,,,,,,
USC00043491,2016,9,23,,,0.0,0.0,0.0,,,,,,,,,,,
USC00043491,2016,9,24,,,0.0,0.0,0.0,,,,,,,,,,,
USC00043491,2016,9,25,,,0.0,0.0,0.0,,,,,,,,,,,
USC00043491,2016,9,26,,,0.0,0.0,0.0,,,,,,,,,,,
USC00043491,2016,9,27,,,0.0,0.0,0.0,,,,,,,,,,,
USC00043491,2016,9,28,,,0.0,0.0,0.0,,,,,,,,,,,
USC00043491,2016,9,29,,,0.0,0.0,0.0,,,,,,,,,,,
USC00043491,2016,9,3,,,0.0,0.0,0.0,,,,,,,,,,,
USC00043491,2016,9,30,,,0.0,0.0,0.0,,,,,,,,,,,
USC00043491,2016,9,31,,,-9999.0,-9999.0,-9999.0,,,,,,,,,,,
USC00043491,2016,9,4,,,0.0,0.0,0.0,,,,,,,,,,,
USC00043491,2016,9,5,,,0.0,0.0,0.0,,,,,,,,,,,
USC00043491,2016,9,6,,,0.0,0.0,0.0,,,,,,,,,,,
USC00043491,2016,9,7,,,0.0,0.0,0.0,,,,,,,,,,,
USC00043491,2016,9,8,,,0.0,0.0,0.0,,,,,,,,,,,
USC00043491,2016,9,9,,,0.0,0.0,0.0,,,,,,,,,,,
USC00043491,2016,10,1,,,0.0,0.0,0.0,,,,,,,,,,,
USC00043491,2016,10,10,,,0.0,0.0,0.0,,,,,,,,,,,
USC00043491,2016,10,11,,,0.0,0.0,0.0,,,,,,,,,,,
USC00043491,2016,10,12,,,0.0,0.0,0.0,,,,,,,,,,,
USC00043491,2016,10,13,,,0.0,0.0,0.0,,,,,,,,,,,
USC00043491,2016,10,14,,,48.0,0.0,0.0,,,,,,,,,,,
USC00043491,2016,10,15,,,645.0,0.0,0.0,,,,,,,,,,,
USC00043491,2016,10,16,,,409.0,0.0,0.0,,,,,,,,,,,
USC00043491,2016,10,17,,,782.0,0.0,0.0,,,,,,,,,,,
USC00043491,2016,10,18,,,74.0,0.0,0.0,,,,,,,,,,,
USC00043491,2016,10,19,,,0.0,0.0,0.0,,,,,,,,,,,
USC00043491,2016,10,2,,,0.0,0.0,0.0,,,,,,,,,,,
USC00043491,2016,10,20,,,0.0,0.0,0.0,,,,,,,,,,,
USC00043491,2016,10,21,,,0.0,0.0,0.0,,,,,,,,,,,
USC00043491,2016,10,22,,,0.0,0.0,0.0,,,,,,,,,,,
USC00043491,2016,10,23,,,0.0,0.0,0.0,,,,,,,,,,,
USC00043491,2016,10,24,,,18.0,0.0,0.0,,,,,,,,,,,
USC00043491,2016,10,25,,,201.0,0.0,0.0,,,,,,,,,,,
USC00043491,2016,10,26,,,18.0,0.0,0.0,,,,,,,,,,,
USC00043491,2016,10,27,,,0.0,0.0,0.0,,,,,,,,,,,
USC00043491,2016,10,28,,,498.0,0.0,0.0,,,,,,,,,,,
USC00043491,2016,10,29,,,147.0,0.0,0.0,,,,,,,,,,,
USC00043491,2016,10,3,,,30.0,0.0,0.0,,,,,,,,,,,
USC00043491,2016,10,30,,,3.0,0.0,0.0,,,,,,,,,,,
USC00043491,2016,10,31,,,427.0,0.0,0.0,,,,,,,,,,,
USC00043491,2016,10,4,,,0.0,0.0,0.0,,,,,,,,,,,
USC00043491,2016,10,5,,,0.0,0.0,0.0,,,,,,,,,,,
USC00043491,2016,10,6,,,0.0,0.0,0.0,,,,,,,,,,,
USC00043491,2016,10,7,,,0.0,0.0,0.0,,,,,,,,,,,
USC00043491,2016,10,8,,,0.0,0.0,0.0,,,,,,,,,,,
USC00043491,2016,10,9,,,0.0,0.0,0.0,,,,,,,,,,,
USC00043491,2016,11,1,,,307.0,0.0,0.0,,,,,,,,,,,
USC00043491,2016,11,10,,,0.0,0.0,0.0,,,,,,,,,,,
USC00043491,2016,11,11,,,0.0,0.0,0.0,,,,,,,,,,,
USC00043491,2016,11,12,,,0.0,0.0,0.0,,,,,,,,,,,
USC00043491,2016,11,13,,,0.0,0.0,0.0,,,,,,,,,,,
USC00043491,2016,11,14,,,0.0,0.0,0.0,,,,,,,,,,,
USC00043491,2016,11,15,,,0.0,0.0,0.0,,,,,,,,,,,
USC00043491,2016,11,16,,,102.0,0.0,0.0,,,,,,,,,,,
USC00043491,2016,11,17,,,0.0,0.0,0.0,,,,,,,,,,,
USC00043491,2016,11,18,,,0.0,0.0,0.0,,,,,,,,,,,
USC00043491,2016,11,19,,,0.0,0.0,0.0,,,,,,,,,,,
USC00043491,2016,11,2,,,5.0,0.0,0.0,,,,,,,,,,,
USC00043491,2016,11,20,,,587.0,0.0,0.0,,,,,,,,,,,
USC00043491,2016,11,21,,,53.0,0.0,0.0,,,,,,,,,,,
USC00043491,2016,11,22,,,10.0,0.0,0.0,,,,,,,,,,,
USC00043491,2016,11,23,,,91.0,0.0,0.0,,,,,,,,,,,
USC00043491,2016,11,24,,,8.0,0.0,0.0,,,,,,,,,,,
USC00043491,2016,11,25,,,0.0,0.0,0.0,,,,,,,,,,,
USC00043491,2016,11,26,,,0.0,0.0,0.0,,,,,,,,,,,
USC00043491,2016,11,27,,,396.0,0.0,0.0,,,,,,,,,,,
USC00043491,2016,11,28,,,81.0,0.0,0.0,,,,,,,,,,,
USC00043491,2016,11,29,,,5.0,0.0,0.0,,,,,,,,,,,
USC00043491,2016,11,3,,,0.0,0.0,0.0,,,,,,,,,,,
USC00043491,2016,11,30,,,0.0,0.0,0.0,,,,,,,,,,,
USC00043491,2016,11,31,,,-9999.0,-9999.0,-9999.0,,,,,,,,,,,
USC00043491,2016,11,4,,,0.0,0.0,0.0,,,,,,,,,,,
USC00043491,2016,11,5,,,0.0,0.0,0.0,,,,,,,,,,,
USC00043491,2016,11,6,,,0.0,0.0,0.0,,,,,,,,,,,
USC00043491,2016,11,7,,,0.0,0.0,0.0,,,,,,,,,,,
USC00043491,2016,11,8,,,0.0,0.0,0.0,,,,,,,,,,,
USC00043491,2016,11,9,,,0.0,0.0,0.0,,,,,,,,,,,
USC00043491,2016,12,1,,,0.0,0.0,0.0,,,,,,,,,,,
USC00043491,2016,12,10,,,917.0,0.0,0.0,,,,,,,,,,,
USC00043491,2016,12,11,,,739.0,0.0,0.0,,,,,,,,,,,
USC00043491,2016,12,12,,,10.0,0.0,0.0,,,,,,,,,,,
USC00043491,2016,12,13,,,0.0,0.0,0.0,,,,,,,,,,,
USC00043491,2016,12,14,,,20.0,0.0,0.0,,,,,,,,,,,
USC00043491,2016,12,15,,,1011.0,0.0,0.0,,,,,,,,,,,
USC00043491,2016,12,16,,,0.0,0.0,0.0,,,,,,,,,,,
USC00043491,2016,12,17,,,30.0,0.0,0.0,,,,,,,,,,,
USC00043491,2016,12,18,,,0.0,0.0,0.0,,,,,,,,,,,
USC00043491,2016,12,19,,,0.0,0.0,0.0,,,,,,,,,,,
USC00043491,2016,12,2,,,0.0,0.0,0.0,,,,,,,,,,,
USC00043491,2016,12,20,,,0.0,0.0,0.0,,,,,,,,,,,
USC00043491,2016,12,21,,,0.0,0.0,0.0,,,,,,,,,,,
USC00043491,2016,12,22,,,0.0,0.0,0.0,,,,,,,,,,,
USC00043491,2016,12,23,,,41.0,0.0,0.0,,,,,,,,,,,
USC00043491,2016,12,24,,,142.0,0.0,0.0,,,,,,,,,,,
USC00043491,2016,12,25,,,0.0,0.0,0.0,,,,,,,,,,,
USC00043491,2016,12,26,,,0.0,0.0,0.0,,,,,,,,,,,
USC00043491,2016,12,27,,,0.0,0.0,0.0,,,,,,,,,,,
USC00043491,2016,12,28,,,0.0,0.0,0.0,,,,,,,,,,,
USC00043491,2016,12,29,,,0.0,0.0,0.0,,,,,,,,,,,
USC00043491,2016,12,3,,,0.0,0.0,0.0,,,,,,,,,,,
USC00043491,2016,12,30,,,0.0,0.0,0.0,,,,,,,,,,,
USC00043491,2016,12,31,,,0.0,0.0,0.0,,,,,,,,,,,
USC00043491,2016,12,4,,,0.0,0.0,0.0,,,,,,,,,,,
USC00043491,2016,12,5,,,0.0,0.0,0.0,,,,,,,,,,,
USC00043491,2016,12,6,,,0.0,0.0,0.0,,,,,,,,,,,
USC00043491,2016,12,7,,,86.0,0.0,0.0,,,,,,,,,,,
USC00043491,2016,12,8,,,36.0,0.0,0.0,,,,,,,,,,,
USC00043491,2016,12,9,,,206.0,0.0,0.0,,,,,,,,,,,
USC00043491,2017,1,1,,,0.0,0.0,0.0,,,,,,,,,,,
USC00043491,2017,1,10,,,754.0,0.0,0.0,,,,,,,,,,,
USC00043491,2017,1,11,,,1059.0,0.0,0.0,,,,,,,,,,,
USC00043491,2017,1,12,,,132.0,0.0,0.0,,,,,,,,,,,
USC00043491,2017,1,13,,,64.0,0.0,0.0,,,,,,,,,,,
USC00043491,2017,1,14,,,0.0,0.0,0.0,,,,,,,,,,,
USC00043491,2017,1,15,,,0.0,0.0,0.0,,,,,,,,,,,
USC00043491,2017,1,16,,,0.0,0.0,0.0,,,,,,,,,,,
USC00043491,2017,1,17,,,0.0,0.0,0.0,,,,,,,,,,,
USC00043491,2017,1,18,,,8.0,0.0,0.0,,,,,,,,,,,
USC00043491,2017,1,19,,,495.0,0.0,0.0,,,,,,,,,,,
USC00043491,2017,1,2,,,117.0,89.0,0.0,,,,,,,,,,,
USC00043491,2017,1,20,,,358.0,13.0,0.0,,,,,,,,,,,
USC00043491,2017,1,21,,,310.0,13.0,0.0,,,,,,,,,,,
USC00043491,2017,1,22,,,279.0,0.0,0.0,,,,,,,,,,,
USC00043491,2017,1,23,,,384.0,127.0,0.0,,,,,,,,,,,
USC00043491,2017,1,24,,,79.0,64.0,0.0,,,,,,,,,,,
USC00043491,2017,1,25,,,0.0,0.0,0.0,,,,,,,,,,,
USC00043491,2017,1,26,,,0.0,0.0,0.0,,,,,,,,,,,
USC00043491,2017,1,27,,,0.0,0.0,0.0,,,,,,,,,,,
USC00043491,2017,1,28,,,0.0,0.0,0.0,,,,,,,,,,,
USC00043491,2017,1,29,,,0.0,0.0,0.0,,,,,,,,,,,
USC00043491,2017,1,3,,,208.0,191.0,0.0,,,,,,,,,,,
USC00043491,2017,1,30,,,0.0,0.0,0.0,,,,,,,,,,,
USC00043491,2017,1,31,,,0.0,0.0,0.0,,,,,,,,,,,
USC00043491,2017,1,4,,,942.0,152.0,0.0,,,,,,,,,,,
USC00043491,2017,1,5,,,348.0,0.0,0.0,,,,,,,,,,,
USC00043491,2017,1,6,,,0.0,0.0,0.0,,,,,,,,,,,
USC00043491,2017,1,7,,,76.0,0.0,0.0,,,,,,,,,,,
USC00043491,2017,1,8,,,805.0,0.0,0.0,,,,,,,,,,,
USC00043491,2017,1,9,,,1008.0,0.0,0.0,,,,,,,,,,,
USC00043491,2017,2,1,,,0.0,0.0,0.0,,,,,,,,,,,
USC00043491,2017,2,10,,,856.0,0.0,0.0,,,,,,,,,,,
USC00043491,2017,2,11,,,76.0,0.0,0.0,,,,,,,,,,,
USC00043491,2017,2,12,,,0.0,0.0,0.0,,,,,,,,,,,
USC00043491,2017,2,13,,,0.0,0.0,0.0,,,,,,,,,,,
USC00043491,2017,2,14,,,0.0,0.0,0.0,,,,,,,,,,,
USC00043491,2017,2,15,,,0.0,0.0,0.0,,,,,,,,,,,
USC00043491,2017,2,16,,,107.0,0.0,0.0,,,,,,,,,,,
USC00043491,2017,2,17,,,119.0,0.0,0.0,,,,,,,,,,,
USC00043491,2017,2,18,,,307.0,0.0,0.0,,,,,,,,,,,
USC00043491,2017,2,19,,,81.0,0.0,0.0,,,,,,,,,,,
USC00043491,2017,2,2,,,58.0,0.0,0.0,,,,,,,,,,,
USC00043491,2017,2,20,,,498.0,0.0,0.0,,,,,,,,,,,
USC00043491,2017,2,21,,,1041.0,0.0,0.0,,,,,,,,,,,
USC00043491,2017,2,22,,,323.0,0.0,0.0,,,,,,,,,,,
USC00043491,2017,2,23,,,53.0,13.0,0.0,,,,,,,,,,,
USC00043491,2017,2,24,,,30.0,25.0,0.0,,,,,,,,,,,
USC00043491,2017,2,25,,,0.0,0.0,0.0,,,,,,,,,,,
USC00043491,2017,2,26,,,0.0,0.0,0.0,,,,,,,,,,,
USC00043491,2017,2,27,,,0.0,0.0,0.0,,,,,,,,,,,
USC00043491,2017,2,28,,,0.0,0.0,0.0,,,,,,,,,,,
USC00043491,2017,2,29,,,-9999.0,-9999.0,-9999.0,,,,,,,,,,,
USC00043491,2017,2,3,,,340.0,0.0,0.0,,,,,,,,,,,
USC00043491,2017,2,30,,,-9999.0,-9999.0,-9999.0,,,,,,,,,,,
USC00043491,2017,2,31,,,-9999.0,-9999.0,-9999.0,,,,,,,,,,,
USC00043491,2017,2,4,,,376.0,0.0,0.0,,,,,,,,,,,
USC00043491,2017,2,5,,,33.0,0.0,0.0,,,,,,,,,,,
USC00043491,2017,2,6,,,262.0,0.0,0.0,,,,,,,,,,,
USC00043491,2017,2,7,,,1306.0,0.0,0.0,,,,,,,,,,,
USC00043491,2017,2,8,,,455.0,0.0,0.0,,,,,,,,,,,
USC00043491,2017,2,9,,,643.0,0.0,0.0,,,,,,,,,,,
USC00043491,2017,3,1,,,0.0,0.0,0.0,,,,,,,,,,,
USC00043491,2017,3,10,,,0.0,0.0,0.0,,,,,,,,,,,
USC00043491,2017,3,11,,,0.0,0.0,0.0,,,,,,,,,,,
USC00043491,2017,3,12,,,0.0,0.0,0.0,,,,,,,,,,,
USC00043491,2017,3,13,,,0.0,0.0,0.0,,,,,,,,,,,
USC00043491,2017,3,14,,,0.0,0.0,0.0,,,,,,,,,,,
USC00043491,2017,3,15,,,0.0,0.0,0.0,,,,,,,,,,,
USC00043491,2017,3,16,,,0.0,0.0,0.0,,,,,,,,,,,
USC00043491,2017,3,17,,,0.0,0.0,0.0,,,,,,,,,,,
USC00043491,2017,3,18,,,0.0,0.0,0.0,,,,,,,,,,,
USC00043491,2017,3,19,,,15.0,0.0,0.0,,,,,,,,,,,
USC00043491,2017,3,2,,,0.0,0.0,0.0,,,,,,,,,,,
USC00043491,2017,3,20,,,0.0,0.0,0.0,,,,,,,,,,,
USC00043491,2017,3,21,,,274.0,0.0,0.0,,,,,,,,,,,
USC00043491,2017,3,22,,,495.0,0.0,0.0,,,,,,,,,,,
USC00043491,2017,3,23,,,69.0,0.0,0.0,,,,,,,,,,,
USC00043491,2017,3,24,,,5.0,0.0,0.0,,,,,,,,,,,
USC00043491,2017,3,25,,,241.0,0.0,0.0,,,,,,,,,,,
USC00043491,2017,3,26,,,0.0,0.0,0.0,,,,,,,,,,,
USC00043491,2017,3,27,,,231.0,0.0,0.0,,,,,,,,,,,
USC00043491,2017,3,28,,,28.0,0.0,0.0,,,,,,,,,,,
USC00043491,2017,3,29,,,0.0,0.0,0.0,,,,,,,,,,,
USC00043491,2017,3,3,,,0.0,0.0,0.0,,,,,,,,,,,
USC00043491,2017,3,30,,,183.0,0.0,0.0,,,,,,,,,,,
USC00043491,2017,3,31,,,0.0,0.0,0.0,,,,,,,,,,,
USC00043491,2017,3,4,,,0.0,0.0,0.0,,,,,,,,,,,
USC00043491,2017,3,5,,,180.0,13.0,25.0,,,,,,,,,,,
USC00043491,2017,3,6,,,28.0,127.0,127.0,,,,,,,,,,,
USC00043491,2017,3,7,,,56.0,25.0,25.0,,,,,,,,,,,
USC00043491,2017,3,8,,,0.0,0.0,0.0,,,,,,,,,,,
USC00043491,2017,3,9,,,0.0,0.0,0.0,,,,,,,,,,,
USC00043491,2017,4,1,,,0.0,0.0,0.0,,,,,,,,,,,
USC00043491,2017,4,10,,,0.0,0.0,0.0,,,,,,,,,,,
USC00043491,2017,4,11,,,0.0,0.0,0.0,,,,,,,,,,,
USC00043491,2017,4,12,,,0.0,0.0,0.0,,,,,,,,,,,
USC00043491,2017,4,13,,,371.0,0.0,0.0,,,,,,,,,,,
USC00043491,2017,4,14,,,244.0,0.0,0.0,,,,,,,,,,,
USC00043491,2017,4,15,,,0.0,0.0,0.0,,,,,,,,,,,
USC00043491,2017,4,16,,,0.0,0.0,0.0,,,,,,,,,,,
USC00043491,2017,4,17,,,213.0,0.0,0.0,,,,,,,,,,,
USC00043491,2017,4,18,,,312.0,0.0,0.0,,,,,,,,,,,
USC00043491,2017,4,19,,,0.0,0.0,0.0,,,,,,,,,,,
USC00043491,2017,4,2,,,0.0,0.0,0.0,,,,,,,,,,,
USC00043491,2017,4,20,,,74.0,0.0,0.0,,,,,,,,,,,
USC00043491,2017,4,21,,,0.0,0.0,0.0,,,,,,,,,,,
USC00043491,2017,4,22,,,0.0,0.0,0.0,,,,,,,,,,,
USC00043491,2017,4,23,,,0.0,0.0,0.0,,,,,,,,,,,
USC00043491,2017,4,24,,,66.0,0.0,0.0,,,,,,,,,,,
USC00043491,2017,4,25,,,10.0,0.0,0.0,,,,,,,,,,,
USC00043491,2017,4,26,,,69.0,0.0,0.0,,,,,,,,,,,
USC00043491,2017,4,27,,,0.0,0.0,0.0,,,,,,,,,,,
USC00043491,2017,4,28,,,0.0,0.0,0.0,,,,,,,,,,,
USC00043491,2017,4,29,,,0.0,0.0,0.0,,,,,,,,,,,
USC00043491,2017,4,3,,,0.0,0.0,0.0,,,,,,,,,,,
USC00043491,2017,4,30,,,0.0,0.0,0.0,,,,,,,,,,,
USC00043491,2017,4,31,,,-9999.0,-9999.0,-9999.0,,,,,,,,,,,
USC00043491,2017,4,4,,,0.0,0.0,0.0,,,,,,,,,,,
USC00043491,2017,4,5,,,0.0,0.0,0.0,,,,,,,,,,,
USC00043491,2017,4,6,,,0.0,0.0,0.0,,,,,,,,,,,
USC00043491,2017,4,7,,,452.0,0.0,0.0,,,,,,,,,,,
USC00043491,2017,4,8,,,569.0,0.0,0.0,,,,,,,,,,,
USC00043491,2017,4,9,,,71.0,0.0,0.0,,,,,,,,,,,
USC00043491,2017,5,1,,,0.0,0.0,0.0,,,,,,,,,,,
USC00043491,2017,5,10,,,0.0,0.0,0.0,,,,,,,,,,,
USC00043491,2017,5,11,,,0.0,0.0,0.0,,,,,,,,,,,
USC00043491,2017,5,12,,,0.0,0.0,0.0,,,,,,,,,,,
USC00043491,2017,5,13,,,0.0,0.0,0.0,,,,,,,,,,,
USC00043491,2017,5,14,,,0.0,0.0,0.0,,,,,,,,,,,
USC00043491,2017,5,15,,,0.0,0.0,0.0,,,,,,,,,,,
USC00043491,2017,5,16,,,0.0,0.0,0.0,,,,,,,,,,,
USC00043491,2017,5,17,,,124.0,0.0,0.0,,,,,,,,,,,
USC00043491,2017,5,18,,,0.0,0.0,0.0,,,,,,,,,,,
USC00043491,2017,5,19,,,0.0,0.0,0.0,,,,,,,,,,,
USC00043491,2017,5,2,,,0.0,0.0,0.0,,,,,,,,,,,
USC00043491,2017,5,20,,,0.0,0.0,0.0,,,,,,,,,,,
USC00043491,2017,5,21,,,0.0,0.0,0.0,,,,,,,,,,,
USC00043491,2017,5,22,,,0.0,0.0,0.0,,,,,,,,,,,
USC00043491,2017,5,23,,,0.0,0.0,0.0,,,,,,,,,,,
USC00043491,2017,5,24,,,0.0,0.0,0.0,,,,,,,,,,,
USC00043491,2017,5,25,,,0.0,0.0,0.0,,,,,,,,,,,
USC00043491,2017,5,26,,,0.0,0.0,0.0,,,,,,,,,,,
USC00043491,2017,5,27,,,0.0,0.0,0.0,,,,,,,,,,,
USC00043491,2017,5,28,,,0.0,0.0,0.0,,,,,,,,,,,
USC00043491,2017,5,29,,,0.0,0.0,0.0,,,,,,,,,,,
USC00043491,2017,5,3,,,0.0,0.0,0.0,,,,,,,,,,,
USC00043491,2017,5,30,,,0.0,0.0,0.0,,,,,,,,,,,
USC00043491,2017,5,31,,,20.0,0.0,0.0,,,,,,,,,,,
USC00043491,2017,5,4,,,0.0,0.0,0.0,,,,,,,,,,,
USC00043491,2017,5,5,,,0.0,0.0,0.0,,,,,,,,,,,
USC00043491,2017,5,6,,,0.0,0.0,0.0,,,,,,,,,,,
USC00043491,2017,5,7,,,13.0,0.0,0.0,,,,,,,,,,,
USC00043491,2017,5,8,,,0.0,0.0,0.0,,,,,,,,,,,
USC00043491,2017,5,9,,,0.0,0.0,0.0,,,,,,,,,,,
USC00043491,2017,6,1,,,20.0,0.0,0.0,,,,,,,,,,,
USC00043491,2017,6,10,,,0.0,0.0,0.0,,,,,,,,,,,
USC00043491,2017,6,11,,,0.0,0.0,0.0,,,,,,,,,,,
USC00043491,2017,6,12,,,97.0,0.0,0.0,,,,,,,,,,,
USC00043491,2017,6,13,,,0.0,0.0,0.0,,,,,,,,,,,
USC00043491,2017,6,14,,,0.0,0.0,0.0,,,,,,,,,,,
USC00043491,2017,6,15,,,0.0,0.0,0.0,,,,,,,,,,,
USC00043491,2017,6,16,,,0.0,0.0,0.0,,,,,,,,,,,
USC00043491,2017,6,17,,,0.0,0.0,0.0,,,,,,,,,,,
USC00043491,2017,6,18,,,0.0,0.0,0.0,,,,,,,,,,,
USC00043491,2017,6,19,,,0.0,0.0,0.0,,,,,,,,,,,
USC00043491,2017,6,2,,,0.0,0.0,0.0,,,,,,,,,,,
USC00043491,2017,6,20,,,0.0,0.0,0.0,,,,,,,,,,,
USC00043491,2017,6,21,,,0.0,0.0,0.0,,,,,,,,,,,
USC00043491,2017,6,22,,,0.0,0.0,0.0,,,,,,,,,,,
USC00043491,2017,6,23,,,0.0,0.0,0.0,,,,,,,,,,,
USC00043491,2017,6,24,,,0.0,0.0,0.0,,,,,,,,,,,
USC00043491,2017,6,25,,,0.0,0.0,0.0,,,,,,,,,,,
USC00043491,2017,6,26,,,0.0,0.0,0.0,,,,,,,,,,,
USC00043491,2017,6,27,,,0.0,0.0,0.0,,,,,,,,,,,
USC00043491,2017,6,28,,,0.0,0.0,0.0,,,,,,,,,,,
USC00043491,2017,6,29,,,0.0,0.0,0.0,,,,,,,,,,,
USC00043491,2017,6,3,,,0.0,0.0,0.0,,,,,,,,,,,
USC00043491,2017,6,30,,,0.0,0.0,0.0,,,,,,,,,,,
USC00043491,2017,6,31,,,-9999.0,-9999.0,-9999.0,,,,,,,,,,,
USC00043491,2017,6,4,,,0.0,0.0,0.0,,,,,,,,,,,
USC00043491,2017,6,5,,,0.0,0.0,0.0,,,,,,,,,,,
USC00043491,2017,6,6,,,0.0,0.0,0.0,,,,,,,,,,,
USC00043491,2017,6,7,,,0.0,0.0,0.0,,,,,,,,,,,
USC00043491,2017,6,8,,,0.0,0.0,0.0,,,,,,,,,,,
USC00043491,2017,6,9,,,0.0,0.0,0.0,,,,,,,,,,,
USC00043491,2017,7,1,,,0.0,0.0,0.0,,,,,,,,,,,
USC00043491,2017,7,10,,,0.0,0.0,0.0,,,,,,,,,,,
USC00043491,2017,7,11,,,0.0,0.0,0.0,,,,,,,,,,,
USC00043491,2017,7,12,,,0.0,0.0,0.0,,,,,,,,,,,
USC00043491,2017,7,13,,,0.0,0.0,0.0,,,,,,,,,,,
USC00043491,2017,7,14,,,0.0,0.0,0.0,,,,,,,,,,,
USC00043491,2017,7,15,,,0.0,0.0,0.0,,,,,,,,,,,
USC00043491,2017,7,16,,,0.0,0.0,0.0,,,,,,,,,,,
USC00043491,2017,7,17,,,0.0,0.0,0.0,,,,,,,,,,,
USC00043491,2017,7,18,,,0.0,0.0,0.0,,,,,,,,,,,
USC00043491,2017,7,19,,,0.0,0.0,0.0,,,,,,,,,,,
USC00043491,2017,7,2,,,0.0,0.0,0.0,,,,,,,,,,,
USC00043491,2017,7,20,,,0.0,0.0,0.0,,,,,,,,,,,
USC00043491,2017,7,21,,,0.0,0.0,0.0,,,,,,,,,,,
USC00043491,2017,7,22,,,0.0,0.0,0.0,,,,,,,,,,,
USC00043491,2017,7,23,,,0.0,0.0,0.0,,,,,,,,,,,
USC00043491,2017,7,24,,,0.0,0.0,0.0,,,,,,,,,,,
USC00043491,2017,7,25,,,0.0,0.0,0.0,,,,,,,,,,,
USC00043491,2017,7,26,,,0.0,0.0,0.0,,,,,,,,,,,
USC00043491,2017,7,27,,,0.0,0.0,0.0,,,,,,,,,,,
USC00043491,2017,7,28,,,0.0,0.0,0.0,,,,,,,,,,,
USC00043491,2017,7,29,,,0.0,0.0,0.0,,,,,,,,,,,
USC00043491,2017,7,3,,,0.0,0.0,0.0,,,,,,,,,,,
USC00043491,2017,7,30,,,0.0,0.0,0.0,,,,,,,,,,,
USC00043491,2017,7,31,,,0.0,0.0,0.0,,,,,,,,,,,
USC00043491,2017,7,4,,,0.0,0.0,0.0,,,,,,,,,,,
USC00043491,2017,7,5,,,0.0,0.0,0.0,,,,,,,,,,,
USC00043491,2017,7,6,,,0.0,0.0,0.0,,,,,,,,,,,
USC00043491,2017,7,7,,,0.0,0.0,0.0,,,,,,,,,,,
USC00043491,2017,7,8,,,0.0,0.0,0.0,,,,,,,,,,,
USC00043491,2017,7,9,,,0.0,0.0,0.0,,,,,,,,,,,
USC00043491,2017,8,1,,,0.0,0.0,0.0,,,,,,,,,,,
USC00043491,2017,8,10,,,0.0,0.0,0.0,,,,,,,,,,,
USC00043491,2017,8,11,,,0.0,0.0,0.0,,,,,,,,,,,
USC00043491,2017,8,12,,,0.0,0.0,0.0,,,,,,,,,,,
USC00043491,2017,8,13,,,0.0,0.0,0.0,,,,,,,,,,,
USC00043491,2017,8,14,,,0.0,0.0,0.0,,,,,,,,,,,
USC00043491,2017,8,15,,,0.0,0.0,0.0,,,,,,,,,,,
USC00043491,2017,8,16,,,0.0,0.0,0.0,,,,,,,,,,,
USC00043491,2017,8,17,,,0.0,0.0,0.0,,,,,,,,,,,
USC00043491,2017,8,18,,,0.0,0.0,0.0,,,,,,,,,,,
USC00043491,2017,8,19,,,0.0,0.0,0.0,,,,,,,,,,,
USC00043491,2017,8,2,,,0.0,0.0,0.0,,,,,,,,,,,
USC00043491,2017,8,20,,,0.0,0.0,0.0,,,,,,,,,,,
USC00043491,2017,8,21,,,0.0,0.0,0.0,,,,,,,,,,,
USC00043491,2017,8,22,,,0.0,0.0,0.0,,,,,,,,,,,
USC00043491,2017,8,23,,,0.0,0.0,0.0,,,,,,,,,,,
USC00043491,2017,8,24,,,0.0,0.0,0.0,,,,,,,,,,,
USC00043491,2017,8,25,,,0.0,0.0,0.0,,,,,,,,,,,
USC00043491,2017,8,26,,,0.0,0.0,0.0,,,,,,,,,,,
USC00043491,2017,8,27,,,0.0,0.0,0.0,,,,,,,,,,,
USC00043491,2017,8,28,,,0.0,0.0,0.0,,,,,,,,,,,
USC00043491,2017,8,29,,,0.0,0.0,0.0,,,,,,,,,,,
USC00043491,2017,8,3,,,0.0,0.0,0.0,,,,,,,,,,,
USC00043491,2017,8,30,,,0.0,0.0,0.0,,,,,,,,,,,
USC00043491,2017,8,31,,,0.0,0.0,0.0,,,,,,,,,,,
USC00043491,2017,8,4,,,0.0,0.0,0.0,,,,,,,,,,,
USC00043491,2017,8,5,,,0.0,0.0,0.0,,,,,,,,,,,
USC00043491,2017,8,6,,,0.0,0.0,0.0,,,,,,,,,,,
USC00043491,2017,8,7,,,0.0,0.0,0.0,,,,,,,,,,,
USC00043491,2017,8,8,,,0.0,0.0,0.0,,,,,,,,,,,
USC00043491,2017,8,9,,,0.0,0.0,0.0,,,,,,,,,,,
USC00043491,2017,9,1,,,0.0,0.0,0.0,,,,,,,,,,,
USC00043491,2017,9,10,,,0.0,0.0,0.0,,,,,,,,,,,
USC00043491,2017,9,11,,,0.0,0.0,0.0,,,,,,,,,,,
USC00043491,2017,9,12,,,0.0,0.0,0.0,,,,,,,,,,,
USC00043491,2017,9,13,,,0.0,0.0,0.0,,,,,,,,,,,
USC00043491,2017,9,14,,,0.0,0.0,0.0,,,,,,,,,,,
USC00043491,2017,9,15,,,0.0,0.0,0.0,,,,,,,,,,,
USC00043491,2017,9,16,,,0.0,0.0,0.0,,,,,,,,,,,
USC00043491,2017,9,17,,,0.0,0.0,0.0,,,,,,,,,,,
USC00043491,2017,9,18,,,0.0,0.0,0.0,,,,,,,,,,,
USC00043491,2017,9,19,,,0.0,0.0,0.0,,,,,,,,,,,
USC00043491,2017,9,2,,,0.0,0.0,0.0,,,,,,,,,,,
USC00043491,2017,9,20,,,0.0,0.0,0.0,,,,,,,,,,,
USC00043491,2017,9,21,,,84.0,0.0,0.0,,,,,,,,,,,
USC00043491,2017,9,22,,,0.0,0.0,0.0,,,,,,,,,,,
USC00043491,2017,9,23,,,8.0,0.0,0.0,,,,,,,,,,,
USC00043491,2017,9,24,,,0.0,0.0,0.0,,,,,,,,,,,
USC00043491,2017,9,25,,,0.0,0.0,0.0,,,,,,,,,,,
USC00043491,2017,9,26,,,0.0,0.0,0.0,,,,,,,,,,,
USC00043491,2017,9,27,,,0.0,0.0,0.0,,,,,,,,,,,
USC00043491,2017,9,28,,,0.0,0.0,0.0,,,,,,,,,,,
USC00043491,2017,9,29,,,0.0,0.0,0.0,,,,,,,,,,,
USC00043491,2017,9,3,,,0.0,0.0,0.0,,,,,,,,,,,
USC00043491,2017,9,30,,,0.0,0.0,0.0,,,,,,,,,,,
USC00043491,2017,9,31,,,-9999.0,-9999.0,-9999.0,,,,,,,,,,,
USC00043491,2017,9,4,,,0.0,0.0,0.0,,,,,,,,,,,
USC00043491,2017,9,5,,,0.0,0.0,0.0,,,,,,,,,,,
USC00043491,2017,9,6,,,3.0,0.0,0.0,,,,,,,,,,,
USC00043491,2017,9,7,,,0.0,0.0,0.0,,,,,,,,,,,
USC00043491,2017,9,8,,,0.0,0.0,0.0,,,,,,,,,,,
USC00043491,2017,9,9,,,0.0,0.0,0.0,,,,,,,,,,,
USC00043491,2017,10,1,,,0.0,0.0,0.0,,,,,,,,,,,
USC00043491,2017,10,10,,,0.0,0.0,0.0,,,,,,,,,,,
USC00043491,2017,10,11,,,0.0,0.0,0.0,,,,,,,,,,,
USC00043491,2017,10,12,,,0.0,0.0,0.0,,,,,,,,,,,
USC00043491,2017,10,13,,,0.0,0.0,0.0,,,,,,,,,,,
USC00043491,2017,10,14,,,0.0,0.0,0.0,,,,,,,,,,,
USC00043491,2017,10,15,,,0.0,0.0,0.0,,,,,,,,,,,
USC00043491,2017,10,16,,,0.0,0.0,0.0,,,,,,,,,,,
USC00043491,2017,10,17,,,0.0,0.0,0.0,,,,,,,,,,,
USC00043491,2017,10,18,,,0.0,0.0,0.0,,,,,,,,,,,
USC00043491,2017,10,19,,,0.0,0.0,0.0,,,,,,,,,,,
USC00043491,2017,10,2,,,0.0,0.0,0.0,,,,,,,,,,,
USC00043491,2017,10,20,,,211.0,0.0,0.0,,,,,,,,,,,
USC00043491,2017,10,21,,,0.0,0.0,0.0,,,,,,,,,,,
USC00043491,2017,10,22,,,0.0,0.0,0.0,,,,,,,,,,,
USC00043491,2017,10,23,,,0.0,0.0,0.0,,,,,,,,,,,
USC00043491,2017,10,24,,,0.0,0.0,0.0,,,,,,,,,,,
USC00043491,2017,10,25,,,0.0,0.0,0.0,,,,,,,,,,,
USC00043491,2017,10,26,,,0.0,0.0,0.0,,,,,,,,,,,
USC00043491,2017,10,27,,,0.0,0.0,0.0,,,,,,,,,,,
USC00043491,2017,10,28,,,0.0,0.0,0.0,,,,,,,,,,,
USC00043491,2017,10,29,,,0.0,0.0,0.0,,,,,,,,,,,
USC00043491,2017,10,3,,,0.0,0.0,0.0,,,,,,,,,,,
USC00043491,2017,10,30,,,0.0,0.0,0.0,,,,,,,,,,,
USC00043491,2017,10,31,,,0.0,0.0,0.0,,,,,,,,,,,
USC00043491,2017,10,4,,,0.0,0.0,0.0,,,,,,,,,,,
USC00043491,2017,10,5,,,0.0,0.0,0.0,,,,,,,,,,,
USC00043491,2017,10,6,,,0.0,0.0,0.0,,,,,,,,,,,
USC00043491,2017,10,7,,,0.0,0.0,0.0,,,,,,,,,,,
USC00043491,2017,10,8,,,0.0,0.0,0.0,,,,,,,,,,,
USC00043491,2017,10,9,,,0.0,0.0,0.0,,,,,,,,,,,
USC00043491,2017,11,1,,,0.0,0.0,0.0,,,,,,,,,,,
USC00043491,2017,11,10,,,89.0,0.0,0.0,,,,,,,,,,,
USC00043491,2017,11,11,,,0.0,0.0,0.0,,,,,,,,,,,
USC00043491,2017,11,12,,,0.0,0.0,0.0,,,,,,,,,,,
USC00043491,2017,11,13,,,0.0,0.0,0.0,,,,,,,,,,,
USC00043491,2017,11,14,,,272.0,0.0,0.0,,,,,,,,,,,
USC00043491,2017,11,15,,,23.0,0.0,0.0,,,,,,,,,,,
USC00043491,2017,11,16,,,1034.0,0.0,0.0,,,,,,,,,,,
USC00043491,2017,11,17,,,742.0,0.0,0.0,,,,,,,,,,,
USC00043491,2017,11,18,,,0.0,0.0,0.0,,,,,,,,,,,
USC00043491,2017,11,19,,,0.0,0.0,0.0,,,,,,,,,,,
USC00043491,2017,11,2,,,0.0,0.0,0.0,,,,,,,,,,,
USC00043491,2017,11,20,,,0.0,0.0,0.0,,,,,,,,,,,
USC00043491,2017,11,21,,,147.0,0.0,0.0,,,,,,,,,,,
USC00043491,2017,11,22,,,0.0,0.0,0.0,,,,,,,,,,,
USC00043491,2017,11,23,,,0.0,0.0,0.0,,,,,,,,,,,
USC00043491,2017,11,24,,,3.0,0.0,0.0,,,,,,,,,,,
USC00043491,2017,11,25,,,0.0,0.0,0.0,,,,,,,,,,,
USC00043491,2017,11,26,,,0.0,0.0,0.0,,,,,,,,,,,
USC00043491,2017,11,27,,,612.0,0.0,0.0,,,,,,,,,,,
USC00043491,2017,11,28,,,0.0,0.0,0.0,,,,,,,,,,,
USC00043491,2017,11,29,,,0.0,0.0,0.0,,,,,,,,,,,
USC00043491,2017,11,3,,,81.0,0.0,0.0,,,,,,,,,,,
USC00043491,2017,11,30,,,0.0,0.0,0.0,,,,,,,,,,,
USC00043491,2017,11,31,,,-9999.0,-9999.0,-9999.0,,,,,,,,,,,
USC00043491,2017,11,4,,,310.0,0.0,0.0,,,,,,,,,,,
USC00043491,2017,11,5,,,185.0,0.0,0.0,,,,,,,,,,,
USC00043491,2017,11,6,,,0.0,0.0,0.0,,,,,,,,,,,
USC00043491,2017,11,7,,,0.0,0.0,0.0,,,,,,,,,,,
USC00043491,2017,11,8,,,0.0,0.0,0.0,,,,,,,,,,,
USC00043491,2017,11,9,,,353.0,0.0,0.0,,,,,,,,,,,
USC00043491,2017,12,1,,,0.0,0.0,0.0,,,,,,,,,,,
USC00043491,2017,12,10,,,0.0,0.0,0.0,,,,,,,,,,,
USC00043491,2017,12,11,,,0.0,0.0,0.0,,,,,,,,,,,
USC00043491,2017,12,12,,,0.0,0.0,0.0,,,,,,,,,,,
USC00043491,2017,12,13,,,0.0,0.0,0.0,,,,,,,,,,,
USC00043491,2017,12,14,,,0.0,0.0,0.0,,,,,,,,,,,
USC00043491,2017,12,15,,,0.0,0.0,0.0,,,,,,,,,,,
USC00043491,2017,12,16,,,0.0,0.0,0.0,,,,,,,,,,,
USC00043491,2017,12,17,,,0.0,0.0,0.0,,,,,,,,,,,
USC00043491,2017,12,18,,,0.0,0.0,0.0,,,,,,,,,,,
USC00043491,2017,12,19,,,0.0,0.0,0.0,,,,,,,,,,,
USC00043491,2017,12,2,,,0.0,0.0,0.0,,,,,,,,,,,
USC00043491,2017,12,20,,,140.0,0.0,0.0,,,,,,,,,,,
USC00043491,2017,12,21,,,0.0,0.0,0.0,,,,,,,,,,,
USC00043491,2017,12,22,,,0.0,0.0,0.0,,,,,,,,,,,
USC00043491,2017,12,23,,,0.0,0.0,0.0,,,,,,,,,,,
USC00043491,2017,12,24,,,0.0,0.0,0.0,,,,,,,,,,,
USC00043491,2017,12,25,,,0.0,0.0,0.0,,,,,,,,,,,
USC00043491,2017,12,26,,,0.0,0.0,0.0,,,,,,,,,,,
USC00043491,2017,12,27,,,0.0,0.0,0.0,,,,,,,,,,,
USC00043491,2017,12,28,,,0.0,0.0,0.0,,,,,,,,,,,
USC00043491,2017,12,29,,,0.0,0.0,0.0,,,,,,,,,,,
USC00043491,2017,12,3,,,140.0,0.0,0.0,,,,,,,,,,,
USC00043491,2017,12,30,,,0.0,0.0,0.0,,,,,,,,,,,
USC00043491,2017,12,31,,,0.0,0.0,0.0,,,,,,,,,,,
USC00043491,2017,12,4,,,0.0,0.0,0.0,,,,,,,,,,,
USC00043491,2017,12,5,,,0.0,0.0,0.0,,,,,,,,,,,
USC00043491,2017,12,6,,,0.0,0.0,0.0,,,,,,,,,,,
USC00043491,2017,12,7,,,0.0,0.0,0.0,,,,,,,,,,,
USC00043491,2017,12,8,,,0.0,0.0,0.0,,,,,,,,,,,
USC00043491,2017,12,9,,,0.0,0.0,0.0,,,,,,,,,,,
USC00043491,2018,1,1,,,0.0,0.0,0.0,,,,,,,,,,,
USC00043491,2018,1,10,,,198.0,0.0,0.0,,,,,,,,,,,
USC00043491,2018,1,11,,,48.0,0.0,0.0,,,,,,,,,,,
USC00043491,2018,1,12,,,0.0,0.0,0.0,,,,,,,,,,,
USC00043491,2018,1,13,,,0.0,0.0,0.0,,,,,,,,,,,
USC00043491,2018,1,14,,,0.0,0.0,0.0,,,,,,,,,,,
USC00043491,2018,1,15,,,0.0,0.0,0.0,,,,,,,,,,,
USC00043491,2018,1,16,,,33.0,0.0,0.0,,,,,,,,,,,
USC00043491,2018,1,17,,,0.0,0.0,0.0,,,,,,,,,,,
USC00043491,2018,1,18,,,0.0,0.0,0.0,,,,,,,,,,,
USC00043491,2018,1,19,,,452.0,0.0,0.0,,,,,,,,,,,
USC00043491,2018,1,2,,,0.0,0.0,0.0,,,,,,,,,,,
USC00043491,2018,1,20,,,0.0,0.0,0.0,,,,,,,,,,,
USC00043491,2018,1,21,,,0.0,0.0,0.0,,,,,,,,,,,
USC00043491,2018,1,22,,,48.0,0.0,0.0,,,,,,,,,,,
USC00043491,2018,1,23,,,38.0,0.0,0.0,,,,,,,,,,,
USC00043491,2018,1,24,,,0.0,0.0,0.0,,,,,,,,,,,
USC00043491,2018,1,25,,,307.0,38.0,0.0,,,,,,,,,,,
USC00043491,2018,1,26,,,0.0,0.0,0.0,,,,,,,,,,,
USC00043491,2018,1,27,,,0.0,0.0,0.0,,,,,,,,,,,
USC00043491,2018,1,28,,,0.0,0.0,0.0,,,,,,,,,,,
USC00043491,2018,1,29,,,0.0,0.0,0.0,,,,,,,,,,,
USC00043491,2018,1,3,,,0.0,0.0,0.0,,,,,,,,,,,
USC00043491,2018,1,30,,,0.0,0.0,0.0,,,,,,,,,,,
USC00043491,2018,1,31,,,0.0,0.0,0.0,,,,,,,,,,,
USC00043491,2018,1,4,,,114.0,0.0,0.0,,,,,,,,,,,
USC00043491,2018,1,5,,,13.0,0.0,0.0,,,,,,,,,,,
USC00043491,2018,1,6,,,251.0,0.0,0.0,,,,,,,,,,,
USC00043491,2018,1,7,,,0.0,0.0,0.0,,,,,,,,,,,
USC00043491,2018,1,8,,,13.0,0.0,0.0,,,,,,,,,,,
USC00043491,2018,1,9,,,734.0,0.0,0.0,,,,,,,,,,,
USC00043491,2018,2,1,,,0.0,0.0,0.0,,,,,,,,,,,
USC00043491,2018,2,10,,,0.0,0.0,0.0,,,,,,,,,,,
USC00043491,2018,2,11,,,0.0,0.0,0.0,,,,,,,,,,,
USC00043491,2018,2,12,,,3.0,0.0,0.0,,,,,,,,,,,
USC00043491,2018,2,13,,,0.0,0.0,0.0,,,,,,,,,,,
USC00043491,2018,2,14,,,0.0,0.0,0.0,,,,,,,,,,,
USC00043491,2018,2,15,,,0.0,0.0,0.0,,,,,,,,,,,
USC00043491,2018,2,16,,,0.0,0.0,0.0,,,,,,,,,,,
USC00043491,2018,2,17,,,0.0,0.0,0.0,,,,,,,,,,,
USC00043491,2018,2,18,,,0.0,0.0,0.0,,,,,,,,,,,
USC00043491,2018,2,19,,,18.0,13.0,0.0,,,,,,,,,,,
USC00043491,2018,2,2,,,0.0,0.0,0.0,,,,,,,,,,,
USC00043491,2018,2,20,,,0.0,0.0,0.0,,,,,,,,,,,
USC00043491,2018,2,21,,,0.0,0.0,0.0,,,,,,,,,,,
USC00043491,2018,2,22,,,0.0,0.0,0.0,,,,,,,,,,,
USC00043491,2018,2,23,,,0.0,0.0,0.0,,,,,,,,,,,
USC00043491,2018,2,24,,,0.0,0.0,0.0,,,,,,,,,,,
USC00043491,2018,2,25,,,0.0,0.0,0.0,,,,,,,,,,,
USC00043491,2018,2,26,,,145.0,165.0,0.0,,,,,,,,,,,
USC00043491,2018,2,27,,,0.0,0.0,0.0,,,,,,,,,,,
USC00043491,2018,2,28,,,0.0,0.0,0.0,,,,,,,,,,,
USC00043491,2018,2,29,,,-9999.0,-9999.0,-9999.0,,,,,,,,,,,
USC00043491,2018,2,3,,,0.0,0.0,0.0,,,,,,,,,,,
USC00043491,2018,2,30,,,-9999.0,-9999.0,-9999.0,,,,,,,,,,,
USC00043491,2018,2,31,,,-9999.0,-9999.0,-9999.0,,,,,,,,,,,
USC00043491,2018,2,4,,,0.0,0.0,0.0,,,,,,,,,,,
USC00043491,2018,2,5,,,0.0,0.0,0.0,,,,,,,,,,,
USC00043491,2018,2,6,,,0.0,0.0,0.0,,,,,,,,,,,
USC00043491,2018,2,7,,,0.0,0.0,0.0,,,,,,,,,,,
USC00043491,2018,2,8,,,0.0,0.0,0.0,,,,,,,,,,,
USC00043491,2018,2,9,,,0.0,0.0,0.0,,,,,,,,,,,
USC00043491,2018,3,1,,,170.0,0.0,0.0,,,,,,,,,,,
USC00043491,2018,3,10,,,0.0,0.0,0.0,,,,,,,,,,,
USC00043491,2018,3,11,,,3.0,0.0,0.0,,,,,,,,,,,
USC00043491,2018,3,12,,,0.0,0.0,0.0,,,,,,,,,,,
USC00043491,2018,3,13,,,208.0,0.0,0.0,,,,,,,,,,,
USC00043491,2018,3,14,,,716.0,0.0,0.0,,,,,,,,,,,
USC00043491,2018,3,15,,,196.0,0.0,0.0,,,,,,,,,,,
USC00043491,2018,3,16,,,447.0,165.0,178.0,,,,,,,,,,,
USC00043491,2018,3,17,,,325.0,51.0,229.0,,,,,,,,,,,
USC00043491,2018,3,18,,,0.0,0.0,127.0,,,,,,,,,,,
USC00043491,2018,3,19,,,0.0,0.0,102.0,,,,,,,,,,,
USC00043491,2018,3,2,,,409.0,51.0,0.0,,,,,,,,,,,
USC00043491,2018,3,20,,,0.0,0.0,76.0,,,,,,,,,,,
USC00043491,2018,3,21,,,333.0,0.0,76.0,,,,,,,,,,,
USC00043491,2018,3,22,,,584.0,0.0,0.0,,,,,,,,,,,
USC00043491,2018,3,23,,,445.0,0.0,0.0,,,,,,,,,,,
USC00043491,2018,3,24,,,155.0,51.0,51.0,,,,,,,,,,,
USC00043491,2018,3,25,,,46.0,25.0,76.0,,,,,,,,,,,
USC00043491,2018,3,26,,,0.0,0.0,51.0,,,,,,,,,,,
USC00043491,2018,3,27,,,0.0,0.0,0.0,,,,,,,,,,,
USC00043491,2018,3,28,,,0.0,0.0,0.0,,,,,,,,,,,
USC00043491,2018,3,29,,,0.0,0.0,0.0,,,,,,,,,,,
USC00043491,2018,3,3,,,236.0,191.0,203.0,,,,,,,,,,,
USC00043491,2018,3,30,,,0.0,0.0,0.0,,,,,,,,,,,
USC00043491,2018,3,31,,,0.0,0.0,0.0,,,,,,,,,,,
USC00043491,2018,3,4,,,91.0,140.0,356.0,,,,,,,,,,,
USC00043491,2018,3,5,,,0.0,0.0,254.0,,,,,,,,,,,
USC00043491,2018,3,6,,,0.0,0.0,229.0,,,,,,,,,,,
USC00043491,2018,3,7,,,15.0,0.0,152.0,,,,,,,,,,,
USC00043491,2018,3,8,,,0.0,0.0,76.0,,,,,,,,,,,
USC00043491,2018,3,9,,,0.0,0.0,0.0,,,,,,,,,,,
USC00043491,2018,4,1,,,0.0,0.0,0.0,,,,,,,,,,,
USC00043491,2018,4,10,,,0.0,0.0,0.0,,,,,,,,,,,
USC00043491,2018,4,11,,,0.0,0.0,0.0,,,,,,,,,,,
USC00043491,2018,4,12,,,122.0,13.0,25.0,,,,,,,,,,,
USC00043491,2018,4,13,,,0.0,0.0,0.0,,,,,,,,,,,
USC00043491,2018,4,14,,,0.0,0.0,0.0,,,,,,,,,,,
USC00043491,2018,4,15,,,0.0,0.0,0.0,,,,,,,,,,,
USC00043491,2018,4,16,,,170.0,0.0,0.0,,,,,,,,,,,
USC00043491,2018,4,17,,,91.0,0.0,0.0,,,,,,,,,,,
USC00043491,2018,4,18,,,0.0,0.0,0.0,,,,,,,,,,,
USC00043491,2018,4,19,,,0.0,0.0,0.0,,,,,,,,,,,
USC00043491,2018,4,2,,,0.0,0.0,0.0,,,,,,,,,,,
USC00043491,2018,4,20,,,0.0,0.0,0.0,,,,,,,,,,,
USC00043491,2018,4,21,,,0.0,0.0,0.0,,,,,,,,,,,
USC00043491,2018,4,22,,,0.0,0.0,0.0,,,,,,,,,,,
USC00043491,2018,4,23,,,0.0,0.0,0.0,,,,,,,,,,,
USC00043491,2018,4,24,,,0.0,0.0,0.0,,,,,,,,,,,
USC00043491,2018,4,25,,,0.0,0.0,0.0,,,,,,,,,,,
USC00043491,2018,4,26,,,0.0,0.0,0.0,,,,,,,,,,,
USC00043491,2018,4,27,,,0.0,0.0,0.0,,,,,,,,,,,
USC00043491,2018,4,28,,,0.0,0.0,0.0,,,,,,,,,,,
USC00043491,2018,4,29,,,0.0,0.0,0.0,,,,,,,,,,,
USC00043491,2018,4,3,,,0.0,0.0,0.0,,,,,,,,,,,
USC00043491,2018,4,30,,,43.0,0.0,0.0,,,,,,,,,,,
USC00043491,2018,4,31,,,-9999.0,-9999.0,-9999.0,,,,,,,,,,,
USC00043491,2018,4,4,,,0.0,0.0,0.0,,,,,,,,,,,
USC00043491,2018,4,5,,,0.0,0.0,0.0,,,,,,,,,,,
USC00043491,2018,4,6,,,152.0,0.0,0.0,,,,,,,,,,,
USC00043491,2018,4,7,,,942.0,0.0,0.0,,,,,,,,,,,
USC00043491,2018,4,8,,,15.0,0.0,0.0,,,,,,,,,,,
USC00043491,2018,4,9,,,0.0,0.0,0.0,,,,,,,,,,,
USC00043491,2018,5,1,,,0.0,0.0,0.0,,,,,,,,,,,
USC00043491,2018,5,10,,,0.0,0.0,0.0,,,,,,,,,,,
USC00043491,2018,5,11,,,0.0,0.0,0.0,,,,,,,,,,,
USC00043491,2018,5,12,,,0.0,0.0,0.0,,,,,,,,,,,
USC00043491,2018,5,13,,,0.0,0.0,0.0,,,,,,,,,,,
USC00043491,2018,5,14,,,0.0,0.0,0.0,,,,,,,,,,,
USC00043491,2018,5,15,,,0.0,0.0,0.0,,,,,,,,,,,
USC00043491,2018,5,16,,,0.0,0.0,0.0,,,,,,,,,,,
USC00043491,2018,5,17,,,20.0,0.0,0.0,,,,,,,,,,,
USC00043491,2018,5,18,,,0.0,0.0,0.0,,,,,,,,,,,
USC00043491,2018,5,19,,,0.0,0.0,0.0,,,,,,,,,,,
USC00043491,2018,5,2,,,0.0,0.0,0.0,,,,,,,,,,,
USC00043491,2018,5,20,,,0.0,0.0,0.0,,,,,,,,,,,
USC00043491,2018,5,21,,,0.0,0.0,0.0,,,,,,,,,,,
USC00043491,2018,5,22,,,0.0,0.0,0.0,,,,,,,,,,,
USC00043491,2018,5,23,,,0.0,0.0,0.0,,,,,,,,,,,
USC00043491,2018,5,24,,,0.0,0.0,0.0,,,,,,,,,,,
USC00043491,2018,5,25,,,43.0,0.0,0.0,,,,,,,,,,,
USC00043491,2018,5,26,,,0.0,0.0,0.0,,,,,,,,,,,
USC00043491,2018,5,27,,,0.0,0.0,0.0,,,,,,,,,,,
USC00043491,2018,5,28,,,0.0,0.0,0.0,,,,,,,,,,,
USC00043491,2018,5,29,,,0.0,0.0,0.0,,,,,,,,,,,
USC00043491,2018,5,3,,,0.0,0.0,0.0,,,,,,,,,,,
USC00043491,2018,5,30,,,0.0,0.0,0.0,,,,,,,,,,,
USC00043491,2018,5,31,,,0.0,0.0,0.0,,,,,,,,,,,
USC00043491,2018,5,4,,,0.0,0.0,0.0,,,,,,,,,,,
USC00043491,2018,5,5,,,0.0,0.0,0.0,,,,,,,,,,,
USC00043491,2018,5,6,,,0.0,0.0,0.0,,,,,,,,,,,
USC00043491,2018,5,7,,,0.0,0.0,0.0,,,,,,,,,,,
USC00043491,2018,5,8,,,0.0,0.0,0.0,,,,,,,,,,,
USC00043491,2018,5,9,,,0.0,0.0,0.0,,,,,,,,,,,
USC00043491,2018,6,1,,,0.0,0.0,0.0,,,,,,,,,,,
USC00043491,2018,6,10,,,0.0,0.0,0.0,,,,,,,,,,,
USC00043491,2018,6,11,,,0.0,0.0,0.0,,,,,,,,,,,
USC00043491,2018,6,12,,,0.0,0.0,0.0,,,,,,,,,,,
USC00043491,2018,6,13,,,0.0,0.0,0.0,,,,,,,,,,,
USC00043491,2018,6,14,,,0.0,0.0,0.0,,,,,,,,,,,
USC00043491,2018,6,15,,,0.0,0.0,0.0,,,,,,,,,,,
USC00043491,2018,6,16,,,0.0,0.0,0.0,,,,,,,,,,,
USC00043491,2018,6,17,,,0.0,0.0,0.0,,,,,,,,,,,
USC00043491,2018,6,18,,,0.0,0.0,0.0,,,,,,,,,,,
USC00043491,2018,6,19,,,0.0,0.0,0.0,,,,,,,,,,,
USC00043491,2018,6,2,,,0.0,0.0,0.0,,,,,,,,,,,
USC00043491,2018,6,20,,,0.0,0.0,0.0,,,,,,,,,,,
USC00043491,2018,6,21,,,0.0,0.0,0.0,,,,,,,,,,,
USC00043491,2018,6,22,,,0.0,0.0,0.0,,,,,,,,,,,
USC00043491,2018,6,23,,,0.0,0.0,0.0,,,,,,,,,,,
USC00043491,2018,6,24,,,0.0,0.0,0.0,,,,,,,,,,,
USC00043491,2018,6,25,,,0.0,0.0,0.0,,,,,,,,,,,
USC00043491,2018,6,26,,,0.0,0.0,0.0,,,,,,,,,,,
USC00043491,2018,6,27,,,0.0,0.0,0.0,,,,,,,,,,,
USC00043491,2018,6,28,,,0.0,0.0,0.0,,,,,,,,,,,
USC00043491,2018,6,29,,,0.0,0.0,0.0,,,,,,,,,,,
USC00043491,2018,6,3,,,0.0,0.0,0.0,,,,,,,,,,,
USC00043491,2018,6,30,,,0.0,0.0,0.0,,,,,,,,,,,
USC00043491,2018,6,31,,,-9999.0,-9999.0,-9999.0,,,,,,,,,,,
USC00043491,2018,6,4,,,0.0,0.0,0.0,,,,,,,,,,,
USC00043491,2018,6,5,,,0.0,0.0,0.0,,,,,,,,,,,
USC00043491,2018,6,6,,,0.0,0.0,0.0,,,,,,,,,,,
USC00043491,2018,6,7,,,0.0,0.0,0.0,,,,,,,,,,,
USC00043491,2018,6,8,,,0.0,0.0,0.0,,,,,,,,,,,
USC00043491,2018,6,9,,,0.0,0.0,0.0,,,,,,,,,,,
USC00043491,2018,7,1,,,0.0,0.0,0.0,,,,,,,,,,,
USC00043491,2018,7,10,,,0.0,0.0,0.0,,,,,,,,,,,
USC00043491,2018,7,11,,,0.0,0.0,0.0,,,,,,,,,,,
USC00043491,2018,7,12,,,0.0,0.0,0.0,,,,,,,,,,,
USC00043491,2018,7,13,,,0.0,0.0,0.0,,,,,,,,,,,
USC00043491,2018,7,14,,,0.0,0.0,0.0,,,,,,,,,,,
USC00043491,2018,7,15,,,0.0,0.0,0.0,,,,,,,,,,,
USC00043491,2018,7,16,,,0.0,0.0,0.0,,,,,,,,,,,
USC00043491,2018,7,17,,,0.0,0.0,0.0,,,,,,,,,,,
USC00043491,2018,7,18,,,0.0,0.0,0.0,,,,,,,,,,,
USC00043491,2018,7,19,,,0.0,0.0,0.0,,,,,,,,,,,
USC00043491,2018,7,2,,,0.0,0.0,0.0,,,,,,,,,,,
USC00043491,2018,7,20,,,0.0,0.0,0.0,,,,,,,,,,,
USC00043491,2018,7,21,,,0.0,0.0,0.0,,,,,,,,,,,
USC00043491,2018,7,22,,,0.0,0.0,0.0,,,,,,,,,,,
USC00043491,2018,7,23,,,0.0,0.0,0.0,,,,,,,,,,,
USC00043491,2018,7,24,,,0.0,0.0,0.0,,,,,,,,,,,
USC00043491,2018,7,25,,,0.0,0.0,0.0,,,,,,,,,,,
USC00043491,2018,7,26,,,0.0,0.0,0.0,,,,,,,,,,,
USC00043491,2018,7,27,,,0.0,0.0,0.0,,,,,,,,,,,
USC00043491,2018,7,28,,,0.0,0.0,0.0,,,,,,,,,,,
USC00043491,2018,7,29,,,0.0,0.0,0.0,,,,,,,,,,,
USC00043491,2018,7,3,,,0.0,0.0,0.0,,,,,,,,,,,
USC00043491,2018,7,30,,,0.0,0.0,0.0,,,,,,,,,,,
USC00043491,2018,7,31,,,0.0,0.0,0.0,,,,,,,,,,,
USC00043491,2018,7,4,,,0.0,0.0,0.0,,,,,,,,,,,
USC00043491,2018,7,5,,,0.0,0.0,0.0,,,,,,,,,,,
USC00043491,2018,7,6,,,0.0,0.0,0.0,,,,,,,,,,,
USC00043491,2018,7,7,,,0.0,0.0,0.0,,,,,,,,,,,
USC00043491,2018,7,8,,,0.0,0.0,0.0,,,,,,,,,,,
USC00043491,2018,7,9,,,0.0,0.0,0.0,,,,,,,,,,,
USC00043491,2018,8,1,,,0.0,0.0,0.0,,,,,,,,,,,
USC00043491,2018,8,10,,,0.0,0.0,0.0,,,,,,,,,,,
USC00043491,2018,8,11,,,0.0,0.0,0.0,,,,,,,,,,,
USC00043491,2018,8,12,,,0.0,0.0,0.0,,,,,,,,,,,
USC00043491,2018,8,13,,,0.0,0.0,0.0,,,,,,,,,,,
USC00043491,2018,8,14,,,0.0,0.0,0.0,,,,,,,,,,,
USC00043491,2018,8,15,,,0.0,0.0,0.0,,,,,,,,,,,
USC00043491,2018,8,16,,,0.0,0.0,0.0,,,,,,,,,,,
USC00043491,2018,8,17,,,0.0,0.0,0.0,,,,,,,,,,,
USC00043491,2018,8,18,,,0.0,0.0,0.0,,,,,,,,,,,
USC00043491,2018,8,19,,,0.0,0.0,0.0,,,,,,,,,,,
USC00043491,2018,8,2,,,0.0,0.0,0.0,,,,,,,,,,,
USC00043491,2018,8,20,,,0.0,0.0,0.0,,,,,,,,,,,
USC00043491,2018,8,21,,,0.0,0.0,0.0,,,,,,,,,,,
USC00043491,2018,8,22,,,0.0,0.0,0.0,,,,,,,,,,,
USC00043491,2018,8,23,,,0.0,0.0,0.0,,,,,,,,,,,
USC00043491,2018,8,24,,,0.0,0.0,0.0,,,,,,,,,,,
USC00043491,2018,8,25,,,0.0,0.0,0.0,,,,,,,,,,,
USC00043491,2018,8,26,,,0.0,0.0,0.0,,,,,,,,,,,
USC00043491,2018,8,27,,,0.0,0.0,0.0,,,,,,,,,,,
USC00043491,2018,8,28,,,0.0,0.0,0.0,,,,,,,,,,,
USC00043491,2018,8,29,,,0.0,0.0,0.0,,,,,,,,,,,
USC00043491,2018,8,3,,,0.0,0.0,0.0,,,,,,,,,,,
USC00043491,2018,8,30,,,0.0,0.0,0.0,,,,,,,,,,,
USC00043491,2018,8,31,,,0.0,0.0,0.0,,,,,,,,,,,
USC00043491,2018,8,4,,,0.0,0.0,0.0,,,,,,,,,,,
USC00043491,2018,8,5,,,0.0,0.0,0.0,,,,,,,,,,,
USC00043491,2018,8,6,,,0.0,0.0,0.0,,,,,,,,,,,
USC00043491,2018,8,7,,,0.0,0.0,0.0,,,,,,,,,,,
USC00043491,2018,8,8,,,0.0,0.0,0.0,,,,,,,,,,,
USC00043491,2018,8,9,,,0.0,0.0,0.0,,,,,,,,,,,
USC00043491,2018,9,1,,,0.0,0.0,0.0,,,,,,,,,,,
USC00043491,2018,9,10,,,0.0,0.0,0.0,,,,,,,,,,,
USC00043491,2018,9,11,,,0.0,0.0,0.0,,,,,,,,,,,
USC00043491,2018,9,12,,,0.0,0.0,0.0,,,,,,,,,,,
USC00043491,2018,9,13,,,0.0,0.0,0.0,,,,,,,,,,,
USC00043491,2018,9,14,,,0.0,0.0,0.0,,,,,,,,,,,
USC00043491,2018,9,15,,,0.0,0.0,0.0,,,,,,,,,,,
USC00043491,2018,9,16,,,0.0,0.0,0.0,,,,,,,,,,,
USC00043491,2018,9,17,,,0.0,0.0,0.0,,,,,,,,,,,
USC00043491,2018,9,18,,,0.0,0.0,0.0,,,,,,,,,,,
USC00043491,2018,9,19,,,0.0,0.0,0.0,,,,,,,,,,,
USC00043491,2018,9,2,,,0.0,0.0,0.0,,,,,,,,,,,
USC00043491,2018,9,20,,,0.0,0.0,0.0,,,,,,,,,,,
USC00043491,2018,9,21,,,0.0,0.0,0.0,,,,,,,,,,,
USC00043491,2018,9,22,,,0.0,0.0,0.0,,,,,,,,,,,
USC00043491,2018,9,23,,,0.0,0.0,0.0,,,,,,,,,,,
USC00043491,2018,9,24,,,0.0,0.0,0.0,,,,,,,,,,,
USC00043491,2018,9,25,,,0.0,0.0,0.0,,,,,,,,,,,
USC00043491,2018,9,26,,,0.0,0.0,0.0,,,,,,,,,,,
USC00043491,2018,9,27,,,0.0,0.0,0.0,,,,,,,,,,,
USC00043491,2018,9,28,,,0.0,0.0,0.0,,,,,,,,,,,
USC00043491,2018,9,29,,,0.0,0.0,0.0,,,,,,,,,,,
USC00043491,2018,9,3,,,0.0,0.0,0.0,,,,,,,,,,,
USC00043491,2018,9,30,,,0.0,0.0,0.0,,,,,,,,,,,
USC00043491,2018,9,31,,,-9999.0,-9999.0,-9999.0,,,,,,,,,,,
USC00043491,2018,9,4,,,0.0,0.0,0.0,,,,,,,,,,,
USC00043491,2018,9,5,,,0.0,0.0,0.0,,,,,,,,,,,
USC00043491,2018,9,6,,,0.0,0.0,0.0,,,,,,,,,,,
USC00043491,2018,9,7,,,0.0,0.0,0.0,,,,,,,,,,,
USC00043491,2018,9,8,,,0.0,0.0,0.0,,,,,,,,,,,
USC00043491,2018,9,9,,,0.0,0.0,0.0,,,,,,,,,,,
USC00043491,2018,10,1,,,0.0,0.0,0.0,,,,,,,,,,,
USC00043491,2018,10,10,,,0.0,0.0,0.0,,,,,,,,,,,
USC00043491,2018,10,11,,,0.0,0.0,0.0,,,,,,,,,,,
USC00043491,2018,10,12,,,0.0,0.0,0.0,,,,,,,,,,,
USC00043491,2018,10,13,,,0.0,0.0,0.0,,,,,,,,,,,
USC00043491,2018,10,14,,,0.0,0.0,0.0,,,,,,,,,,,
USC00043491,2018,10,15,,,0.0,0.0,0.0,,,,,,,,,,,
USC00043491,2018,10,16,,,0.0,0.0,0.0,,,,,,,,,,,
USC00043491,2018,10,17,,,0.0,0.0,0.0,,,,,,,,,,,
USC00043491,2018,10,18,,,0.0,0.0,0.0,,,,,,,,,,,
USC00043491,2018,10,19,,,0.0,0.0,0.0,,,,,,,,,,,
USC00043491,2018,10,2,,,0.0,0.0,0.0,,,,,,,,,,,
USC00043491,2018,10,20,,,0.0,0.0,0.0,,,,,,,,,,,
USC00043491,2018,10,21,,,0.0,0.0,0.0,,,,,,,,,,,
USC00043491,2018,10,22,,,0.0,0.0,0.0,,,,,,,,,,,
USC00043491,2018,10,23,,,0.0,0.0,0.0,,,,,,,,,,,
USC00043491,2018,10,24,,,0.0,0.0,0.0,,,,,,,,,,,
USC00043491,2018,10,25,,,0.0,0.0,0.0,,,,,,,,,,,
USC00043491,2018,10,26,,,0.0,0.0,0.0,,,,,,,,,,,
USC00043491,2018,10,27,,,0.0,0.0,0.0,,,,,,,,,,,
USC00043491,2018,10,28,,,0.0,0.0,0.0,,,,,,,,,,,
USC00043491,2018,10,29,,,0.0,0.0,0.0,,,,,,,,,,,
USC00043491,2018,10,3,,,0.0,0.0,0.0,,,,,,,,,,,
USC00043491,2018,10,30,,,0.0,0.0,0.0,,,,,,,,,,,
USC00043491,2018,10,31,,,0.0,0.0,0.0,,,,,,,,,,,
USC00043491,2018,10,4,,,91.0,0.0,0.0,,,,,,,,,,,
USC00043491,2018,10,5,,,107.0,0.0,0.0,,,,,,,,,,,
USC00043491,2018,10,6,,,0.0,0.0,0.0,,,,,,,,,,,
USC00043491,2018,10,7,,,0.0,0.0,0.0,,,,,,,,,,,
USC00043491,2018,10,8,,,0.0,0.0,0.0,,,,,,,,,,,
USC00043491,2018,10,9,,,0.0,0.0,0.0,,,,,,,,,,,
USC00043491,2018,11,1,,,0.0,0.0,0.0,,,,,,,,,,,
USC00043491,2018,11,10,,,0.0,0.0,0.0,,,,,,,,,,,
USC00043491,2018,11,11,,,0.0,0.0,0.0,,,,,,,,,,,
USC00043491,2018,11,12,,,0.0,0.0,0.0,,,,,,,,,,,
USC00043491,2018,11,13,,,0.0,0.0,0.0,,,,,,,,,,,
USC00043491,2018,11,14,,,0.0,0.0,0.0,,,,,,,,,,,
USC00043491,2018,11,15,,,0.0,0.0,0.0,,,,,,,,,,,
USC00043491,2018,11,16,,,0.0,0.0,0.0,,,,,,,,,,,
USC00043491,2018,11,17,,,0.0,0.0,0.0,,,,,,,,,,,
USC00043491,2018,11,18,,,0.0,0.0,0.0,,,,,,,,,,,
USC00043491,2018,11,19,,,0.0,0.0,0.0,,,,,,,,,,,
USC00043491,2018,11,2,,,0.0,0.0,0.0,,,,,,,,,,,
USC00043491,2018,11,20,,,0.0,0.0,0.0,,,,,,,,,,,
USC00043491,2018,11,21,,,0.0,0.0,0.0,,,,,,,,,,,
USC00043491,2018,11,22,,,409.0,0.0,0.0,,,,,,,,,,,
USC00043491,2018,11,23,,,472.0,0.0,0.0,,,,,,,,,,,
USC00043491,2018,11,24,,,917.0,0.0,0.0,,,,,,,,,,,
USC00043491,2018,11,25,,,20.0,0.0,0.0,,,,,,,,,,,
USC00043491,2018,11,26,,,0.0,0.0,0.0,,,,,,,,,,,
USC00043491,2018,11,27,,,0.0,0.0,0.0,,,,,,,,,,,
USC00043491,2018,11,28,,,104.0,0.0,0.0,,,,,,,,,,,
USC00043491,2018,11,29,,,297.0,0.0,0.0,,,,,,,,,,,
USC00043491,2018,11,3,,,0.0,0.0,0.0,,,,,,,,,,,
USC00043491,2018,11,30,,,282.0,0.0,0.0,,,,,,,,,,,
USC00043491,2018,11,31,,,-9999.0,-9999.0,-9999.0,,,,,,,,,,,
USC00043491,2018,11,4,,,0.0,0.0,0.0,,,,,,,,,,,
USC00043491,2018,11,5,,,0.0,0.0,0.0,,,,,,,,,,,
USC00043491,2018,11,6,,,0.0,0.0,0.0,,,,,,,,,,,
USC00043491,2018,11,7,,,0.0,0.0,0.0,,,,,,,,,,,
USC00043491,2018,11,8,,,0.0,0.0,0.0,,,,,,,,,,,
USC00043491,2018,11,9,,,0.0,0.0,0.0,,,,,,,,,,,
USC00043491,2018,12,1,,,79.0,0.0,0.0,,,,,,,,,,,
USC00043491,2018,12,10,,,0.0,0.0,0.0,,,,,,,,,,,
USC00043491,2018,12,11,,,0.0,0.0,0.0,,,,,,,,,,,
USC00043491,2018,12,12,,,0.0,0.0,0.0,,,,,,,,,,,
USC00043491,2018,12,13,,,0.0,0.0,0.0,,,,,,,,,,,
USC00043491,2018,12,14,,,0.0,0.0,0.0,,,,,,,,,,,
USC00043491,2018,12,15,,,0.0,0.0,0.0,,,,,,,,,,,
USC00043491,2018,12,16,,,0.0,0.0,0.0,,,,,,,,,,,
USC00043491,2018,12,17,,,333.0,0.0,0.0,,,,,,,,,,,
USC00043491,2018,12,18,,,0.0,0.0,0.0,,,,,,,,,,,
USC00043491,2018,12,19,,,0.0,0.0,0.0,,,,,,,,,,,
USC00043491,2018,12,2,,,104.0,0.0,0.0,,,,,,,,,,,
USC00043491,2018,12,20,,,0.0,0.0,0.0,,,,,,,,,,,
USC00043491,2018,12,21,,,86.0,0.0,0.0,,,,,,,,,,,
USC00043491,2018,12,22,,,0.0,0.0,0.0,,,,,,,,,,,
USC00043491,2018,12,23,,,0.0,0.0,0.0,,,,,,,,,,,
USC00043491,2018,12,24,,,36.0,0.0,0.0,,,,,,,,,,,
USC00043491,2018,12,25,,,587.0,0.0,0.0,,,,,,,,,,,
USC00043491,2018,12,26,,,0.0,0.0,0.0,,,,,,,,,,,
USC00043491,2018,12,27,,,0.0,0.0,0.0,,,,,,,,,,,
USC00043491,2018,12,28,,,0.0,0.0,0.0,,,,,,,,,,,
USC00043491,2018,12,29,,,0.0,0.0,0.0,,,,,,,,,,,
USC00043491,2018,12,3,,,0.0,0.0,0.0,,,,,,,,,,,
USC00043491,2018,12,30,,,0.0,0.0,0.0,,,,,,,,,,,
USC00043491,2018,12,31,,,0.0,0.0,0.0,,,,,,,,,,,
USC00043491,2018,12,4,,,0.0,0.0,0.0,,,,,,,,,,,
USC00043491,2018,12,5,,,91.0,0.0,0.0,,,,,,,,,,,
USC00043491,2018,12,6,,,0.0,0.0,0.0,,,,,,,,,,,
USC00043491,2018,12,7,,,0.0,0.0,0.0,,,,,,,,,,,
USC00043491,2018,12,8,,,0.0,0.0,0.0,,,,,,,,,,,
USC00043491,2018,12,9,,,0.0,0.0,0.0,,,,,,,,,,,
USC00043491,2019,1,1,,,0.0,0.0,0.0,,,,,,,,,,,
USC00043491,2019,1,10,,,203.0,0.0,0.0,,,,,,,,,,,
USC00043491,2019,1,11,,,0.0,0.0,0.0,,,,,,,,,,,
USC00043491,2019,1,12,,,0.0,0.0,0.0,,,,,,,,,,,
USC00043491,2019,1,13,,,0.0,0.0,0.0,,,,,,,,,,,
USC00043491,2019,1,14,,,0.0,0.0,0.0,,,,,,,,,,,
USC00043491,2019,1,15,,,41.0,0.0,0.0,,,,,,,,,,,
USC00043491,2019,1,16,,,511.0,0.0,0.0,,,,,,,,,,,
USC00043491,2019,1,17,,,678.0,0.0,0.0,,,,,,,,,,,
USC00043491,2019,1,18,,,244.0,0.0,0.0,,,,,,,,,,,
USC00043491,2019,1,19,,,41.0,0.0,0.0,,,,,,,,,,,
USC00043491,2019,1,2,,,0.0,0.0,0.0,,,,,,,,,,,
USC00043491,2019,1,20,,,46.0,0.0,0.0,,,,,,,,,,,
USC00043491,2019,1,21,,,422.0,76.0,0.0,,,,,,,,,,,
USC00043491,2019,1,22,,,0.0,0.0,0.0,,,,,,,,,,,
USC00043491,2019,1,23,,,0.0,0.0,0.0,,,,,,,,,,,
USC00043491,2019,1,24,,,0.0,0.0,0.0,,,,,,,,,,,
USC00043491,2019,1,25,,,0.0,0.0,0.0,,,,,,,,,,,
USC00043491,2019,1,26,,,0.0,0.0,0.0,,,,,,,,,,,
USC00043491,2019,1,27,,,0.0,0.0,0.0,,,,,,,,,,,
USC00043491,2019,1,28,,,0.0,0.0,0.0,,,,,,,,,,,
USC00043491,2019,1,29,,,0.0,0.0,0.0,,,,,,,,,,,
USC00043491,2019,1,3,,,0.0,0.0,0.0,,,,,,,,,,,
USC00043491,2019,1,30,,,0.0,0.0,0.0,,,,,,,,,,,
USC00043491,2019,1,31,,,0.0,0.0,0.0,,,,,,,,,,,
USC00043491,2019,1,4,,,0.0,0.0,0.0,,,,,,,,,,,
USC00043491,2019,1,5,,,0.0,0.0,0.0,,,,,,,,,,,
USC00043491,2019,1,6,,,257.0,0.0,0.0,,,,,,,,,,,
USC00043491,2019,1,7,,,671.0,0.0,0.0,,,,,,,,,,,
USC00043491,2019,1,8,,,0.0,0.0,0.0,,,,,,,,,,,
USC00043491,2019,1,9,,,165.0,0.0,0.0,,,,,,,,,,,
USC00043491,2019,2,1,,,0.0,0.0,0.0,,,,,,,,,,,
USC00043491,2019,2,10,,,714.0,292.0,305.0,,,,,,,,,,,
USC00043491,2019,2,11,,,0.0,0.0,254.0,,,,,,,,,,,
USC00043491,2019,2,12,,,0.0,0.0,229.0,,,,,,,,,,,
USC00043491,2019,2,13,,,432.0,0.0,229.0,,,,,,,,,,,
USC00043491,2019,2,14,,,617.0,0.0,203.0,,,,,,,,,,,
USC00043491,2019,2,15,,,5.0,0.0,178.0,,,,,,,,,,,
USC00043491,2019,2,16,,,157.0,127.0,305.0,,,,,,,,,,,
USC00043491,2019,2,17,,,56.0,0.0,254.0,,,,,,,,,,,
USC00043491,2019,2,18,,,0.0,0.0,229.0,,,,,,,,,,,
USC00043491,2019,2,19,,,0.0,0.0,203.0,,,,,,,,,,,
USC00043491,2019,2,2,,,269.0,0.0,0.0,,,,,,,,,,,
USC00043491,2019,2,20,,,0.0,0.0,178.0,,,,,,,,,,,
USC00043491,2019,2,21,,,46.0,13.0,203.0,,,,,,,,,,,
USC00043491,2019,2,22,,,0.0,0.0,203.0,,,,,,,,,,,
USC00043491,2019,2,23,,,0.0,0.0,127.0,,,,,,,,,,,
USC00043491,2019,2,24,,,0.0,0.0,102.0,,,,,,,,,,,
USC00043491,2019,2,25,,,0.0,0.0,76.0,,,,,,,,,,,
USC00043491,2019,2,26,,,765.0,0.0,0.0,,,,,,,,,,,
USC00043491,2019,2,27,,,587.0,0.0,0.0,,,,,,,,,,,
USC00043491,2019,2,28,,,384.0,0.0,0.0,,,,,,,,,,,
USC00043491,2019,2,29,,,-9999.0,-9999.0,-9999.0,,,,,,,,,,,
USC00043491,2019,2,3,,,356.0,0.0,0.0,,,,,,,,,,,
USC00043491,2019,2,30,,,-9999.0,-9999.0,-9999.0,,,,,,,,,,,
USC00043491,2019,2,31,,,-9999.0,-9999.0,-9999.0,,,,,,,,,,,
USC00043491,2019,2,4,,,511.0,25.0,25.0,,,,,,,,,,,
USC00043491,2019,2,5,,,132.0,127.0,152.0,,,,,,,,,,,
USC00043491,2019,2,6,,,3.0,0.0,127.0,,,,,,,,,,,
USC00043491,2019,2,7,,,0.0,0.0,127.0,,,,,,,,,,,
USC00043491,2019,2,8,,,0.0,0.0,102.0,,,,,,,,,,,
USC00043491,2019,2,9,,,3.0,0.0,0.0,,,,,,,,,,,
USC00043491,2019,3,1,,,33.0,0.0,0.0,,,,,,,,,,,
USC00043491,2019,3,10,,,20.0,0.0,0.0,,,,,,,,,,,
USC00043491,2019,3,11,,,0.0,0.0,0.0,,,,,,,,,,,
USC00043491,2019,3,12,,,0.0,0.0,0.0,,,,,,,,,,,
USC00043491,2019,3,13,,,0.0,0.0,0.0,,,,,,,,,,,
USC00043491,2019,3,14,,,0.0,0.0,0.0,,,,,,,,,,,
USC00043491,2019,3,15,,,0.0,0.0,0.0,,,,,,,,,,,
USC00043491,2019,3,16,,,0.0,0.0,0.0,,,,,,,,,,,
USC00043491,2019,3,17,,,0.0,0.0,0.0,,,,,,,,,,,
USC00043491,2019,3,18,,,0.0,0.0,0.0,,,,,,,,,,,
USC00043491,2019,3,19,,,0.0,0.0,0.0,,,,,,,,,,,
USC00043491,2019,3,2,,,97.0,0.0,0.0,,,,,,,,,,,
USC00043491,2019,3,20,,,91.0,0.0,0.0,,,,,,,,,,,
USC00043491,2019,3,21,,,89.0,0.0,0.0,,,,,,,,,,,
USC00043491,2019,3,22,,,0.0,0.0,0.0,,,,,,,,,,,
USC00043491,2019,3,23,,,267.0,0.0,0.0,,,,,,,,,,,
USC00043491,2019,3,24,,,48.0,0.0,0.0,,,,,,,,,,,
USC00043491,2019,3,25,,,0.0,0.0,0.0,,,,,,,,,,,
USC00043491,2019,3,26,,,117.0,0.0,0.0,,,,,,,,,,,
USC00043491,2019,3,27,,,61.0,0.0,0.0,,,,,,,,,,,
USC00043491,2019,3,28,,,163.0,0.0,0.0,,,,,,,,,,,
USC00043491,2019,3,29,,,86.0,0.0,0.0,,,,,,,,,,,
USC00043491,2019,3,3,,,325.0,0.0,0.0,,,,,,,,,,,
USC00043491,2019,3,30,,,0.0,0.0,0.0,,,,,,,,,,,
USC00043491,2019,3,31,,,0.0,0.0,0.0,,,,,,,,,,,
USC00043491,2019,3,4,,,180.0,0.0,0.0,,,,,,,,,,,
USC00043491,2019,3,5,,,0.0,0.0,0.0,,,,,,,,,,,
USC00043491,2019,3,6,,,226.0,0.0,0.0,,,,,,,,,,,
USC00043491,2019,3,7,,,328.0,0.0,0.0,,,,,,,,,,,
USC00043491,2019,3,8,,,18.0,0.0,0.0,,,,,,,,,,,
USC00043491,2019,3,9,,,23.0,0.0,0.0,,,,,,,,,,,
USC00043491,2019,4,1,,,0.0,0.0,0.0,,,,,,,,,,,
USC00043491,2019,4,10,,,36.0,0.0,0.0,,,,,,,,,,,
USC00043491,2019,4,11,,,0.0,0.0,0.0,,,,,,,,,,,
USC00043491,2019,4,12,,,0.0,0.0,0.0,,,,,,,,,,,
USC00043491,2019,4,13,,,0.0,0.0,0.0,,,,,,,,,,,
USC00043491,2019,4,14,,,0.0,0.0,0.0,,,,,,,,,,,
USC00043491,2019,4,15,,,0.0,0.0,0.0,,,,,,,,,,,
USC00043491,2019,4,16,,,122.0,0.0,0.0,,,,,,,,,,,
USC00043491,2019,4,17,,,0.0,0.0,0.0,,,,,,,,,,,
USC00043491,2019,4,18,,,0.0,0.0,0.0,,,,,,,,,,,
USC00043491,2019,4,19,,,0.0,0.0,0.0,,,,,,,,,,,
USC00043491,2019,4,2,,,180.0,0.0,0.0,,,,,,,,,,,
USC00043491,2019,4,20,,,0.0,0.0,0.0,,,,,,,,,,,
USC00043491,2019,4,21,,,0.0,0.0,0.0,,,,,,,,,,,
USC00043491,2019,4,22,,,0.0,0.0,0.0,,,,,,,,,,,
USC00043491,2019,4,23,,,0.0,0.0,0.0,,,,,,,,,,,
USC00043491,2019,4,24,,,0.0,0.0,0.0,,,,,,,,,,,
USC00043491,2019,4,25,,,0.0,0.0,0.0,,,,,,,,,,,
USC00043491,2019,4,26,,,0.0,0.0,0.0,,,,,,,,,,,
USC00043491,2019,4,27,,,0.0,0.0,0.0,,,,,,,,,,,
USC00043491,2019,4,28,,,0.0,0.0,0.0,,,,,,,,,,,
USC00043491,2019,4,29,,,0.0,0.0,0.0,,,,,,,,,,,
USC00043491,2019,4,3,,,130.0,0.0,0.0,,,,,,,,,,,
USC00043491,2019,4,30,,,0.0,0.0,0.0,,,,,,,,,,,
USC00043491,2019,4,31,,,-9999.0,-9999.0,-9999.0,,,,,,,,,,,
USC00043491,2019,4,4,,,0.0,0.0,0.0,,,,,,,,,,,
USC00043491,2019,4,5,,,0.0,0.0,0.0,,,,,,,,,,,
USC00043491,2019,4,6,,,142.0,0.0,0.0,,,,,,,,,,,
USC00043491,2019,4,7,,,3.0,0.0,0.0,,,,,,,,,,,
USC00043491,2019,4,8,,,0.0,0.0,0.0,,,,,,,,,,,
USC00043491,2019,4,9,,,330.0,0.0,0.0,,,,,,,,,,,
USC00043491,2019,5,1,,,0.0,0.0,0.0,,,,,,,,,,,
USC00043491,2019,5,10,,,0.0,0.0,0.0,,,,,,,,,,,
USC00043491,2019,5,11,,,0.0,0.0,0.0,,,,,,,,,,,
USC00043491,2019,5,12,,,0.0,0.0,0.0,,,,,,,,,,,
USC00043491,2019,5,13,,,0.0,0.0,0.0,,,,,,,,,,,
USC00043491,2019,5,14,,,0.0,0.0,0.0,,,,,,,,,,,
USC00043491,2019,5,15,,,0.0,0.0,0.0,,,,,,,,,,,
USC00043491,2019,5,16,,,335.0,0.0,0.0,,,,,,,,,,,
USC00043491,2019,5,17,,,345.0,0.0,0.0,,,,,,,,,,,
USC00043491,2019,5,18,,,5.0,0.0,0.0,,,,,,,,,,,
USC00043491,2019,5,19,,,366.0,0.0,0.0,,,,,,,,,,,
USC00043491,2019,5,2,,,0.0,0.0,0.0,,,,,,,,,,,
USC00043491,2019,5,20,,,23.0,0.0,0.0,,,,,,,,,,,
USC00043491,2019,5,21,,,122.0,0.0,0.0,,,,,,,,,,,
USC00043491,2019,5,22,,,203.0,0.0,0.0,,,,,,,,,,,
USC00043491,2019,5,23,,,0.0,0.0,0.0,,,,,,,,,,,
USC00043491,2019,5,24,,,218.0,0.0,0.0,,,,,,,,,,,
USC00043491,2019,5,25,,,0.0,0.0,0.0,,,,,,,,,,,
USC00043491,2019,5,26,,,79.0,0.0,0.0,,,,,,,,,,,
USC00043491,2019,5,27,,,25.0,0.0,0.0,,,,,,,,,,,
USC00043491,2019,5,28,,,0.0,0.0,0.0,,,,,,,,,,,
USC00043491,2019,5,29,,,0.0,0.0,0.0,,,,,,,,,,,
USC00043491,2019,5,3,,,0.0,0.0,0.0,,,,,,,,,,,
USC00043491,2019,5,30,,,0.0,0.0,0.0,,,,,,,,,,,
USC00043491,2019,5,31,,,0.0,0.0,0.0,,,,,,,,,,,
USC00043491,2019,5,4,,,0.0,0.0,0.0,,,,,,,,,,,
USC00043491,2019,5,5,,,0.0,0.0,0.0,,,,,,,,,,,
USC00043491,2019,5,6,,,0.0,0.0,0.0,,,,,,,,,,,
USC00043491,2019,5,7,,,0.0,0.0,0.0,,,,,,,,,,,
USC00043491,2019,5,8,,,0.0,0.0,0.0,,,,,,,,,,,
USC00043491,2019,5,9,,,0.0,0.0,0.0,,,,,,,,,,,
USC00043491,2019,6,1,,,0.0,0.0,0.0,,,,,,,,,,,
USC00043491,2019,6,10,,,0.0,0.0,0.0,,,,,,,,,,,
USC00043491,2019,6,11,,,0.0,0.0,0.0,,,,,,,,,,,
USC00043491,2019,6,12,,,0.0,0.0,0.0,,,,,,,,,,,
USC00043491,2019,6,13,,,0.0,0.0,0.0,,,,,,,,,,,
USC00043491,2019,6,14,,,0.0,0.0,0.0,,,,,,,,,,,
USC00043491,2019,6,15,,,0.0,0.0,0.0,,,,,,,,,,,
USC00043491,2019,6,16,,,0.0,0.0,0.0,,,,,,,,,,,
USC00043491,2019,6,17,,,0.0,0.0,0.0,,,,,,,,,,,
USC00043491,2019,6,18,,,0.0,0.0,0.0,,,,,,,,,,,
USC00043491,2019,6,19,,,0.0,0.0,0.0,,,,,,,,,,,
USC00043491,2019,6,2,,,229.0,0.0,0.0,,,,,,,,,,,
USC00043491,2019,6,20,,,0.0,0.0,0.0,,,,,,,,,,,
USC00043491,2019,6,21,,,0.0,0.0,0.0,,,,,,,,,,,
USC00043491,2019,6,22,,,0.0,0.0,0.0,,,,,,,,,,,
USC00043491,2019,6,23,,,0.0,0.0,0.0,,,,,,,,,,,
USC00043491,2019,6,24,,,0.0,0.0,0.0,,,,,,,,,,,
USC00043491,2019,6,25,,,0.0,0.0,0.0,,,,,,,,,,,
USC00043491,2019,6,26,,,0.0,0.0,0.0,,,,,,,,,,,
USC00043491,2019,6,27,,,0.0,0.0,0.0,,,,,,,,,,,
USC00043491,2019,6,28,,,0.0,0.0,0.0,,,,,,,,,,,
USC00043491,2019,6,29,,,0.0,0.0,0.0,,,,,,,,,,,
USC00043491,2019,6,3,,,0.0,0.0,0.0,,,,,,,,,,,
USC00043491,2019,6,30,,,0.0,0.0,0.0,,,,,,,,,,,
USC00043491,2019,6,31,,,-9999.0,-9999.0,-9999.0,,,,,,,,,,,
USC00043491,2019,6,4,,,0.0,0.0,0.0,,,,,,,,,,,
USC00043491,2019,6,5,,,0.0,0.0,0.0,,,,,,,,,,,
USC00043491,2019,6,6,,,0.0,0.0,0.0,,,,,,,,,,,
USC00043491,2019,6,7,,,0.0,0.0,0.0,,,,,,,,,,,
USC00043491,2019,6,8,,,0.0,0.0,0.0,,,,,,,,,,,
USC00043491,2019,6,9,,,0.0,0.0,0.0,,,,,,,,,,,
USC00043491,2019,7,1,,,0.0,0.0,0.0,,,,,,,,,,,
USC00043491,2019,7,10,,,0.0,0.0,0.0,,,,,,,,,,,
USC00043491,2019,7,11,,,0.0,0.0,0.0,,,,,,,,,,,
USC00043491,2019,7,12,,,0.0,0.0,0.0,,,,,,,,,,,
USC00043491,2019,7,13,,,0.0,0.0,0.0,,,,,,,,,,,
USC00043491,2019,7,14,,,0.0,0.0,0.0,,,,,,,,,,,
USC00043491,2019,7,15,,,0.0,0.0,0.0,,,,,,,,,,,
USC00043491,2019,7,16,,,0.0,0.0,0.0,,,,,,,,,,,
USC00043491,2019,7,17,,,0.0,0.0,0.0,,,,,,,,,,,
USC00043491,2019,7,18,,,0.0,0.0,0.0,,,,,,,,,,,
USC00043491,2019,7,19,,,0.0,0.0,0.0,,,,,,,,,,,
USC00043491,2019,7,2,,,0.0,0.0,0.0,,,,,,,,,,,
USC00043491,2019,7,20,,,0.0,0.0,0.0,,,,,,,,,,,
USC00043491,2019,7,21,,,0.0,0.0,0.0,,,,,,,,,,,
USC00043491,2019,7,22,,,0.0,0.0,0.0,,,,,,,,,,,
USC00043491,2019,7,23,,,0.0,0.0,0.0,,,,,,,,,,,
USC00043491,2019,7,24,,,0.0,0.0,0.0,,,,,,,,,,,
USC00043491,2019,7,25,,,0.0,0.0,0.0,,,,,,,,,,,
USC00043491,2019,7,26,,,0.0,0.0,0.0,,,,,,,,,,,
USC00043491,2019,7,27,,,0.0,0.0,0.0,,,,,,,,,,,
USC00043491,2019,7,28,,,0.0,0.0,0.0,,,,,,,,,,,
USC00043491,2019,7,29,,,0.0,0.0,0.0,,,,,,,,,,,
USC00043491,2019,7,3,,,0.0,0.0,0.0,,,,,,,,,,,
USC00043491,2019,7,30,,,0.0,0.0,0.0,,,,,,,,,,,
USC00043491,2019,7,31,,,0.0,0.0,0.0,,,,,,,,,,,
USC00043491,2019,7,4,,,0.0,0.0,0.0,,,,,,,,,,,
USC00043491,2019,7,5,,,0.0,0.0,0.0,,,,,,,,,,,
USC00043491,2019,7,6,,,0.0,0.0,0.0,,,,,,,,,,,
USC00043491,2019,7,7,,,0.0,0.0,0.0,,,,,,,,,,,
USC00043491,2019,7,8,,,0.0,0.0,0.0,,,,,,,,,,,
USC00043491,2019,7,9,,,0.0,0.0,0.0,,,,,,,,,,,
USC00043491,2019,8,1,,,0.0,0.0,0.0,,,,,,,,,,,
USC00043491,2019,8,10,,,0.0,0.0,0.0,,,,,,,,,,,
USC00043491,2019,8,11,,,0.0,0.0,0.0,,,,,,,,,,,
USC00043491,2019,8,12,,,0.0,0.0,0.0,,,,,,,,,,,
USC00043491,2019,8,13,,,0.0,0.0,0.0,,,,,,,,,,,
USC00043491,2019,8,14,,,0.0,0.0,0.0,,,,,,,,,,,
USC00043491,2019,8,15,,,0.0,0.0,0.0,,,,,,,,,,,
USC00043491,2019,8,16,,,0.0,0.0,0.0,,,,,,,,,,,
USC00043491,2019,8,17,,,0.0,0.0,0.0,,,,,,,,,,,
USC00043491,2019,8,18,,,0.0,0.0,0.0,,,,,,,,,,,
USC00043491,2019,8,19,,,0.0,0.0,0.0,,,,,,,,,,,
USC00043491,2019,8,2,,,0.0,0.0,0.0,,,,,,,,,,,
USC00043491,2019,8,20,,,0.0,0.0,0.0,,,,,,,,,,,
USC00043491,2019,8,21,,,0.0,0.0,0.0,,,,,,,,,,,
USC00043491,2019,8,22,,,0.0,0.0,0.0,,,,,,,,,,,
USC00043491,2019,8,23,,,0.0,0.0,0.0,,,,,,,,,,,
USC00043491,2019,8,24,,,0.0,0.0,0.0,,,,,,,,,,,
USC00043491,2019,8,25,,,0.0,0.0,0.0,,,,,,,,,,,
USC00043491,2019,8,26,,,0.0,0.0,0.0,,,,,,,,,,,
USC00043491,2019,8,27,,,0.0,0.0,0.0,,,,,,,,,,,
USC00043491,2019,8,28,,,0.0,0.0,0.0,,,,,,,,,,,
USC00043491,2019,8,29,,,0.0,0.0,0.0,,,,,,,,,,,
USC00043491,2019,8,3,,,0.0,0.0,0.0,,,,,,,,,,,
USC00043491,2019,8,30,,,0.0,0.0,0.0,,,,,,,,,,,
USC00043491,2019,8,31,,,0.0,0.0,0.0,,,,,,,,,,,
USC00043491,2019,8,4,,,0.0,0.0,0.0,,,,,,,,,,,
USC00043491,2019,8,5,,,0.0,0.0,0.0,,,,,,,,,,,
USC00043491,2019,8,6,,,0.0,0.0,0.0,,,,,,,,,,,
USC00043491,2019,8,7,,,0.0,0.0,0.0,,,,,,,,,,,
USC00043491,2019,8,8,,,0.0,0.0,0.0,,,,,,,,,,,
USC00043491,2019,8,9,,,0.0,0.0,0.0,,,,,,,,,,,
USC00043491,2019,9,1,,,0.0,0.0,0.0,,,,,,,,,,,
USC00043491,2019,9,10,,,0.0,0.0,0.0,,,,,,,,,,,
USC00043491,2019,9,11,,,0.0,0.0,0.0,,,,,,,,,,,
USC00043491,2019,9,12,,,0.0,0.0,0.0,,,,,,,,,,,
USC00043491,2019,9,13,,,0.0,0.0,0.0,,,,,,,,,,,
USC00043491,2019,9,14,,,0.0,0.0,0.0,,,,,,,,,,,
USC00043491,2019,9,15,,,0.0,0.0,0.0,,,,,,,,,,,
USC00043491,2019,9,16,,,0.0,0.0,0.0,,,,,,,,,,,
USC00043491,2019,9,17,,,305.0,0.0,0.0,,,,,,,,,,,
USC00043491,2019,9,18,,,0.0,0.0,0.0,,,,,,,,,,,
USC00043491,2019,9,19,,,140.0,0.0,0.0,,,,,,,,,,,
USC00043491,2019,9,2,,,0.0,0.0,0.0,,,,,,,,,,,
USC00043491,2019,9,20,,,0.0,0.0,0.0,,,,,,,,,,,
USC00043491,2019,9,21,,,0.0,0.0,0.0,,,,,,,,,,,
USC00043491,2019,9,22,,,0.0,0.0,0.0,,,,,,,,,,,
USC00043491,2019,9,23,,,0.0,0.0,0.0,,,,,,,,,,,
USC00043491,2019,9,24,,,0.0,0.0,0.0,,,,,,,,,,,
USC00043491,2019,9,25,,,0.0,0.0,0.0,,,,,,,,,,,
USC00043491,2019,9,26,,,0.0,0.0,0.0,,,,,,,,,,,
USC00043491,2019,9,27,,,0.0,0.0,0.0,,,,,,,,,,,
USC00043491,2019,9,28,,,0.0,0.0,0.0,,,,,,,,,,,
USC00043491,2019,9,29,,,117.0,0.0,0.0,,,,,,,,,,,
USC00043491,2019,9,3,,,0.0,0.0,0.0,,,,,,,,,,,
USC00043491,2019,9,30,,,180.0,0.0,0.0,,,,,,,,,,,
USC00043491,2019,9,31,,,-9999.0,-9999.0,-9999.0,,,,,,,,,,,
USC00043491,2019,9,4,,,0.0,0.0,0.0,,,,,,,,,,,
USC00043491,2019,9,5,,,0.0,0.0,0.0,,,,,,,,,,,
USC00043491,2019,9,6,,,0.0,0.0,0.0,,,,,,,,,,,
USC00043491,2019,9,7,,,0.0,0.0,0.0,,,,,,,,,,,
USC00043491,2019,9,8,,,0.0,0.0,0.0,,,,,,,,,,,
USC00043491,2019,9,9,,,0.0,0.0,0.0,,,,,,,,,,,
USC00043491,2019,10,1,,,0.0,0.0,0.0,,,,,,,,,,,
USC00043491,2019,10,10,,,0.0,0.0,0.0,,,,,,,,,,,
USC00043491,2019,10,11,,,0.0,0.0,0.0,,,,,,,,,,,
USC00043491,2019,10,12,,,0.0,0.0,0.0,,,,,,,,,,,
USC00043491,2019,10,13,,,0.0,0.0,0.0,,,,,,,,,,,
USC00043491,2019,10,14,,,0.0,0.0,0.0,,,,,,,,,,,
USC00043491,2019,10,15,,,0.0,0.0,0.0,,,,,,,,,,,
USC00043491,2019,10,16,,,0.0,0.0,0.0,,,,,,,,,,,
USC00043491,2019,10,17,,,0.0,0.0,0.0,,,,,,,,,,,
USC00043491,2019,10,18,,,18.0,0.0,0.0,,,,,,,,,,,
USC00043491,2019,10,19,,,0.0,0.0,0.0,,,,,,,,,,,
USC00043491,2019,10,2,,,0.0,0.0,0.0,,,,,,,,,,,
USC00043491,2019,10,20,,,0.0,0.0,0.0,,,,,,,,,,,
USC00043491,2019,10,21,,,0.0,0.0,0.0,,,,,,,,,,,
USC00043491,2019,10,22,,,0.0,0.0,0.0,,,,,,,,,,,
USC00043491,2019,10,23,,,0.0,0.0,0.0,,,,,,,,,,,
USC00043491,2019,10,24,,,0.0,0.0,0.0,,,,,,,,,,,
USC00043491,2019,10,25,,,0.0,0.0,0.0,,,,,,,,,,,
USC00043491,2019,10,26,,,0.0,0.0,0.0,,,,,,,,,,,
USC00043491,2019,10,27,,,0.0,0.0,0.0,,,,,,,,,,,
USC00043491,2019,10,28,,,0.0,0.0,0.0,,,,,,,,,,,
USC00043491,2019,10,29,,,0.0,0.0,0.0,,,,,,,,,,,
USC00043491,2019,10,3,,,0.0,0.0,0.0,,,,,,,,,,,
USC00043491,2019,10,30,,,0.0,0.0,0.0,,,,,,,,,,,
USC00043491,2019,10,31,,,0.0,0.0,0.0,,,,,,,,,,,
USC00043491,2019,10,4,,,0.0,0.0,0.0,,,,,,,,,,,
USC00043491,2019,10,5,,,0.0,0.0,0.0,,,,,,,,,,,
USC00043491,2019,10,6,,,0.0,0.0,0.0,,,,,,,,,,,
USC00043491,2019,10,7,,,0.0,0.0,0.0,,,,,,,,,,,
USC00043491,2019,10,8,,,0.0,0.0,0.0,,,,,,,,,,,
USC00043491,2019,10,9,,,0.0,0.0,0.0,,,,,,,,,,,
USC00043491,2019,11,1,,,0.0,0.0,0.0,,,,,,,,,,,
USC00043491,2019,11,10,,,0.0,0.0,0.0,,,,,,,,,,,
USC00043491,2019,11,11,,,0.0,0.0,0.0,,,,,,,,,,,
USC00043491,2019,11,12,,,0.0,0.0,0.0,,,,,,,,,,,
USC00043491,2019,11,13,,,0.0,0.0,0.0,,,,,,,,,,,
USC00043491,2019,11,14,,,0.0,0.0,0.0,,,,,,,,,,,
USC00043491,2019,11,15,,,0.0,0.0,0.0,,,,,,,,,,,
USC00043491,2019,11,16,,,0.0,0.0,0.0,,,,,,,,,,,
USC00043491,2019,11,17,,,0.0,0.0,0.0,,,,,,,,,,,
USC00043491,2019,11,18,,,0.0,0.0,0.0,,,,,,,,,,,
USC00043491,2019,11,19,,,0.0,0.0,0.0,,,,,,,,,,,
USC00043491,2019,11,2,,,0.0,0.0,0.0,,,,,,,,,,,
USC00043491,2019,11,20,,,0.0,0.0,0.0,,,,,,,,,,,
USC00043491,2019,11,21,,,0.0,0.0,0.0,,,,,,,,,,,
USC00043491,2019,11,22,,,0.0,0.0,0.0,,,,,,,,,,,
USC00043491,2019,11,23,,,0.0,0.0,0.0,,,,,,,,,,,
USC00043491,2019,11,24,,,0.0,0.0,0.0,,,,,,,,,,,
USC00043491,2019,11,25,,,0.0,0.0,0.0,,,,,,,,,,,
USC00043491,2019,11,26,,,0.0,0.0,0.0,,,,,,,,,,,
USC00043491,2019,11,27,,,206.0,216.0,0.0,,,,,,,,,,,
USC00043491,2019,11,28,,,99.0,102.0,330.0,,,,,,,,,,,
USC00043491,2019,11,29,,,0.0,0.0,203.0,,,,,,,,,,,
USC00043491,2019,11,3,,,0.0,0.0,0.0,,,,,,,,,,,
USC00043491,2019,11,30,,,0.0,0.0,178.0,,,,,,,,,,,
USC00043491,2019,11,31,,,-9999.0,-9999.0,-9999.0,,,,,,,,,,,
USC00043491,2019,11,4,,,0.0,0.0,0.0,,,,,,,,,,,
USC00043491,2019,11,5,,,0.0,0.0,0.0,,,,,,,,,,,
USC00043491,2019,11,6,,,0.0,0.0,0.0,,,,,,,,,,,
USC00043491,2019,11,7,,,0.0,0.0,0.0,,,,,,,,,,,
USC00043491,2019,11,8,,,0.0,0.0,0.0,,,,,,,,,,,
USC00043491,2019,11,9,,,0.0,0.0,0.0,,,,,,,,,,,
USC00043491,2019,12,1,,,183.0,0.0,51.0,,,,,,,,,,,
USC00043491,2019,12,10,,,0.0,0.0,0.0,,,,,,,,,,,
USC00043491,2019,12,11,,,114.0,0.0,0.0,,,,,,,,,,,
USC00043491,2019,12,12,,,414.0,0.0,0.0,,,,,,,,,,,
USC00043491,2019,12,13,,,33.0,0.0,0.0,,,,,,,,,,,
USC00043491,2019,12,14,,,358.0,0.0,0.0,,,,,,,,,,,
USC00043491,2019,12,15,,,18.0,0.0,0.0,,,,,,,,,,,
USC00043491,2019,12,16,,,0.0,0.0,0.0,,,,,,,,,,,
USC00043491,2019,12,17,,,0.0,0.0,0.0,,,,,,,,,,,
USC00043491,2019,12,18,,,0.0,0.0,0.0,,,,,,,,,,,
USC00043491,2019,12,19,,,0.0,0.0,0.0,,,,,,,,,,,
USC00043491,2019,12,2,,,594.0,0.0,0.0,,,,,,,,,,,
USC00043491,2019,12,20,,,3.0,0.0,0.0,,,,,,,,,,,
USC00043491,2019,12,21,,,0.0,0.0,0.0,,,,,,,,,,,
USC00043491,2019,12,22,,,0.0,0.0,0.0,,,,,,,,,,,
USC00043491,2019,12,23,,,213.0,0.0,0.0,,,,,,,,,,,
USC00043491,2019,12,24,,,18.0,0.0,0.0,,,,,,,,,,,
USC00043491,2019,12,25,,,0.0,0.0,0.0,,,,,,,,,,,
USC00043491,2019,12,26,,,0.0,0.0,0.0,,,,,,,,,,,
USC00043491,2019,12,27,,,0.0,0.0,0.0,,,,,,,,,,,
USC00043491,2019,12,28,,,0.0,0.0,0.0,,,,,,,,,,,
USC00043491,2019,12,29,,,0.0,0.0,0.0,,,,,,,,,,,
USC00043491,2019,12,3,,,18.0,0.0,0.0,,,,,,,,,,,
USC00043491,2019,12,30,,,0.0,0.0,0.0,,,,,,,,,,,
USC00043491,2019,12,31,,,0.0,0.0,0.0,,,,,,,,,,,
USC00043491,2019,12,4,,,43.0,0.0,0.0,,,,,,,,,,,
USC00043491,2019,12,5,,,180.0,0.0,0.0,,,,,,,,,,,
USC00043491,2019,12,6,,,0.0,0.0,0.0,,,,,,,,,,,
USC00043491,2019,12,7,,,343.0,0.0,0.0,,,,,,,,,,,
USC00043491,2019,12,8,,,615.0,0.0,0.0,,,,,,,,,,,
USC00043491,2019,12,9,,,0.0,0.0,0.0,,,,,,,,,,,
USC00043491,2020,1,1,,,0.0,0.0,0.0,,,,,,,,,,,
USC00043491,2020,1,10,,,0.0,0.0,0.0,,,,,,,,,,,
USC00043491,2020,1,11,,,109.0,0.0,0.0,,,,,,,,,,,
USC00043491,2020,1,12,,,13.0,0.0,0.0,,,,,,,,,,,
USC00043491,2020,1,13,,,48.0,0.0,0.0,,,,,,,,,,,
USC00043491,2020,1,14,,,175.0,0.0,0.0,,,,,,,,,,,
USC00043491,2020,1,15,,,13.0,0.0,0.0,,,,,,,,,,,
USC00043491,2020,1,16,,,0.0,0.0,0.0,,,,,,,,,,,
USC00043491,2020,1,17,,,284.0,127.0,0.0,,,,,,,,,,,
USC00043491,2020,1,18,,,3.0,0.0,0.0,,,,,,,,,,,
USC00043491,2020,1,19,,,0.0,0.0,0.0,,,,,,,,,,,
USC00043491,2020,1,2,,,0.0,0.0,0.0,,,,,,,,,,,
USC00043491,2020,1,20,,,0.0,0.0,0.0,,,,,,,,,,,
USC00043491,2020,1,21,,,0.0,0.0,0.0,,,,,,,,,,,
USC00043491,2020,1,22,,,175.0,0.0,0.0,,,,,,,,,,,
USC00043491,2020,1,23,,,0.0,0.0,0.0,,,,,,,,,,,
USC00043491,2020,1,24,,,23.0,0.0,0.0,,,,,,,,,,,
USC00043491,2020,1,25,,,0.0,0.0,0.0,,,,,,,,,,,
USC00043491,2020,1,26,,,429.0,0.0,0.0,,,,,,,,,,,
USC00043491,2020,1,27,,,94.0,0.0,0.0,,,,,,,,,,,
USC00043491,2020,1,28,,,0.0,0.0,0.0,,,,,,,,,,,
USC00043491,2020,1,29,,,8.0,0.0,0.0,,,,,,,,,,,
USC00043491,2020,1,3,,,0.0,0.0,0.0,,,,,,,,,,,
USC00043491,2020,1,30,,,0.0,0.0,0.0,,,,,,,,,,,
USC00043491,2020,1,31,,,0.0,0.0,0.0,,,,,,,,,,,
USC00043491,2020,1,4,,,13.0,0.0,0.0,,,,,,,,,,,
USC00043491,2020,1,5,,,0.0,0.0,0.0,,,,,,,,,,,
USC00043491,2020,1,6,,,0.0,0.0,0.0,,,,,,,,,,,
USC00043491,2020,1,7,,,0.0,0.0,0.0,,,,,,,,,,,
USC00043491,2020,1,8,,,58.0,0.0,0.0,,,,,,,,,,,
USC00043491,2020,1,9,,,0.0,0.0,0.0,,,,,,,,,,,
USC00043491,2020,2,1,,,0.0,0.0,0.0,,,,,,,,,,,
USC00043491,2020,2,10,,,0.0,0.0,0.0,,,,,,,,,,,
USC00043491,2020,2,11,,,0.0,0.0,0.0,,,,,,,,,,,
USC00043491,2020,2,12,,,0.0,0.0,0.0,,,,,,,,,,,
USC00043491,2020,2,13,,,0.0,0.0,0.0,,,,,,,,,,,
USC00043491,2020,2,14,,,0.0,0.0,0.0,,,,,,,,,,,
USC00043491,2020,2,15,,,0.0,0.0,0.0,,,,,,,,,,,
USC00043491,2020,2,16,,,0.0,0.0,0.0,,,,,,,,,,,
USC00043491,2020,2,17,,,0.0,0.0,0.0,,,,,,,,,,,
USC00043491,2020,2,18,,,0.0,0.0,0.0,,,,,,,,,,,
USC00043491,2020,2,19,,,0.0,0.0,0.0,,,,,,,,,,,
USC00043491,2020,2,2,,,0.0,0.0,0.0,,,,,,,,,,,
USC00043491,2020,2,20,,,0.0,0.0,0.0,,,,,,,,,,,
USC00043491,2020,2,21,,,0.0,0.0,0.0,,,,,,,,,,,
USC00043491,2020,2,22,,,0.0,0.0,0.0,,,,,,,,,,,
USC00043491,2020,2,23,,,0.0,0.0,0.0,,,,,,,,,,,
USC00043491,2020,2,24,,,0.0,0.0,0.0,,,,,,,,,,,
USC00043491,2020,2,25,,,0.0,0.0,0.0,,,,,,,,,,,
USC00043491,2020,2,26,,,0.0,0.0,0.0,,,,,,,,,,,
USC00043491,2020,2,27,,,0.0,0.0,0.0,,,,,,,,,,,
USC00043491,2020,2,28,,,0.0,0.0,0.0,,,,,,,,,,,
USC00043491,2020,2,29,,,0.0,0.0,0.0,,,,,,,,,,,
USC00043491,2020,2,3,,,8.0,0.0,0.0,,,,,,,,,,,
USC00043491,2020,2,30,,,-9999.0,-9999.0,-9999.0,,,,,,,,,,,
USC00043491,2020,2,31,,,-9999.0,-9999.0,-9999.0,,,,,,,,,,,
USC00043491,2020,2,4,,,0.0,0.0,0.0,,,,,,,,,,,
USC00043491,2020,2,5,,,0.0,0.0,0.0,,,,,,,,,,,
USC00043491,2020,2,6,,,0.0,0.0,0.0,,,,,,,,,,,
USC00043491,2020,2,7,,,0.0,0.0,0.0,,,,,,,,,,,
USC00043491,2020,2,8,,,0.0,0.0,0.0,,,,,,,,,,,
USC00043491,2020,2,9,,,0.0,0.0,0.0,,,,,,,,,,,
USC00043491,2020,3,1,,,51.0,0.0,0.0,,,,,,,,,,,
USC00043491,2020,3,10,,,0.0,0.0,0.0,,,,,,,,,,,
USC00043491,2020,3,11,,,0.0,0.0,0.0,,,,,,,,,,,
USC00043491,2020,3,12,,,0.0,0.0,0.0,,,,,,,,,,,
USC00043491,2020,3,13,,,0.0,0.0,0.0,,,,,,,,,,,
USC00043491,2020,3,14,,,30.0,0.0,0.0,,,,,,,,,,,
USC00043491,2020,3,15,,,102.0,152.0,152.0,,,,,,,,,,,
USC00043491,2020,3,16,,,229.0,279.0,432.0,,,,,,,,,,,
USC00043491,2020,3,17,,,394.0,305.0,610.0,,,,,,,,,,,
USC00043491,2020,3,18,,,236.0,51.0,559.0,,,,,,,,,,,
USC00043491,2020,3,19,,,0.0,0.0,406.0,,,,,,,,,,,
USC00043491,2020,3,2,,,0.0,0.0,0.0,,,,,,,,,,,
USC00043491,2020,3,20,,,0.0,0.0,279.0,,,,,,,,,,,
USC00043491,2020,3,21,,,0.0,0.0,229.0,,,,,,,,,,,
USC00043491,2020,3,22,,,0.0,0.0,127.0,,,,,,,,,,,
USC00043491,2020,3,23,,,48.0,0.0,0.0,,,,,,,,,,,
USC00043491,2020,3,24,,,38.0,0.0,0.0,,,,,,,,,,,
USC00043491,2020,3,25,,,142.0,0.0,0.0,,,,,,,,,,,
USC00043491,2020,3,26,,,48.0,25.0,51.0,,,,,,,,,,,
USC00043491,2020,3,27,,,36.0,0.0,0.0,,,,,,,,,,,
USC00043491,2020,3,28,,,0.0,0.0,0.0,,,,,,,,,,,
USC00043491,2020,3,29,,,218.0,0.0,0.0,,,,,,,,,,,
USC00043491,2020,3,3,,,0.0,0.0,0.0,,,,,,,,,,,
USC00043491,2020,3,30,,,10.0,0.0,0.0,,,,,,,,,,,
USC00043491,2020,3,31,,,0.0,0.0,0.0,,,,,,,,,,,
USC00043491,2020,3,4,,,0.0,0.0,0.0,,,,,,,,,,,
USC00043491,2020,3,5,,,0.0,0.0,0.0,,,,,,,,,,,
USC00043491,2020,3,6,,,0.0,0.0,0.0,,,,,,,,,,,
USC00043491,2020,3,7,,,0.0,0.0,0.0,,,,,,,,,,,
USC00043491,2020,3,8,,,244.0,0.0,0.0,,,,,,,,,,,
USC00043491,2020,3,9,,,18.0,0.0,0.0,,,,,,,,,,,
USC00043491,2020,4,1,,,0.0,0.0,0.0,,,,,,,,,,,
USC00043491,2020,4,10,,,8.0,0.0,0.0,,,,,,,,,,,
USC00043491,2020,4,11,,,0.0,0.0,0.0,,,,,,,,,,,
USC00043491,2020,4,12,,,0.0,0.0,0.0,,,,,,,,,,,
USC00043491,2020,4,13,,,0.0,0.0,0.0,,,,,,,,,,,
USC00043491,2020,4,14,,,0.0,0.0,0.0,,,,,,,,,,,
USC00043491,2020,4,15,,,0.0,0.0,0.0,,,,,,,,,,,
USC00043491,2020,4,16,,,0.0,0.0,0.0,,,,,,,,,,,
USC00043491,2020,4,17,,,0.0,0.0,0.0,,,,,,,,,,,
USC00043491,2020,4,18,,,0.0,0.0,0.0,,,,,,,,,,,
USC00043491,2020,4,19,,,0.0,0.0,0.0,,,,,,,,,,,
USC00043491,2020,4,2,,,0.0,0.0,0.0,,,,,,,,,,,
USC00043491,2020,4,20,,,0.0,0.0,0.0,,,,,,,,,,,
USC00043491,2020,4,21,,,0.0,0.0,0.0,,,,,,,,,,,
USC00043491,2020,4,22,,,0.0,0.0,0.0,,,,,,,,,,,
USC00043491,2020,4,23,,,0.0,0.0,0.0,,,,,,,,,,,
USC00043491,2020,4,24,,,0.0,0.0,0.0,,,,,,,,,,,
USC00043491,2020,4,25,,,0.0,0.0,0.0,,,,,,,,,,,
USC00043491,2020,4,26,,,0.0,0.0,0.0,,,,,,,,,,,
USC00043491,2020,4,27,,,0.0,0.0,0.0,,,,,,,,,,,
USC00043491,2020,4,28,,,0.0,0.0,0.0,,,,,,,,,,,
USC00043491,2020,4,29,,,0.0,0.0,0.0,,,,,,,,,,,
USC00043491,2020,4,3,,,0.0,0.0,0.0,,,,,,,,,,,
USC00043491,2020,4,30,,,0.0,0.0,0.0,,,,,,,,,,,
USC00043491,2020,4,31,,,-9999.0,-9999.0,-9999.0,,,,,,,,,,,
USC00043491,2020,4,4,,,0.0,0.0,0.0,,,,,,,,,,,
USC00043491,2020,4,5,,,592.0,0.0,0.0,,,,,,,,,,,
USC00043491,2020,4,6,,,442.0,76.0,25.0,,,,,,,,,,,
USC00043491,2020,4,7,,,36.0,0.0,0.0,,,,,,,,,,,
USC00043491,2020,4,8,,,3.0,0.0,0.0,,,,,,,,,,,
USC00043491,2020,4,9,,,8.0,0.0,0.0,,,,,,,,,,,
USC00043491,2020,5,1,,,0.0,0.0,0.0,,,,,,,,,,,
USC00043491,2020,5,10,,,0.0,0.0,0.0,,,,,,,,,,,
USC00043491,2020,5,11,,,0.0,0.0,0.0,,,,,,,,,,,
USC00043491,2020,5,12,,,79.0,0.0,0.0,,,,,,,,,,,
USC00043491,2020,5,13,,,28.0,0.0,0.0,,,,,,,,,,,
USC00043491,2020,5,14,,,30.0,0.0,0.0,,,,,,,,,,,
USC00043491,2020,5,15,,,0.0,0.0,0.0,,,,,,,,,,,
USC00043491,2020,5,16,,,0.0,0.0,0.0,,,,,,,,,,,
USC00043491,2020,5,17,,,104.0,0.0,0.0,,,,,,,,,,,
USC00043491,2020,5,18,,,551.0,0.0,0.0,,,,,,,,,,,
USC00043491,2020,5,19,,,234.0,0.0,0.0,,,,,,,,,,,
USC00043491,2020,5,2,,,0.0,0.0,0.0,,,,,,,,,,,
USC00043491,2020,5,20,,,48.0,0.0,0.0,,,,,,,,,,,
USC00043491,2020,5,21,,,0.0,0.0,0.0,,,,,,,,,,,
USC00043491,2020,5,22,,,0.0,0.0,0.0,,,,,,,,,,,
USC00043491,2020,5,23,,,0.0,0.0,0.0,,,,,,,,,,,
USC00043491,2020,5,24,,,0.0,0.0,0.0,,,,,,,,,,,
USC00043491,2020,5,25,,,0.0,0.0,0.0,,,,,,,,,,,
USC00043491,2020,5,26,,,0.0,0.0,0.0,,,,,,,,,,,
USC00043491,2020,5,27,,,0.0,0.0,0.0,,,,,,,,,,,
USC00043491,2020,5,28,,,0.0,0.0,0.0,,,,,,,,,,,
USC00043491,2020,5,29,,,0.0,0.0,0.0,,,,,,,,,,,
USC00043491,2020,5,3,,,0.0,0.0,0.0,,,,,,,,,,,
USC00043491,2020,5,30,,,64.0,0.0,0.0,,,,,,,,,,,
USC00043491,2020,5,31,,,61.0,0.0,0.0,,,,,,,,,,,
USC00043491,2020,5,4,,,0.0,0.0,0.0,,,,,,,,,,,
USC00043491,2020,5,5,,,0.0,0.0,0.0,,,,,,,,,,,
USC00043491,2020,5,6,,,0.0,0.0,0.0,,,,,,,,,,,
USC00043491,2020,5,7,,,0.0,0.0,0.0,,,,,,,,,,,
USC00043491,2020,5,8,,,0.0,0.0,0.0,,,,,,,,,,,
USC00043491,2020,5,9,,,0.0,0.0,0.0,,,,,,,,,,,
USC00043491,2020,6,1,,,0.0,,,,,,,,,,,,,
USC00043491,2020,6,10,,,0.0,,,,,,,,,,,,,
USC00043491,2020,6,11,,,0.0,,,,,,,,,,,,,
USC00043491,2020,6,12,,,0.0,,,,,,,,,,,,,
USC00043491,2020,6,13,,,0.0,,,,,,,,,,,,,
USC00043491,2020,6,14,,,0.0,,,,,,,,,,,,,
USC00043491,2020,6,15,,,0.0,,,,,,,,,,,,,
USC00043491,2020,6,16,,,0.0,,,,,,,,,,,,,
USC00043491,2020,6,17,,,0.0,,,,,,,,,,,,,
USC00043491,2020,6,18,,,0.0,,,,,,,,,,,,,
USC00043491,2020,6,19,,,0.0,,,,,,,,,,,,,
USC00043491,2020,6,2,,,0.0,,,,,,,,,,,,,
USC00043491,2020,6,20,,,0.0,,,,,,,,,,,,,
USC00043491,2020,6,21,,,0.0,,,,,,,,,,,,,
USC00043491,2020,6,22,,,0.0,,,,,,,,,,,,,
USC00043491,2020,6,23,,,0.0,,,,,,,,,,,,,
USC00043491,2020,6,24,,,0.0,,,,,,,,,,,,,
USC00043491,2020,6,25,,,0.0,,,,,,,,,,,,,
USC00043491,2020,6,26,,,0.0,,,,,,,,,,,,,
USC00043491,2020,6,27,,,0.0,,,,,,,,,,,,,
USC00043491,2020,6,28,,,0.0,,,,,,,,,,,,,
USC00043491,2020,6,29,,,-9999.0,,,,,,,,,,,,,
USC00043491,2020,6,3,,,0.0,,,,,,,,,,,,,
USC00043491,2020,6,30,,,-9999.0,,,,,,,,,,,,,
USC00043491,2020,6,31,,,-9999.0,,,,,,,,,,,,,
USC00043491,2020,6,4,,,0.0,,,,,,,,,,,,,
USC00043491,2020,6,5,,,0.0,,,,,,,,,,,,,
USC00043491,2020,6,6,,,0.0,,,,,,,,,,,,,
USC00043491,2020,6,7,,,0.0,,,,,,,,,,,,,
USC00043491,2020,6,8,,,0.0,,,,,,,,,,,,,
USC00043491,2020,6,9,,,0.0,,,,,,,,,,,,,
USC00043491,2020,7,1,,,0.0,,,,,,,,,,,,,
USC00043491,2020,7,10,,,0.0,,,,,,,,,,,,,
USC00043491,2020,7,11,,,0.0,,,,,,,,,,,,,
USC00043491,2020,7,12,,,0.0,,,,,,,,,,,,,
USC00043491,2020,7,13,,,0.0,,,,,,,,,,,,,
USC00043491,2020,7,14,,,0.0,,,,,,,,,,,,,
USC00043491,2020,7,15,,,0.0,,,,,,,,,,,,,
USC00043491,2020,7,16,,,0.0,,,,,,,,,,,,,
USC00043491,2020,7,17,,,0.0,,,,,,,,,,,,,
USC00043491,2020,7,18,,,0.0,,,,,,,,,,,,,
USC00043491,2020,7,19,,,0.0,,,,,,,,,,,,,
USC00043491,2020,7,2,,,0.0,,,,,,,,,,,,,
USC00043491,2020,7,20,,,0.0,,,,,,,,,,,,,
USC00043491,2020,7,21,,,0.0,,,,,,,,,,,,,
USC00043491,2020,7,22,,,0.0,,,,,,,,,,,,,
USC00043491,2020,7,23,,,0.0,,,,,,,,,,,,,
USC00043491,2020,7,24,,,0.0,,,,,,,,,,,,,
USC00043491,2020,7,25,,,0.0,,,,,,,,,,,,,
USC00043491,2020,7,26,,,0.0,,,,,,,,,,,,,
USC00043491,2020,7,27,,,0.0,,,,,,,,,,,,,
USC00043491,2020,7,28,,,0.0,,,,,,,,,,,,,
USC00043491,2020,7,29,,,0.0,,,,,,,,,,,,,
USC00043491,2020,7,3,,,0.0,,,,,,,,,,,,,
USC00043491,2020,7,30,,,0.0,,,,,,,,,,,,,
USC00043491,2020,7,31,,,0.0,,,,,,,,,,,,,
USC00043491,2020,7,4,,,0.0,,,,,,,,,,,,,
USC00043491,2020,7,5,,,0.0,,,,,,,,,,,,,
USC00043491,2020,7,6,,,0.0,,,,,,,,,,,,,
USC00043491,2020,7,7,,,0.0,,,,,,,,,,,,,
USC00043491,2020,7,8,,,0.0,,,,,,,,,,,,,
USC00043491,2020,7,9,,,0.0,,,,,,,,,,,,,
USC00043491,2020,8,1,,,0.0,0.0,0.0,,,,,,,,,,,
USC00043491,2020,8,10,,,0.0,0.0,0.0,,,,,,,,,,,
USC00043491,2020,8,11,,,0.0,0.0,0.0,,,,,,,,,,,
USC00043491,2020,8,12,,,0.0,0.0,0.0,,,,,,,,,,,
USC00043491,2020,8,13,,,0.0,0.0,0.0,,,,,,,,,,,
USC00043491,2020,8,14,,,0.0,0.0,0.0,,,,,,,,,,,
USC00043491,2020,8,15,,,0.0,0.0,0.0,,,,,,,,,,,
USC00043491,2020,8,16,,,0.0,0.0,0.0,,,,,,,,,,,
USC00043491,2020,8,17,,,0.0,0.0,0.0,,,,,,,,,,,
USC00043491,2020,8,18,,,0.0,0.0,0.0,,,,,,,,,,,
USC00043491,2020,8,19,,,0.0,0.0,0.0,,,,,,,,,,,
USC00043491,2020,8,2,,,0.0,0.0,0.0,,,,,,,,,,,
USC00043491,2020,8,20,,,0.0,0.0,0.0,,,,,,,,,,,
USC00043491,2020,8,21,,,0.0,0.0,0.0,,,,,,,,,,,
USC00043491,2020,8,22,,,0.0,0.0,0.0,,,,,,,,,,,
USC00043491,2020,8,23,,,0.0,0.0,0.0,,,,,,,,,,,
USC00043491,2020,8,24,,,0.0,0.0,0.0,,,,,,,,,,,
USC00043491,2020,8,25,,,0.0,0.0,0.0,,,,,,,,,,,
USC00043491,2020,8,26,,,0.0,0.0,0.0,,,,,,,,,,,
USC00043491,2020,8,27,,,0.0,0.0,0.0,,,,,,,,,,,
USC00043491,2020,8,28,,,0.0,0.0,0.0,,,,,,,,,,,
USC00043491,2020,8,29,,,0.0,0.0,0.0,,,,,,,,,,,
USC00043491,2020,8,3,,,0.0,0.0,0.0,,,,,,,,,,,
USC00043491,2020,8,30,,,0.0,0.0,0.0,,,,,,,,,,,
USC00043491,2020,8,31,,,0.0,0.0,0.0,,,,,,,,,,,
USC00043491,2020,8,4,,,0.0,0.0,0.0,,,,,,,,,,,
USC00043491,2020,8,5,,,0.0,0.0,0.0,,,,,,,,,,,
USC00043491,2020,8,6,,,0.0,0.0,0.0,,,,,,,,,,,
USC00043491,2020,8,7,,,0.0,0.0,0.0,,,,,,,,,,,
USC00043491,2020,8,8,,,0.0,0.0,0.0,,,,,,,,,,,
USC00043491,2020,8,9,,,0.0,0.0,0.0,,,,,,,,,,,
USC00043491,2020,9,1,,,0.0,0.0,0.0,,,,,,,,,,,
USC00043491,2020,9,10,,,0.0,0.0,0.0,,,,,,,,,,,
USC00043491,2020,9,11,,,0.0,0.0,0.0,,,,,,,,,,,
USC00043491,2020,9,12,,,0.0,0.0,0.0,,,,,,,,,,,
USC00043491,2020,9,13,,,0.0,0.0,0.0,,,,,,,,,,,
USC00043491,2020,9,14,,,0.0,0.0,0.0,,,,,,,,,,,
USC00043491,2020,9,15,,,0.0,0.0,0.0,,,,,,,,,,,
USC00043491,2020,9,16,,,0.0,0.0,0.0,,,,,,,,,,,
USC00043491,2020,9,17,,,0.0,0.0,0.0,,,,,,,,,,,
USC00043491,2020,9,18,,,0.0,0.0,0.0,,,,,,,,,,,
USC00043491,2020,9,19,,,0.0,0.0,0.0,,,,,,,,,,,
USC00043491,2020,9,2,,,0.0,0.0,0.0,,,,,,,,,,,
USC00043491,2020,9,20,,,0.0,0.0,0.0,,,,,,,,,,,
USC00043491,2020,9,21,,,0.0,0.0,0.0,,,,,,,,,,,
USC00043491,2020,9,22,,,0.0,0.0,0.0,,,,,,,,,,,
USC00043491,2020,9,23,,,0.0,0.0,0.0,,,,,,,,,,,
USC00043491,2020,9,24,,,0.0,0.0,0.0,,,,,,,,,,,
USC00043491,2020,9,25,,,0.0,0.0,0.0,,,,,,,,,,,
USC00043491,2020,9,26,,,0.0,0.0,0.0,,,,,,,,,,,
USC00043491,2020,9,27,,,0.0,0.0,0.0,,,,,,,,,,,
USC00043491,2020,9,28,,,0.0,0.0,0.0,,,,,,,,,,,
USC00043491,2020,9,29,,,0.0,0.0,0.0,,,,,,,,,,,
USC00043491,2020,9,3,,,0.0,0.0,0.0,,,,,,,,,,,
USC00043491,2020,9,30,,,0.0,0.0,0.0,,,,,,,,,,,
USC00043491,2020,9,31,,,-9999.0,-9999.0,-9999.0,,,,,,,,,,,
USC00043491,2020,9,4,,,0.0,0.0,0.0,,,,,,,,,,,
USC00043491,2020,9,5,,,0.0,0.0,0.0,,,,,,,,,,,
USC00043491,2020,9,6,,,0.0,0.0,0.0,,,,,,,,,,,
USC00043491,2020,9,7,,,0.0,0.0,0.0,,,,,,,,,,,
USC00043491,2020,9,8,,,0.0,0.0,0.0,,,,,,,,,,,
USC00043491,2020,9,9,,,0.0,0.0,0.0,,,,,,,,,,,
USC00043491,2020,10,1,,,-9999.0,,,,,,,,,,,,,
USC00043491,2020,10,10,,,0.0,,,,,,,,,,,,,
USC00043491,2020,10,11,,,0.0,,,,,,,,,,,,,
USC00043491,2020,10,12,,,-9999.0,,,,,,,,,,,,,
USC00043491,2020,10,13,,,0.0,,,,,,,,,,,,,
USC00043491,2020,10,14,,,0.0,,,,,,,,,,,,,
USC00043491,2020,10,15,,,0.0,,,,,,,,,,,,,
USC00043491,2020,10,16,,,0.0,,,,,,,,,,,,,
USC00043491,2020,10,17,,,0.0,,,,,,,,,,,,,
USC00043491,2020,10,18,,,0.0,,,,,,,,,,,,,
USC00043491,2020,10,19,,,0.0,,,,,,,,,,,,,
USC00043491,2020,10,2,,,-9999.0,,,,,,,,,,,,,
USC00043491,2020,10,20,,,0.0,,,,,,,,,,,,,
USC00043491,2020,10,21,,,0.0,,,,,,,,,,,,,
USC00043491,2020,10,22,,,0.0,,,,,,,,,,,,,
USC00043491,2020,10,23,,,0.0,,,,,,,,,,,,,
USC00043491,2020,10,24,,,0.0,,,,,,,,,,,,,
USC00043491,2020,10,25,,,0.0,,,,,,,,,,,,,
USC00043491,2020,10,26,,,0.0,,,,,,,,,,,,,
USC00043491,2020,10,27,,,0.0,,,,,,,,,,,,,
USC00043491,2020,10,28,,,0.0,,,,,,,,,,,,,
USC00043491,2020,10,29,,,0.0,,,,,,,,,,,,,
USC00043491,2020,10,3,,,0.0,,,,,,,,,,,,,
USC00043491,2020,10,30,,,0.0,,,,,,,,,,,,,
USC00043491,2020,10,31,,,0.0,,,,,,,,,,,,,
USC00043491,2020,10,4,,,0.0,,,,,,,,,,,,,
USC00043491,2020,10,5,,,0.0,,,,,,,,,,,,,
USC00043491,2020,10,6,,,0.0,,,,,,,,,,,,,
USC00043491,2020,10,7,,,0.0,,,,,,,,,,,,,
USC00043491,2020,10,8,,,0.0,,,,,,,,,,,,,
USC00043491,2020,10,9,,,0.0,,,,,,,,,,,,,
USC00043491,2020,11,1,,,0.0,,,,,,,,,,,,,
USC00043491,2020,11,10,,,0.0,,,,,,,,,,,,,
USC00043491,2020,11,11,,,0.0,,,,,,,,,,,,,
USC00043491,2020,11,12,,,0.0,,,,,,,,,,,,,
USC00043491,2020,11,13,,,-9999.0,,,,,,,,,,,,,
USC00043491,2020,11,14,,,-9999.0,,,,,,,,,,,,,
USC00043491,2020,11,15,,,-9999.0,,,,,,,,,,,,,
USC00043491,2020,11,16,,,-9999.0,,,,,,,,,,,,,
USC00043491,2020,11,17,,,-9999.0,,,,,,,,,,,,,
USC00043491,2020,11,18,,,-9999.0,,,,,,,,,,,,,
USC00043491,2020,11,19,,,-9999.0,,,,,,,,,,,,,
USC00043491,2020,11,2,,,0.0,,,,,,,,,,,,,
USC00043491,2020,11,20,,,-9999.0,,,,,,,,,,,,,
USC00043491,2020,11,21,,,-9999.0,,,,,,,,,,,,,
USC00043491,2020,11,22,,,-9999.0,,,,,,,,,,,,,
USC00043491,2020,11,23,,,-9999.0,,,,,,,,,,,,,
USC00043491,2020,11,24,,,-9999.0,,,,,,,,,,,,,
USC00043491,2020,11,25,,,-9999.0,,,,,,,,,,,,,
USC00043491,2020,11,26,,,-9999.0,,,,,,,,,,,,,
USC00043491,2020,11,27,,,-9999.0,,,,,,,,,,,,,
USC00043491,2020,11,28,,,-9999.0,,,,,,,,,,,,,
USC00043491,2020,11,29,,,-9999.0,,,,,,,,,,,,,
USC00043491,2020,11,3,,,0.0,,,,,,,,,,,,,
USC00043491,2020,11,30,,,-9999.0,,,,,,,,,,,,,
USC00043491,2020,11,31,,,-9999.0,,,,,,,,,,,,,
USC00043491,2020,11,4,,,0.0,,,,,,,,,,,,,
USC00043491,2020,11,5,,,0.0,,,,,,,,,,,,,
USC00043491,2020,11,6,,,0.0,,,,,,,,,,,,,
USC00043491,2020,11,7,,,122.0,,,,,,,,,,,,,
USC00043491,2020,11,8,,,0.0,,,,,,,,,,,,,
USC00043491,2020,11,9,,,0.0,,,,,,,,,,,,,
